time,city,temperature_2m (°C),relativehumidity_2m (%),dewpoint_2m (°C),apparent_temperature (°C),pressure_msl (hPa),surface_pressure (hPa),snowfall (cm),cloudcover (%),cloudcover_low (%),cloudcover_mid (%),cloudcover_high (%),shortwave_radiation (W/m²),direct_radiation (W/m²),diffuse_radiation (W/m²),direct_normal_irradiance (W/m²),windspeed_10m (km/h),windspeed_100m (km/h),winddirection_10m (°),winddirection_100m (°),windgusts_10m (km/h),et0_fao_evapotranspiration (mm),vapor_pressure_deficit (kPa),soil_temperature_0_to_7cm (°C),soil_temperature_7_to_28cm (°C),soil_temperature_28_to_100cm (°C),soil_temperature_100_to_255cm (°C),soil_moisture_0_to_7cm (m³/m³),soil_moisture_7_to_28cm (m³/m³),soil_moisture_28_to_100cm (m³/m³),soil_moisture_100_to_255cm (m³/m³)
2021-08-02,su,28.129166666666666,65.16666666666667,20.587500000000002,33.25,1011.025,1013.3249999999999,0.0,13.625,8.0,9.291666666666666,2.6666666666666665,240.625,195.66666666666666,44.958333333333336,291.09166666666664,4.633333333333334,6.875,136.625,135.125,12.691666666666668,0.18541666666666667,1.4233333333333331,31.445833333333336,30.625,29.233333333333334,28.600000000000005,0.0565,0.0775,0.1125,0.234
2021-08-03,su,28.108333333333334,69.0,21.55,33.53333333333333,1012.0916666666667,1014.3916666666668,0.0,20.5,5.833333333333333,19.25,12.458333333333334,231.54166666666666,180.5,51.041666666666664,267.2916666666667,6.0249999999999995,8.579166666666667,151.875,150.08333333333334,14.808333333333332,0.18000000000000002,1.2708333333333333,30.9375,30.59166666666667,29.333333333333332,28.600000000000005,0.06095833333333334,0.07604166666666666,0.11158333333333333,0.23329166666666667
2021-08-04,su,28.104166666666668,70.08333333333333,21.745833333333334,33.483333333333334,1012.35,1014.6500000000001,0.0,16.666666666666668,6.25,6.541666666666667,23.416666666666668,241.83333333333334,196.83333333333334,45.0,296.18333333333334,9.112499999999999,13.325000000000001,134.25,130.91666666666666,18.287499999999998,0.19708333333333336,1.235,31.03333333333333,30.558333333333334,29.416666666666668,28.6875,0.05954166666666666,0.07454166666666666,0.11091666666666666,0.233
2021-08-05,su,27.775000000000002,70.5,21.379166666666666,33.458333333333336,1012.6791666666667,1014.9791666666666,0.0,21.75,2.9166666666666665,5.166666666666667,53.333333333333336,256.7916666666667,214.41666666666666,42.375,318.20416666666665,8.612499999999999,13.025,134.66666666666666,128.91666666666666,18.341666666666665,0.20666666666666667,1.2254166666666666,30.837500000000002,30.4875,29.5,28.7,0.058499999999999996,0.0735,0.110375,0.23245833333333335
2021-08-06,su,27.65833333333333,71.625,21.604166666666668,33.237500000000004,1012.2791666666667,1014.5791666666668,0.0,28.708333333333332,2.125,2.25,84.83333333333333,252.75,205.16666666666666,47.583333333333336,303.7583333333333,10.966666666666667,16.391666666666666,118.79166666666667,112.29166666666667,21.53333333333333,0.20791666666666667,1.17625,30.654166666666665,30.400000000000002,29.516666666666666,28.7,0.05775,0.07241666666666667,0.10945833333333332,0.232
2021-08-07,su,27.891666666666666,73.58333333333333,22.420833333333334,33.47083333333333,1012.2375000000001,1014.5375,0.0,34.333333333333336,13.375,11.5,51.625,236.41666666666666,185.04166666666666,51.375,279.25,11.966666666666667,17.645833333333332,112.83333333333333,109.08333333333333,23.204166666666666,0.19499999999999998,1.0762500000000002,30.65833333333333,30.40416666666667,29.600000000000005,28.7,0.057958333333333334,0.071375,0.10854166666666666,0.231625
2021-08-08,su,28.025000000000002,74.25,22.712500000000002,33.645833333333336,1011.9875000000001,1014.2875,0.0,31.041666666666668,13.666666666666666,18.791666666666668,24.708333333333332,239.29166666666666,191.83333333333334,47.458333333333336,285.0625,12.9375,18.870833333333334,108.45833333333333,106.20833333333333,24.59166666666667,0.19291666666666665,1.0554166666666667,30.59166666666667,30.383333333333336,29.600000000000005,28.7,0.06383333333333334,0.07045833333333333,0.108,0.231
2021-08-09,su,27.541666666666668,75.41666666666667,22.566666666666666,33.550000000000004,1011.1458333333334,1013.4458333333333,0.0,43.083333333333336,12.875,22.833333333333332,59.25,233.75,182.08333333333334,51.666666666666664,270.5833333333333,11.154166666666667,15.887500000000001,118.875,117.41666666666667,21.84166666666667,0.18791666666666665,0.97125,30.125,30.150000000000002,29.600000000000005,28.7,0.07529166666666666,0.06954166666666667,0.1075,0.231
2021-08-10,su,27.78333333333333,70.0,21.308333333333334,33.233333333333334,1011.1916666666666,1013.4916666666667,0.0,12.625,5.333333333333333,7.625,10.75,249.58333333333334,204.79166666666666,44.791666666666664,303.825,8.924999999999999,12.708333333333334,130.625,128.08333333333334,19.425,0.20333333333333334,1.2375,30.50833333333333,30.1375,29.600000000000005,28.775000000000002,0.0715,0.068625,0.10662500000000001,0.23033333333333336
2021-08-11,su,27.22083333333333,64.5,19.258333333333333,31.474999999999998,1011.9833333333332,1014.2833333333333,0.0,7.083333333333333,0.4166666666666667,0.25,21.708333333333332,275.6666666666667,234.41666666666666,41.25,346.83750000000003,9.612499999999999,14.225000000000001,140.66666666666666,137.66666666666666,20.287499999999998,0.22375,1.4279166666666667,30.258333333333336,30.125,29.600000000000005,28.8,0.06645833333333334,0.068,0.10625,0.23
2021-08-12,su,27.03333333333333,71.08333333333333,20.745833333333334,32.354166666666664,1012.2958333333332,1014.5958333333333,0.0,27.458333333333332,0.2916666666666667,29.083333333333332,32.5,244.75,198.41666666666666,46.333333333333336,281.425,8.299999999999999,11.887500000000001,145.79166666666666,144.375,18.404166666666665,0.19708333333333336,1.185,30.3625,30.1125,29.600000000000005,28.8,0.07154166666666667,0.06733333333333334,0.10541666666666666,0.2295
2021-08-13,su,28.15416666666667,71.625,22.05,33.96666666666667,1011.0083333333333,1013.3083333333334,0.0,22.5,3.125,12.625,40.291666666666664,266.5,223.95833333333334,42.541666666666664,326.675,5.033333333333333,7.241666666666667,131.08333333333334,127.66666666666667,12.775,0.2020833333333333,1.20125,30.570833333333336,30.15833333333333,29.600000000000005,28.8,0.10629166666666667,0.06654166666666667,0.10454166666666666,0.229
2021-08-14,su,27.820833333333336,70.20833333333333,21.3625,33.30833333333333,1010.0500000000001,1012.35,0.0,4.25,1.6666666666666667,0.9166666666666666,6.875,261.6666666666667,215.41666666666666,46.25,318.6083333333333,9.420833333333333,13.987499999999999,132.0,127.91666666666667,19.8125,0.21166666666666667,1.2395833333333333,30.05,30.1125,29.600000000000005,28.8,0.09795833333333333,0.066,0.104,0.22883333333333333
2021-08-15,su,28.058333333333334,68.66666666666667,21.095833333333335,33.38333333333333,1011.1541666666667,1013.4541666666668,0.0,7.791666666666667,4.666666666666667,1.4583333333333333,8.625,273.375,231.33333333333334,42.041666666666664,336.59999999999997,11.262500000000001,16.870833333333334,119.95833333333333,114.04166666666667,22.391666666666666,0.22375,1.32,30.433333333333334,30.104166666666668,29.600000000000005,28.8,0.08616666666666667,0.06545833333333334,0.10345833333333332,0.228
2021-08-16,su,28.116666666666664,66.83333333333333,20.845833333333335,33.0625,1012.225,1014.525,0.0,10.583333333333334,3.3333333333333335,5.0,15.125,270.375,228.08333333333334,42.291666666666664,331.6333333333333,10.345833333333333,15.191666666666668,125.375,122.25,20.025,0.21958333333333332,1.3770833333333332,30.9375,30.337500000000002,29.625,28.84166666666667,0.076375,0.065,0.10254166666666666,0.228
2021-08-17,su,28.445833333333336,63.666666666666664,20.104166666666668,33.65,1011.3041666666667,1013.6041666666666,0.0,9.166666666666666,1.2083333333333333,1.4583333333333333,24.125,271.7083333333333,228.16666666666666,43.541666666666664,328.96666666666664,6.7875000000000005,10.183333333333334,130.625,129.25,14.420833333333334,0.21833333333333335,1.57125,31.608333333333334,30.641666666666666,29.7,28.899999999999995,0.069125,0.06441666666666666,0.10158333333333334,0.22733333333333336
2021-08-18,su,28.316666666666666,66.95833333333333,21.183333333333334,33.375,1009.8583333333332,1012.1583333333333,0.0,29.291666666666668,6.458333333333333,14.583333333333334,48.916666666666664,244.58333333333334,192.625,51.958333333333336,276.65416666666664,7.8625,11.200000000000001,130.66666666666666,125.75,16.254166666666666,0.19625,1.3683333333333334,31.354166666666668,30.916666666666668,29.724999999999998,28.899999999999995,0.06504166666666666,0.064,0.10100000000000002,0.227
2021-08-19,su,28.141666666666666,66.33333333333333,20.912499999999998,33.56666666666667,1009.7916666666666,1012.0916666666667,0.0,58.541666666666664,19.0,20.416666666666668,96.875,215.625,152.75,62.875,211.47916666666666,3.5208333333333335,4.533333333333333,155.83333333333334,155.54166666666666,11.929166666666667,0.16708333333333333,1.3645833333333333,31.224999999999998,30.9375,29.8,28.899999999999995,0.06708333333333334,0.06341666666666666,0.10045833333333333,0.2265
2021-08-20,su,28.212500000000002,65.125,20.654166666666665,33.15,1010.5666666666666,1012.8666666666667,0.0,51.5,15.833333333333334,16.125,91.45833333333333,232.70833333333334,157.58333333333334,75.125,217.27916666666667,5.5874999999999995,7.720833333333334,131.54166666666666,131.41666666666666,14.137500000000001,0.18833333333333332,1.43,30.641666666666666,30.59583333333333,29.8,28.899999999999995,0.08120833333333334,0.063,0.10000000000000002,0.226
2021-08-21,su,28.400000000000002,66.29166666666667,21.0625,33.99166666666667,1010.9375,1013.2375000000001,0.0,41.75,12.541666666666666,16.75,68.0,256.7916666666667,208.54166666666666,48.25,299.25416666666666,4.920833333333333,6.625,131.5,131.45833333333334,12.683333333333332,0.19875,1.4133333333333333,31.454166666666666,30.724999999999998,29.837500000000002,28.899999999999995,0.07629166666666666,0.063,0.09941666666666667,0.22583333333333333
2021-08-22,su,28.420833333333334,64.875,20.645833333333332,33.44583333333333,1010.6875,1012.9875000000001,0.0,30.625,6.208333333333333,7.375,68.75,263.0,212.04166666666666,50.958333333333336,304.20416666666665,6.05,8.529166666666667,129.41666666666666,128.16666666666666,14.583333333333334,0.20666666666666667,1.4841666666666666,31.47083333333333,30.929166666666664,29.899999999999995,28.9375,0.07391666666666667,0.06241666666666667,0.09854166666666668,0.225
2021-08-23,su,28.204166666666666,61.583333333333336,19.308333333333334,32.56666666666667,1010.6791666666667,1012.9791666666666,0.0,29.625,1.9583333333333333,3.0833333333333335,86.375,268.125,208.375,59.75,293.9291666666667,6.645833333333333,9.987499999999999,137.375,135.375,14.929166666666667,0.2141666666666667,1.63,31.295833333333334,30.90416666666667,29.912499999999998,29.0,0.07154166666666667,0.062,0.09766666666666668,0.225
2021-08-24,su,27.65833333333333,63.083333333333336,19.266666666666666,32.641666666666666,1010.7375000000001,1013.0375,0.0,24.583333333333332,0.6666666666666666,0.041666666666666664,79.41666666666667,271.3333333333333,217.0,54.333333333333336,307.5625,5.020833333333333,7.5249999999999995,140.79166666666666,138.41666666666666,13.945833333333333,0.21,1.5329166666666667,31.320833333333336,30.90416666666667,29.991666666666664,29.0,0.06591666666666667,0.062,0.09729166666666667,0.224375
2021-08-25,su,28.099999999999998,60.583333333333336,19.0125,32.5625,1010.3125,1012.6125000000001,0.0,7.708333333333333,0.375,0.6666666666666666,23.166666666666668,282.9583333333333,239.70833333333334,43.25,342.70416666666665,6.904166666666666,10.091666666666667,142.33333333333334,140.625,15.170833333333334,0.22666666666666668,1.6666666666666667,31.620833333333334,31.0,30.0,29.0,0.06175,0.0615,0.09645833333333333,0.224
2021-08-26,su,27.77916666666667,56.458333333333336,17.295833333333334,31.55,1009.6374999999999,1011.9375,0.0,13.416666666666666,0.08333333333333333,0.0,44.291666666666664,287.9166666666667,243.75,44.166666666666664,348.1458333333333,7.258333333333334,10.945833333333333,135.875,133.25,16.595833333333335,0.23166666666666666,1.8116666666666665,31.40833333333333,31.058333333333334,30.016666666666666,29.0,0.05925,0.061,0.09549999999999999,0.22345833333333334
2021-08-27,su,27.875,58.875,17.983333333333334,32.34583333333333,1009.8333333333334,1012.1333333333333,0.0,15.333333333333334,0.08333333333333333,13.833333333333334,23.25,282.5,237.58333333333334,44.916666666666664,337.575,5.808333333333334,8.545833333333333,152.0,151.29166666666666,13.708333333333334,0.22291666666666665,1.77125,31.733333333333334,31.03333333333333,30.100000000000005,29.0,0.05758333333333334,0.061,0.09458333333333334,0.223
2021-08-28,su,28.520833333333332,61.166666666666664,19.808333333333334,32.86666666666667,1009.1999999999999,1011.5,0.0,28.375,2.6666666666666665,25.833333333333332,34.833333333333336,268.9166666666667,214.08333333333334,54.833333333333336,299.625,9.141666666666667,12.816666666666668,127.625,127.33333333333333,17.495833333333334,0.22541666666666668,1.6287500000000001,32.37916666666667,31.483333333333334,30.108333333333334,29.09166666666667,0.057,0.061,0.09400000000000001,0.22254166666666667
2021-08-29,su,29.087500000000002,62.416666666666664,20.454166666666666,33.604166666666664,1009.0458333333332,1011.3458333333333,0.0,27.083333333333332,5.291666666666667,25.958333333333332,22.333333333333332,272.0416666666667,221.04166666666666,51.0,314.25,9.116666666666667,13.408333333333333,134.58333333333334,132.0,19.220833333333335,0.23124999999999998,1.6641666666666666,32.525,31.641666666666666,30.2,29.100000000000005,0.057791666666666665,0.06066666666666667,0.09341666666666666,0.222
2021-08-30,su,28.929166666666664,63.791666666666664,20.879166666666666,33.670833333333334,1009.5791666666668,1011.8791666666666,0.0,31.625,5.291666666666667,8.875,71.54166666666667,262.75,206.83333333333334,55.916666666666664,286.8958333333333,9.483333333333333,13.608333333333334,123.83333333333333,122.04166666666667,18.316666666666666,0.2225,1.5608333333333333,32.59166666666667,31.837500000000002,30.241666666666664,29.100000000000005,0.057041666666666664,0.06,0.09254166666666667,0.22166666666666668
2021-08-31,su,29.02916666666667,63.25,20.604166666666668,33.6625,1010.2375000000001,1012.5375,0.0,9.416666666666666,1.9166666666666667,1.9583333333333333,21.833333333333332,286.0,242.66666666666666,43.333333333333336,342.25,8.4875,12.320833333333333,120.70833333333333,118.29166666666667,17.175,0.23625,1.6229166666666666,32.862500000000004,31.97083333333333,30.320833333333336,29.100000000000005,0.057541666666666665,0.06,0.09200000000000001,0.221
2021-09-01,su,28.879166666666666,64.33333333333333,20.849999999999998,33.85,1010.3583333333332,1012.6583333333333,0.0,15.625,6.708333333333333,2.5416666666666665,26.75,278.875,231.16666666666666,47.708333333333336,322.625,6.820833333333333,10.054166666666667,109.58333333333333,107.5,15.829166666666666,0.22458333333333333,1.5625,32.92916666666667,32.02916666666667,30.399999999999995,29.120833333333334,0.057,0.06,0.09141666666666666,0.221
2021-09-02,su,29.004166666666666,54.208333333333336,17.900000000000002,32.541666666666664,1010.5958333333333,1012.8958333333334,0.0,25.791666666666668,5.083333333333333,3.0833333333333335,64.45833333333333,286.1666666666667,233.375,52.791666666666664,325.40416666666664,7.191666666666666,10.516666666666667,142.54166666666666,141.58333333333334,15.904166666666667,0.23541666666666664,1.985,32.987500000000004,32.237500000000004,30.495833333333334,29.2,0.057,0.06,0.09054166666666667,0.22004166666666666
2021-09-03,su,28.316666666666666,59.583333333333336,19.004166666666666,32.583333333333336,1009.9250000000001,1012.225,0.0,26.791666666666668,1.0833333333333333,1.5833333333333333,82.95833333333333,264.6666666666667,198.08333333333334,66.58333333333333,261.5,6.333333333333333,8.970833333333333,144.79166666666666,143.875,15.004166666666665,0.21458333333333335,1.7204166666666667,31.891666666666666,31.895833333333332,30.525000000000002,29.2,0.0565,0.06,0.09000000000000001,0.22
2021-09-04,su,28.616666666666664,58.875,19.208333333333332,33.0,1010.2916666666666,1012.5916666666667,0.0,20.416666666666668,1.2083333333333333,6.5,50.916666666666664,265.9583333333333,213.83333333333334,52.125,292.6083333333333,6.004166666666666,8.470833333333333,139.83333333333334,140.91666666666666,14.508333333333333,0.21458333333333335,1.745,32.38333333333333,31.820833333333336,30.600000000000005,29.2,0.05725,0.06,0.08941666666666666,0.219375
2021-09-05,su,28.679166666666664,62.375,20.408333333333335,33.00833333333333,1010.6875,1012.9875000000001,0.0,55.5,2.2083333333333335,41.916666666666664,94.20833333333333,228.25,139.0,89.25,190.70416666666665,6.845833333333334,9.700000000000001,137.75,137.54166666666666,14.495833333333332,0.19083333333333333,1.5670833333333334,32.21666666666666,31.84166666666667,30.600000000000005,29.204166666666666,0.058958333333333335,0.06,0.08875,0.219
2021-09-06,su,28.75,64.41666666666667,20.945833333333333,33.604166666666664,1011.0749999999999,1013.375,0.0,36.791666666666664,2.1666666666666665,36.458333333333336,43.5,247.45833333333334,187.625,59.833333333333336,256.4291666666667,8.0625,11.333333333333334,123.45833333333333,120.45833333333333,17.304166666666667,0.20583333333333334,1.5062499999999999,32.625,31.933333333333334,30.629166666666666,29.3,0.05825,0.06,0.08841666666666666,0.21858333333333335
2021-09-07,su,28.90416666666667,65.08333333333333,21.0625,34.229166666666664,1010.9375,1013.2375000000001,0.0,28.041666666666668,9.041666666666666,16.583333333333332,32.875,261.5,210.625,50.875,293.3958333333333,5.9875,8.5625,137.91666666666666,135.20833333333334,14.8125,0.2125,1.5308333333333335,32.979166666666664,32.06666666666667,30.7,29.3,0.057625,0.06,0.08758333333333333,0.218
2021-09-08,su,28.7625,62.875,20.525000000000002,33.204166666666666,1010.2791666666667,1012.5791666666668,0.0,38.083333333333336,6.166666666666667,17.916666666666668,72.70833333333333,264.2083333333333,210.625,53.583333333333336,293.40000000000003,9.075000000000001,12.274999999999999,135.83333333333334,135.20833333333334,17.724999999999998,0.22208333333333333,1.5745833333333332,32.699999999999996,32.233333333333334,30.72083333333333,29.3,0.05720833333333333,0.06,0.08708333333333333,0.218
2021-09-09,su,28.4875,60.666666666666664,19.208333333333332,32.425000000000004,1011.0,1013.3000000000001,0.0,29.708333333333332,1.125,3.0416666666666665,89.16666666666667,294.9166666666667,249.54166666666666,45.375,346.4291666666666,9.05,12.629166666666668,144.25,142.70833333333334,18.929166666666667,0.24416666666666667,1.7079166666666667,32.42916666666667,32.02916666666667,30.8,29.308333333333334,0.058416666666666665,0.059625000000000004,0.08658333333333333,0.217
2021-09-10,su,29.2,61.25,20.1875,33.791666666666664,1010.875,1013.1750000000001,0.0,22.541666666666668,0.25,9.666666666666666,54.666666666666664,287.2916666666667,239.70833333333334,47.583333333333336,325.9583333333333,7.970833333333334,11.204166666666666,139.91666666666666,138.54166666666666,16.566666666666666,0.2383333333333333,1.7462499999999999,33.19583333333333,32.1625,30.8,29.399999999999995,0.057041666666666664,0.059,0.08600000000000001,0.217
2021-09-11,su,28.866666666666664,66.20833333333333,21.587500000000002,33.49166666666667,1010.2958333333332,1012.5958333333333,0.0,63.083333333333336,8.875,52.916666666666664,77.75,221.58333333333334,163.83333333333334,57.75,210.84166666666667,7.6375,10.370833333333334,112.5,112.79166666666667,17.016666666666666,0.18458333333333332,1.4216666666666666,32.670833333333334,32.44583333333333,30.854166666666668,29.399999999999995,0.057458333333333333,0.059,0.08554166666666667,0.21641666666666667
2021-09-12,su,26.895833333333332,79.66666666666667,22.979166666666668,33.09583333333333,1009.8791666666666,1012.1791666666667,0.0,79.04166666666667,10.041666666666666,74.66666666666667,83.58333333333333,125.25,37.25,88.0,54.37083333333334,7.8,11.304166666666667,121.33333333333333,120.25,17.283333333333335,0.11083333333333334,0.74375,28.691666666666666,31.020833333333332,30.8875,29.399999999999995,0.12175000000000001,0.0595,0.08545833333333334,0.216
2021-09-13,su,27.333333333333332,78.0,23.016666666666666,33.46666666666667,1010.5,1012.8000000000001,0.0,53.791666666666664,15.416666666666666,43.166666666666664,46.375,193.58333333333334,107.66666666666667,85.91666666666667,148.90833333333333,8.504166666666666,12.633333333333333,117.83333333333333,113.08333333333333,20.383333333333333,0.15416666666666667,0.8379166666666666,29.066666666666666,29.6875,30.75,29.416666666666668,0.15612499999999999,0.060625000000000005,0.085625,0.216
2021-09-14,su,27.037499999999998,81.125,23.40833333333333,33.3625,1011.7208333333333,1014.0208333333334,0.0,67.125,25.458333333333332,45.333333333333336,70.33333333333333,208.70833333333334,131.5,77.20833333333333,178.75,5.920833333333333,7.845833333333334,127.54166666666667,125.79166666666667,15.770833333333334,0.15791666666666668,0.7129166666666666,29.349999999999998,29.633333333333336,30.625,29.5,0.20133333333333334,0.06704166666666667,0.08566666666666667,0.216
2021-09-15,su,27.304166666666664,76.54166666666667,22.52916666666667,33.59583333333333,1011.8375,1014.1374999999999,0.0,36.625,9.625,5.0,83.04166666666667,271.0833333333333,214.0,57.083333333333336,288.62916666666666,6.9875,9.941666666666666,127.20833333333333,123.41666666666667,13.700000000000001,0.20458333333333334,0.9420833333333333,29.599999999999998,29.537499999999998,30.454166666666666,29.5,0.21458333333333335,0.10020833333333333,0.0855,0.21508333333333332
2021-09-16,su,27.995833333333334,72.625,22.325,34.675000000000004,1010.8375,1013.1374999999999,0.0,27.541666666666668,2.8333333333333335,3.9166666666666665,75.29166666666667,272.9166666666667,218.125,54.791666666666664,293.37916666666666,4.3625,6.466666666666666,132.16666666666666,126.91666666666667,11.708333333333334,0.20791666666666667,1.11625,30.162499999999998,29.900000000000002,30.337500000000002,29.5,0.17358333333333334,0.103875,0.085,0.215
2021-09-17,su,28.1375,71.83333333333333,22.191666666666666,33.891666666666666,1009.9375,1012.2375000000001,0.0,28.083333333333332,2.0,0.375,86.41666666666667,252.20833333333334,154.08333333333334,98.125,200.89583333333334,7.429166666666667,11.112499999999999,135.66666666666666,131.125,15.7125,0.20291666666666666,1.1679166666666667,30.108333333333334,30.133333333333336,30.3,29.5,0.14991666666666667,0.10208333333333335,0.085,0.215
2021-09-18,su,28.495833333333334,67.75,21.245833333333334,33.887499999999996,1010.4250000000001,1012.725,0.0,16.375,0.875,2.5416666666666665,46.75,304.4583333333333,260.6666666666667,43.791666666666664,358.21250000000003,9.658333333333333,14.133333333333333,137.66666666666666,135.625,18.754166666666666,0.24791666666666667,1.3970833333333335,30.78333333333333,30.416666666666668,30.258333333333336,29.5,0.12762500000000002,0.09904166666666668,0.085,0.21441666666666667
2021-09-19,su,28.254166666666666,65.33333333333333,20.308333333333334,33.62916666666667,1010.8625000000001,1013.1625,0.0,13.75,0.4166666666666667,3.1666666666666665,37.916666666666664,300.125,252.83333333333334,47.291666666666664,345.7583333333334,8.291666666666666,12.237499999999999,138.95833333333334,137.29166666666666,17.083333333333332,0.24083333333333334,1.4945833333333332,30.833333333333332,30.633333333333336,30.254166666666666,29.5,0.1075,0.09549999999999999,0.084625,0.214
2021-09-20,su,28.254166666666666,64.08333333333333,19.983333333333334,33.35,1010.5749999999999,1012.875,0.0,24.75,0.4166666666666667,19.125,42.583333333333336,298.9583333333333,252.5,46.458333333333336,345.07916666666665,8.525,12.262500000000001,128.91666666666666,127.70833333333333,18.741666666666667,0.24625,1.5658333333333332,31.075,30.629166666666666,30.254166666666666,29.558333333333334,0.09320833333333334,0.09204166666666667,0.08429166666666667,0.214
2021-09-21,su,27.75,73.33333333333333,22.3625,33.675000000000004,1010.3833333333333,1012.6833333333334,0.0,49.291666666666664,4.75,37.583333333333336,75.0,229.41666666666666,153.625,75.79166666666667,195.13750000000002,5.604166666666667,8.370833333333334,130.04166666666666,128.58333333333334,15.408333333333333,0.17833333333333334,1.0479166666666666,29.979166666666668,30.570833333333336,30.3,29.600000000000005,0.16825,0.09045833333333332,0.084,0.21333333333333335
2021-09-22,su,27.6375,72.04166666666667,21.912499999999998,33.449999999999996,1010.6458333333334,1012.9458333333333,0.0,35.333333333333336,6.916666666666667,15.166666666666666,66.41666666666667,242.0,169.29166666666666,72.70833333333333,227.76250000000002,9.754166666666666,14.8125,126.83333333333333,121.70833333333333,20.204166666666666,0.20166666666666666,1.0879166666666666,29.566666666666666,29.879166666666666,30.22083333333333,29.600000000000005,0.161625,0.09058333333333334,0.084,0.213
2021-09-23,su,27.366666666666664,77.91666666666667,23.0,33.395833333333336,1010.8958333333334,1013.1958333333333,0.0,49.708333333333336,6.833333333333333,27.25,90.5,178.41666666666666,99.95833333333333,78.45833333333333,142.4375,10.487499999999999,15.5875,113.79166666666667,110.04166666666667,22.537499999999998,0.15541666666666668,0.8529166666666667,28.84583333333333,29.45,30.141666666666666,29.600000000000005,0.15133333333333332,0.09041666666666666,0.084,0.213
2021-09-24,su,27.308333333333334,76.45833333333333,22.629166666666666,33.74583333333333,1010.5541666666667,1012.8541666666666,0.0,66.875,11.041666666666666,49.208333333333336,91.25,199.41666666666666,118.375,81.04166666666667,164.5625,7.629166666666666,11.183333333333332,131.79166666666666,127.5,16.479166666666668,0.16458333333333333,0.8975,28.979166666666668,29.204166666666666,30.041666666666668,29.600000000000005,0.1739166666666667,0.090625,0.084,0.213
2021-09-25,su,27.620833333333334,74.58333333333333,22.45,33.87916666666667,1009.2541666666666,1011.5541666666667,0.0,44.875,20.75,25.25,36.625,240.04166666666666,179.0,61.041666666666664,245.54166666666666,7.716666666666666,11.158333333333333,119.70833333333333,115.125,16.941666666666666,0.1925,1.0066666666666666,29.454166666666666,29.325,29.941666666666666,29.600000000000005,0.18570833333333334,0.094875,0.084,0.21229166666666666
2021-09-26,su,28.008333333333336,72.79166666666667,22.474999999999998,34.35,1008.9875000000001,1011.2875,0.0,50.041666666666664,15.458333333333334,30.625,59.583333333333336,249.79166666666666,181.70833333333334,68.08333333333333,245.2875,4.879166666666666,7.008333333333333,134.79166666666666,131.16666666666666,13.387500000000001,0.19125,1.0833333333333333,29.929166666666664,29.745833333333334,29.899999999999995,29.600000000000005,0.210125,0.10108333333333334,0.084,0.212
2021-09-27,su,28.645833333333332,65.54166666666667,21.066666666666666,34.166666666666664,1008.6374999999999,1010.9333333333334,0.0,31.458333333333332,13.166666666666666,9.916666666666666,45.666666666666664,282.0,228.75,53.25,305.6125,6.920833333333333,10.204166666666667,125.08333333333333,123.95833333333333,14.35,0.2275,1.4641666666666666,30.254166666666666,29.933333333333334,29.899999999999995,29.600000000000005,0.18887500000000002,0.108375,0.084,0.212
2021-09-28,su,28.758333333333336,63.916666666666664,20.766666666666666,33.770833333333336,1008.875,1011.1750000000001,0.0,11.5,2.125,5.041666666666667,21.833333333333332,285.625,231.58333333333334,54.041666666666664,319.925,6.383333333333333,9.716666666666667,131.875,130.33333333333334,15.4375,0.22708333333333333,1.5408333333333333,30.608333333333334,30.291666666666668,29.899999999999995,29.600000000000005,0.15495833333333334,0.10675,0.08358333333333334,0.21166666666666667
2021-09-29,su,28.7375,66.75,21.412499999999998,33.9375,1009.0875,1011.3833333333333,0.0,14.291666666666666,2.5416666666666665,3.4583333333333335,32.958333333333336,294.9583333333333,246.33333333333334,48.625,339.675,7.6625000000000005,11.450000000000001,120.70833333333333,118.83333333333333,15.6875,0.24,1.4466666666666665,31.120833333333334,30.587500000000002,29.924999999999997,29.600000000000005,0.13020833333333334,0.10312500000000001,0.08329166666666667,0.211
2021-09-30,su,28.866666666666664,68.08333333333333,21.829166666666666,34.637499999999996,1009.5958333333333,1011.8958333333334,0.0,12.125,5.583333333333333,3.0416666666666665,17.5,299.2916666666667,248.45833333333334,50.833333333333336,339.5708333333333,6.8500000000000005,9.920833333333333,129.70833333333334,127.16666666666667,14.754166666666668,0.23750000000000002,1.4041666666666668,31.599999999999998,31.02916666666667,30.0125,29.600000000000005,0.11058333333333333,0.09920833333333334,0.083,0.211
2021-10-01,su,28.849999999999998,68.08333333333333,21.90833333333333,34.8125,1010.2125,1012.5124999999999,0.0,30.708333333333332,6.875,11.25,59.333333333333336,285.2916666666667,236.16666666666666,49.125,320.8625,4.2625,6.004166666666666,108.375,105.58333333333333,13.1875,0.2225,1.3866666666666667,31.766666666666666,31.25,30.104166666666668,29.600000000000005,0.09654166666666665,0.09554166666666668,0.083,0.21066666666666667
2021-10-02,su,27.925,72.41666666666667,22.27916666666667,34.00416666666667,1009.9833333333332,1012.2833333333333,0.0,48.833333333333336,11.166666666666666,18.041666666666668,93.08333333333333,239.95833333333334,145.20833333333334,94.75,192.82083333333333,4.7375,6.0375000000000005,224.79166666666666,225.875,14.020833333333334,0.1875,1.10125,30.570833333333336,31.004166666666666,30.2,29.600000000000005,0.10033333333333333,0.09291666666666666,0.08283333333333333,0.21
2021-10-03,su,28.46666666666667,69.08333333333333,22.0,34.270833333333336,1009.2458333333334,1011.5458333333332,0.0,45.708333333333336,12.666666666666666,23.458333333333332,67.5,242.875,160.5,82.375,220.34583333333333,4.329166666666667,5.733333333333333,145.0,146.79166666666666,13.870833333333335,0.19375,1.26375,30.7625,30.599999999999998,30.2,29.683333333333334,0.10904166666666666,0.09100000000000001,0.0825,0.21
2021-10-04,su,27.55,76.58333333333333,22.829166666666666,33.9375,1008.8833333333333,1011.1833333333334,0.0,55.25,21.833333333333332,23.25,74.45833333333333,265.5833333333333,196.91666666666666,68.66666666666667,255.66666666666666,3.9333333333333336,5.154166666666667,199.79166666666666,197.20833333333334,13.329166666666666,0.19875,0.9270833333333334,30.474999999999998,30.579166666666666,30.2,29.7,0.18966666666666665,0.09283333333333332,0.082,0.21
2021-10-05,su,27.8625,73.5,22.454166666666666,33.86666666666667,1007.8375,1010.1374999999999,0.0,46.375,20.458333333333332,29.333333333333332,34.458333333333336,267.5,211.79166666666666,55.708333333333336,286.21250000000003,4.325,6.145833333333333,150.95833333333334,148.66666666666666,11.845833333333333,0.205,1.055,30.270833333333332,30.2375,30.2,29.7,0.21266666666666667,0.11604166666666667,0.082,0.20954166666666665
2021-10-06,su,28.0,72.08333333333333,22.295833333333334,33.675000000000004,1008.0833333333334,1010.3833333333333,0.0,64.95833333333333,14.291666666666666,54.916666666666664,63.791666666666664,265.9583333333333,208.04166666666666,57.916666666666664,264.1666666666667,4.4750000000000005,6.154166666666666,181.125,179.25,13.408333333333333,0.20875,1.1141666666666667,30.412499999999998,30.34583333333333,30.2,29.7,0.18595833333333334,0.11854166666666666,0.082,0.209
2021-10-07,su,28.041666666666668,67.79166666666667,21.3,33.545833333333334,1008.8625000000001,1011.1625,0.0,27.208333333333332,15.708333333333334,9.75,24.125,275.25,219.125,56.125,297.2,4.841666666666667,6.7875000000000005,136.08333333333334,135.58333333333334,12.25,0.21208333333333332,1.2825,30.454166666666666,30.34166666666667,30.2,29.7,0.16374999999999998,0.11675,0.082,0.209
2021-10-08,su,28.420833333333334,67.0,21.145833333333332,33.824999999999996,1009.4958333333334,1011.7958333333332,0.0,9.625,2.5416666666666665,1.5833333333333333,21.0,314.4583333333333,270.2083333333333,44.25,365.3208333333334,5.7749999999999995,7.925,130.54166666666666,130.41666666666666,14.216666666666667,0.24250000000000002,1.4108333333333334,30.84166666666667,30.495833333333334,30.2,29.7,0.13883333333333334,0.113,0.082,0.209
2021-10-09,su,28.712500000000002,66.20833333333333,21.129166666666666,34.34583333333333,1009.1875,1011.4875000000001,0.0,19.333333333333332,4.583333333333333,0.041666666666666664,50.375,309.7083333333333,263.4583333333333,46.25,356.77500000000003,5.683333333333334,8.4,131.79166666666666,130.25,14.316666666666668,0.24,1.4783333333333333,31.108333333333334,30.733333333333334,30.2,29.7,0.11737500000000001,0.10841666666666666,0.081625,0.20824999999999996
2021-10-10,su,29.09166666666667,65.70833333333333,21.325,34.641666666666666,1008.7041666666668,1010.9916666666667,0.0,19.25,2.4166666666666665,1.7916666666666667,53.291666666666664,313.2083333333333,268.9583333333333,44.25,361.97499999999997,6.470833333333334,9.174999999999999,110.04166666666667,110.08333333333333,15.045833333333334,0.24666666666666667,1.5554166666666667,31.775000000000002,31.070833333333336,30.229166666666668,29.7,0.09916666666666667,0.10358333333333332,0.08141666666666668,0.208
2021-10-11,su,29.558333333333334,63.958333333333336,21.483333333333334,34.733333333333334,1008.3541666666666,1010.6416666666668,0.0,44.916666666666664,7.875,22.0,82.20833333333333,286.5833333333333,225.625,60.958333333333336,300.59583333333336,4.1499999999999995,5.541666666666667,188.875,190.25,12.945833333333333,0.22333333333333336,1.6224999999999998,32.3375,31.641666666666666,30.325,29.7,0.087875,0.09904166666666668,0.081,0.208
2021-10-12,su,29.383333333333336,57.666666666666664,19.3625,33.63333333333333,1007.8416666666667,1010.1208333333334,0.0,30.375,4.666666666666667,7.875,71.33333333333333,314.0,268.0833333333333,45.916666666666664,361.85833333333335,7.391666666666667,10.770833333333334,139.75,138.0,16.5625,0.2625,1.8933333333333333,32.083333333333336,31.670833333333334,30.420833333333334,29.7,0.08424999999999999,0.09504166666666668,0.081,0.20737499999999998
2021-10-13,su,28.895833333333332,64.29166666666667,20.895833333333332,34.270833333333336,1007.7708333333334,1010.0625,0.0,26.833333333333332,2.7083333333333335,3.4166666666666665,74.45833333333333,307.375,252.625,54.75,338.625,5.779166666666666,7.6000000000000005,123.45833333333333,123.91666666666667,15.020833333333334,0.24208333333333334,1.5716666666666665,32.525,31.78333333333333,30.5125,29.733333333333334,0.07391666666666667,0.09104166666666667,0.08041666666666668,0.207
2021-10-14,su,29.40416666666667,62.0,20.7625,34.19583333333333,1008.1833333333334,1010.4708333333333,0.0,33.625,5.125,1.6666666666666667,93.125,295.25,222.79166666666666,72.45833333333333,291.90000000000003,6.345833333333334,9.112499999999999,107.91666666666667,107.70833333333333,15.258333333333333,0.23583333333333334,1.6958333333333335,32.49166666666667,31.929166666666664,30.600000000000005,29.8,0.071,0.08754166666666667,0.08,0.207
2021-10-15,su,29.541666666666668,65.29166666666667,21.858333333333334,35.15833333333333,1007.6958333333333,1009.9833333333332,0.0,25.958333333333332,5.041666666666667,7.041666666666667,57.041666666666664,298.3333333333333,246.875,51.458333333333336,330.9916666666667,7.816666666666666,11.237499999999999,113.625,110.70833333333333,16.545833333333334,0.23875000000000002,1.5483333333333336,33.30416666666667,32.31666666666667,30.704166666666666,29.8,0.06583333333333334,0.0845,0.07979166666666666,0.206125
2021-10-16,su,29.7375,67.83333333333333,22.90416666666667,35.9125,1008.0666666666666,1010.35,0.0,24.958333333333332,11.791666666666666,12.208333333333334,23.166666666666668,273.7916666666667,218.75,55.041666666666664,303.5416666666667,5.75,8.012500000000001,104.58333333333333,104.20833333333333,15.183333333333332,0.21875,1.4191666666666667,33.454166666666666,32.608333333333334,30.8125,29.8,0.065875,0.08195833333333334,0.07941666666666668,0.206
2021-10-17,su,29.508333333333336,68.66666666666667,22.95,35.612500000000004,1009.0291666666667,1011.3291666666668,0.0,41.041666666666664,7.083333333333333,14.291666666666666,86.83333333333333,274.0,212.66666666666666,61.333333333333336,288.42083333333335,5.695833333333333,7.825,126.95833333333333,126.375,15.329166666666666,0.2175,1.345,32.62916666666667,32.59166666666667,30.912499999999998,29.8,0.09758333333333334,0.079875,0.079,0.206
2021-10-18,su,27.683333333333334,78.375,23.420833333333334,34.25416666666667,1010.8000000000001,1013.1,0.0,50.625,19.0,19.625,72.20833333333333,222.95833333333334,143.91666666666666,79.04166666666667,194.45000000000002,6.691666666666666,9.208333333333334,112.04166666666667,108.95833333333333,17.675,0.1691666666666667,0.8458333333333333,30.629166666666666,31.53333333333333,31.0,29.8,0.18541666666666667,0.11325,0.079,0.20545833333333333
2021-10-19,su,27.704166666666666,79.41666666666667,23.662499999999998,34.9625,1013.0416666666666,1015.3416666666667,0.0,42.375,10.291666666666666,12.083333333333334,85.95833333333333,255.41666666666666,195.29166666666666,60.125,257.2375,4.541666666666667,5.875,143.70833333333334,141.33333333333334,11.891666666666666,0.19416666666666668,0.8179166666666666,30.208333333333332,30.441666666666666,30.90833333333333,29.837500000000002,0.24558333333333335,0.20345833333333332,0.07983333333333333,0.205
2021-10-20,su,28.329166666666666,76.0,23.45,35.954166666666666,1011.7833333333333,1014.0833333333334,0.0,32.833333333333336,6.291666666666667,6.958333333333333,76.45833333333333,264.5,202.70833333333334,61.791666666666664,266.65416666666664,3.7708333333333335,4.979166666666667,181.79166666666666,178.375,12.670833333333334,0.2025,0.9920833333333333,30.441666666666666,30.454166666666666,30.808333333333334,29.899999999999995,0.23070833333333332,0.20354166666666665,0.08079166666666666,0.205
2021-10-21,su,28.650000000000002,75.29166666666667,23.666666666666668,36.454166666666666,1011.1041666666666,1013.4,0.0,43.666666666666664,12.5,17.208333333333332,73.29166666666667,292.4583333333333,237.33333333333334,55.125,317.125,4.445833333333334,6.033333333333334,134.33333333333334,148.45833333333334,14.816666666666668,0.22791666666666666,1.0275,30.854166666666668,30.675,30.71666666666667,29.899999999999995,0.21083333333333332,0.1975416666666667,0.08170833333333334,0.205
2021-10-23,su,28.916666666666668,72.91666666666667,23.325,36.06666666666667,1011.3874999999999,1013.6666666666666,0.0,34.708333333333336,10.166666666666666,9.958333333333334,65.29166666666667,295.75,230.83333333333334,64.91666666666667,312.7083333333333,5.958333333333333,8.129166666666666,303.0833333333333,316.9583333333333,15.450000000000001,0.23750000000000002,1.1533333333333333,31.05,30.916666666666668,30.7,29.899999999999995,0.19258333333333333,0.18379166666666666,0.08283333333333333,0.20437499999999997
2021-10-25,su,28.9875,74.95833333333333,23.912499999999998,36.3375,1009.3375,1011.6291666666666,0.0,38.875,18.208333333333332,17.958333333333332,39.041666666666664,290.625,236.625,54.0,320.7,4.179166666666666,5.4750000000000005,96.83333333333333,110.70833333333333,13.5625,0.22624999999999998,1.06375,31.333333333333332,31.15416666666667,30.7,29.899999999999995,0.18366666666666664,0.170125,0.083,0.204
2021-10-26,su,28.95,70.625,22.770833333333332,34.87083333333333,1009.5541666666667,1011.8458333333333,0.0,44.083333333333336,13.625,11.416666666666666,83.04166666666667,284.125,220.0,64.125,292.17083333333335,6.4750000000000005,8.783333333333333,113.54166666666667,116.58333333333333,15.504166666666668,0.23083333333333333,1.2554166666666666,31.254166666666666,31.183333333333334,30.712500000000002,29.933333333333334,0.18841666666666668,0.16475,0.083,0.204
2021-10-27,su,27.65416666666667,79.16666666666667,23.616666666666664,34.175000000000004,1010.3666666666667,1012.6666666666666,0.0,54.458333333333336,13.625,21.291666666666668,97.91666666666667,170.375,79.41666666666667,90.95833333333333,107.25833333333333,4.945833333333334,6.641666666666667,100.125,100.20833333333333,17.141666666666666,0.13416666666666668,0.7954166666666667,29.650000000000002,30.4375,30.712500000000002,30.0,0.25833333333333336,0.18137499999999998,0.083125,0.204
2021-10-28,su,28.358333333333334,77.04166666666667,23.816666666666666,35.612500000000004,1010.2666666666668,1012.5666666666666,0.0,45.75,11.958333333333334,14.083333333333334,87.95833333333333,263.6666666666667,196.5,67.16666666666667,262.37083333333334,4.766666666666667,6.779166666666666,149.91666666666666,148.70833333333334,14.304166666666667,0.2041666666666667,0.9358333333333334,30.15833333333333,30.083333333333332,30.61666666666667,30.0,0.259,0.21891666666666665,0.08454166666666667,0.203375
2021-10-29,su,28.266666666666666,75.33333333333333,23.320833333333336,35.36666666666667,1011.0375,1013.3333333333334,0.0,54.791666666666664,16.583333333333332,17.75,97.41666666666667,235.125,146.79166666666666,88.33333333333333,187.13333333333333,5.2749999999999995,7.220833333333334,277.5416666666667,276.125,14.929166666666667,0.18791666666666665,0.9983333333333334,29.808333333333334,30.0,30.520833333333332,30.0,0.2459583333333333,0.22408333333333333,0.08650000000000001,0.20299999999999999
2021-10-30,su,28.28333333333333,75.45833333333333,23.395833333333332,35.108333333333334,1011.3208333333333,1013.6208333333334,0.0,54.541666666666664,19.125,19.416666666666668,85.33333333333333,231.95833333333334,156.54166666666666,75.41666666666667,214.87083333333337,4.120833333333334,5.408333333333334,131.20833333333334,139.29166666666666,14.0625,0.17916666666666667,0.9816666666666666,30.05,30.075,30.424999999999997,30.0,0.24745833333333334,0.22020833333333334,0.08841666666666666,0.20299999999999999
2021-10-31,su,27.545833333333334,81.54166666666667,23.97083333333333,34.90833333333333,1010.5,1012.8000000000001,0.0,69.33333333333333,45.541666666666664,17.5,67.83333333333333,229.95833333333334,147.375,82.58333333333333,191.37083333333337,4.445833333333334,5.7749999999999995,113.375,112.125,14.745833333333332,0.17541666666666667,0.72375,29.629166666666666,29.854166666666668,30.358333333333334,30.0,0.2655416666666667,0.22391666666666665,0.090125,0.20299999999999999
2021-11-01,su,26.933333333333334,84.66666666666667,24.058333333333334,33.920833333333334,1010.8041666666667,1013.1041666666666,0.0,70.125,40.25,19.833333333333332,97.16666666666667,176.79166666666666,77.75,99.04166666666667,93.44166666666666,4.441666666666666,5.783333333333334,167.58333333333334,170.5,12.866666666666667,0.13833333333333334,0.5716666666666667,28.933333333333334,29.425,30.25,30.0,0.29241666666666666,0.2567916666666667,0.09375,0.20299999999999999
2021-11-02,su,27.150000000000002,82.83333333333333,23.90833333333333,34.24583333333333,1010.1083333333332,1012.4083333333333,0.0,43.583333333333336,13.916666666666666,17.875,67.41666666666667,223.45833333333334,137.91666666666666,85.54166666666667,185.8166666666667,4.633333333333334,6.616666666666667,189.04166666666666,189.33333333333334,13.470833333333333,0.17416666666666666,0.6416666666666667,29.175,29.28333333333333,30.125,30.0,0.2910416666666667,0.2668333333333333,0.10033333333333333,0.20299999999999999
2021-11-03,su,27.933333333333334,78.95833333333333,23.804166666666664,35.3125,1009.3791666666666,1011.6750000000001,0.0,42.541666666666664,14.041666666666666,9.666666666666666,80.5,259.8333333333333,183.91666666666666,75.91666666666667,243.78333333333333,3.720833333333333,4.945833333333334,137.58333333333334,137.95833333333334,12.325000000000001,0.19874999999999998,0.8395833333333332,29.666666666666668,29.516666666666666,30.016666666666666,30.0,0.27487500000000004,0.26887500000000003,0.10858333333333332,0.20258333333333334
2021-11-04,su,27.479166666666668,80.95833333333333,23.733333333333334,34.52916666666667,1009.1875,1011.4875000000001,0.0,50.125,7.541666666666667,26.083333333333332,92.29166666666667,222.45833333333334,145.08333333333334,77.375,186.6916666666667,4.875,6.866666666666667,192.83333333333334,191.95833333333334,12.383333333333333,0.17500000000000002,0.7558333333333334,29.46666666666667,29.695833333333336,30.0,30.0,0.26491666666666663,0.25145833333333334,0.113875,0.20200000000000004
2021-11-05,su,26.245833333333334,87.75,23.983333333333334,32.733333333333334,1008.8541666666666,1011.1541666666667,0.0,72.41666666666667,34.083333333333336,26.375,98.45833333333333,144.66666666666666,43.166666666666664,101.5,54.604166666666664,7.2250000000000005,10.066666666666666,127.75,125.0,18.295833333333334,0.11625,0.43583333333333335,28.05,28.84166666666667,29.900000000000002,30.0,0.30975,0.27616666666666667,0.11920833333333332,0.20200000000000004
2021-11-06,su,27.4375,83.91666666666667,24.40833333333333,35.18333333333333,1007.0416666666666,1009.3416666666667,0.0,54.5,15.25,22.166666666666668,91.375,199.91666666666666,104.79166666666667,95.125,146.5,5.5249999999999995,8.079166666666667,113.58333333333333,108.375,13.15,0.15833333333333335,0.6158333333333333,28.770833333333332,28.662499999999998,29.72083333333333,30.0,0.288125,0.2850416666666667,0.13308333333333333,0.20200000000000004
2021-11-07,su,27.912499999999998,81.875,24.445833333333336,35.729166666666664,1006.7791666666667,1009.0666666666666,0.0,53.0,18.833333333333332,14.583333333333334,91.625,243.0,166.0,77.0,226.55416666666667,4.283333333333333,6.091666666666666,134.08333333333334,127.5,12.770833333333334,0.18833333333333332,0.7145833333333332,29.895833333333332,29.5625,29.637500000000003,30.0,0.2783333333333334,0.2652083333333333,0.140625,0.20200000000000004
2021-11-08,su,27.59583333333333,81.95833333333333,24.175,35.1,1007.9375,1010.2375000000001,0.0,50.833333333333336,13.333333333333334,16.458333333333332,96.20833333333333,224.95833333333334,134.08333333333334,90.875,176.14583333333334,4.983333333333333,6.995833333333334,219.45833333333334,221.75,12.566666666666668,0.17416666666666666,0.6933333333333334,29.375,29.55,29.666666666666668,30.0,0.28429166666666666,0.27058333333333334,0.14629166666666665,0.20200000000000004
2021-11-09,su,27.808333333333334,81.125,24.125,35.0875,1007.7958333333332,1010.0875,0.0,55.916666666666664,19.583333333333332,18.25,94.33333333333333,219.16666666666666,128.08333333333334,91.08333333333333,169.70416666666668,3.279166666666667,4.616666666666666,208.0,207.29166666666666,11.083333333333334,0.16874999999999998,0.7504166666666667,29.53333333333333,29.508333333333336,29.650000000000002,30.0,0.28670833333333334,0.264625,0.15141666666666667,0.20200000000000004
2021-11-10,su,27.5125,83.29166666666667,24.2625,34.454166666666666,1008.4458333333333,1010.7416666666667,0.0,68.04166666666667,16.791666666666668,43.208333333333336,98.125,242.625,151.375,91.25,198.35416666666666,4.941666666666666,6.7875000000000005,212.66666666666666,210.375,13.066666666666668,0.18583333333333332,0.6649999999999999,29.704166666666666,29.620833333333334,29.650000000000002,30.0,0.3062916666666667,0.2850833333333333,0.15820833333333334,0.20200000000000004
2021-11-11,su,26.721739130434784,88.65217391304348,24.652173913043477,33.71739130434783,1008.295652173913,1010.5956521739131,0.0,72.17391304347827,12.73913043478261,56.56521739130435,99.26086956521739,166.43478260869566,63.608695652173914,102.82608695652173,79.72608695652174,3.8260869565217392,4.856521739130435,217.04347826086956,213.43478260869566,12.830434782608696,0.13043478260869565,0.41391304347826086,28.830434782608698,29.256521739130434,29.630434782608695,30.0,0.32608695652173914,0.31413043478260866,0.1729130434782609,0.20199999999999999
2021-11-12,su,26.587500000000002,89.41666666666667,24.662499999999998,33.762499999999996,1009.1791666666667,1011.4791666666666,0.0,70.83333333333333,10.583333333333334,53.416666666666664,99.58333333333333,134.66666666666666,29.208333333333332,105.45833333333333,32.604166666666664,3.35,4.045833333333333,232.41666666666666,216.66666666666666,11.979166666666666,0.10708333333333332,0.38083333333333336,28.133333333333336,28.541666666666668,29.53333333333333,30.0,0.329125,0.32116666666666666,0.20941666666666667,0.20200000000000004
2021-11-13,su,26.775000000000002,88.20833333333333,24.608333333333334,34.22083333333333,1009.2958333333332,1011.5958333333333,0.0,67.08333333333333,32.708333333333336,18.666666666666668,99.54166666666667,195.54166666666666,75.95833333333333,119.58333333333333,94.77083333333333,3.470833333333333,4.0249999999999995,148.91666666666666,163.33333333333334,11.570833333333333,0.14708333333333334,0.43583333333333335,28.695833333333336,28.729166666666668,29.40833333333333,29.94583333333333,0.317375,0.30779166666666663,0.22720833333333335,0.20200000000000004
2021-11-14,su,26.3875,87.16666666666667,24.041666666666668,32.99166666666667,1009.5625,1011.8625000000001,0.0,73.5,22.125,47.25,99.66666666666667,149.5,46.625,102.875,63.38333333333333,3.0416666666666665,3.9458333333333333,210.0,207.375,10.512500000000001,0.11416666666666665,0.45541666666666664,28.070833333333336,28.479166666666668,29.320833333333336,29.899999999999995,0.32079166666666664,0.3124166666666667,0.24175,0.20200000000000004
2021-11-15,su,25.670833333333334,90.0,23.900000000000002,31.90416666666667,1009.2708333333334,1011.5708333333333,0.0,88.83333333333333,30.041666666666668,69.5,99.875,86.33333333333333,9.583333333333334,76.75,11.866666666666667,4.016666666666667,5.320833333333334,190.125,194.125,11.049999999999999,0.06958333333333333,0.33125,27.03333333333333,27.820833333333336,29.15833333333333,29.899999999999995,0.34087500000000004,0.327625,0.25854166666666667,0.20220833333333335
2021-11-16,su,26.454166666666666,88.20833333333333,24.275000000000002,32.87916666666667,1009.0875,1011.3874999999999,0.0,76.5,17.0,63.041666666666664,83.0,183.29166666666666,81.08333333333333,102.20833333333333,102.875,3.720833333333333,5.0249999999999995,165.0,156.41666666666666,10.799999999999999,0.13583333333333333,0.43041666666666667,27.854166666666668,27.833333333333332,28.933333333333334,29.899999999999995,0.32479166666666665,0.32583333333333336,0.28029166666666666,0.203375
2021-11-17,su,27.150000000000002,83.875,24.079166666666666,33.36666666666667,1009.1666666666666,1011.4666666666667,0.0,73.58333333333333,22.083333333333332,53.958333333333336,71.375,256.9583333333333,188.79166666666666,68.16666666666667,259.84166666666664,5.095833333333333,6.841666666666666,141.91666666666666,139.91666666666666,13.120833333333332,0.18583333333333332,0.6183333333333333,28.837500000000002,28.570833333333336,28.866666666666664,29.899999999999995,0.3100833333333333,0.31445833333333334,0.2896666666666667,0.2050833333333333
2021-11-18,su,27.616666666666664,80.83333333333333,23.925,34.9,1007.6833333333334,1009.9833333333332,0.0,56.458333333333336,17.291666666666668,23.0,91.04166666666667,257.9583333333333,178.45833333333334,79.5,236.14583333333334,4.4375,5.666666666666667,137.79166666666666,136.125,12.329166666666666,0.19708333333333336,0.7470833333333333,29.25,29.058333333333334,28.924999999999997,29.858333333333334,0.29875,0.3084166666666667,0.2936666666666667,0.20720833333333333
2021-11-19,su,27.295833333333334,82.375,23.895833333333332,34.449999999999996,1006.8625000000001,1009.1625,0.0,67.0,24.625,34.25,98.375,246.70833333333334,176.75,69.95833333333333,239.07500000000002,4.266666666666667,5.8500000000000005,184.70833333333334,187.66666666666666,13.695833333333333,0.18791666666666665,0.6795833333333333,29.34166666666667,29.22083333333333,29.025000000000002,29.8,0.299,0.295875,0.2924583333333333,0.20945833333333333
2021-11-20,su,25.7,91.33333333333333,24.166666666666668,31.77916666666667,1007.6958333333333,1009.9958333333334,0.0,78.5,26.833333333333332,63.625,99.95833333333333,56.0,1.4583333333333333,54.541666666666664,1.9208333333333334,4.679166666666666,6.304166666666667,258.0833333333333,257.8333333333333,10.875,0.04875000000000001,0.29125,27.054166666666664,28.120833333333334,29.041666666666668,29.8,0.33945833333333336,0.33408333333333334,0.2993333333333333,0.21183333333333332
2021-11-21,su,26.633333333333336,86.91666666666667,24.224999999999998,33.65833333333334,1008.5,1010.8000000000001,0.0,45.083333333333336,7.708333333333333,14.041666666666666,99.125,167.58333333333334,43.666666666666664,123.91666666666667,58.94166666666666,4.870833333333334,7.491666666666667,161.54166666666666,157.29166666666666,11.779166666666667,0.12916666666666668,0.4779166666666667,27.804166666666664,27.820833333333336,28.833333333333332,29.8,0.3070833333333333,0.31695833333333334,0.3095,0.21533333333333335
2021-11-22,su,27.291666666666668,84.41666666666667,24.3125,35.074999999999996,1008.1458333333334,1010.4458333333333,0.0,36.25,10.791666666666666,18.25,51.833333333333336,267.25,208.83333333333334,58.416666666666664,285.37916666666666,5.004166666666666,6.704166666666667,239.20833333333334,231.04166666666666,13.141666666666666,0.19999999999999998,0.6116666666666667,29.162499999999998,28.733333333333334,28.795833333333334,29.8,0.30154166666666665,0.306125,0.30683333333333335,0.21908333333333332
2021-11-23,su,26.820833333333336,86.125,24.25,33.5375,1008.2166666666667,1010.5166666666665,0.0,57.458333333333336,22.916666666666668,14.041666666666666,97.54166666666667,210.20833333333334,120.33333333333333,89.875,156.89583333333334,6.9125000000000005,9.391666666666667,276.5,280.2916666666667,15.741666666666667,0.15875,0.515,28.729166666666668,28.854166666666668,28.875,29.72083333333333,0.3117083333333333,0.31045833333333334,0.3045,0.22241666666666668
2021-11-24,su,26.704166666666666,86.0,24.079166666666666,33.32083333333333,1008.4208333333332,1010.7208333333333,0.0,61.0,19.166666666666668,25.333333333333332,98.79166666666667,192.95833333333334,91.5,101.45833333333333,119.19583333333333,4.8374999999999995,6.508333333333333,238.29166666666666,236.04166666666666,12.4375,0.14916666666666667,0.5233333333333333,28.587500000000002,28.691666666666666,28.899999999999995,29.7,0.3187083333333333,0.32308333333333333,0.3073333333333333,0.225625
2021-11-25,su,26.854166666666668,86.91666666666667,24.454166666666666,33.62916666666667,1008.1833333333334,1010.4833333333332,0.0,53.875,12.083333333333334,22.916666666666668,97.20833333333333,186.58333333333334,93.08333333333333,93.5,118.06666666666666,4.308333333333333,5.570833333333333,242.625,241.25,12.6625,0.14416666666666667,0.47833333333333333,28.587500000000002,28.662499999999998,28.899999999999995,29.7,0.30845833333333333,0.3127083333333333,0.30791666666666667,0.22925000000000004
2021-11-26,su,26.912499999999998,85.54166666666667,24.195833333333336,33.574999999999996,1008.3333333333334,1010.6333333333333,0.0,60.833333333333336,12.791666666666666,37.833333333333336,93.29166666666667,200.875,123.375,77.5,160.35416666666666,4.595833333333333,5.845833333333334,230.70833333333334,229.125,11.958333333333334,0.1525,0.5437500000000001,28.629166666666666,28.679166666666664,28.899999999999995,29.7,0.31016666666666665,0.313,0.30654166666666666,0.23258333333333336
2021-11-27,su,26.295833333333334,90.33333333333333,24.570833333333336,33.583333333333336,1008.3041666666667,1010.6041666666666,0.0,68.375,19.583333333333332,35.75,99.125,161.375,53.458333333333336,107.91666666666667,67.64166666666667,4.2749999999999995,5.216666666666667,227.70833333333334,225.70833333333334,12.608333333333334,0.12458333333333334,0.33875000000000005,28.179166666666664,28.458333333333332,28.899999999999995,29.7,0.32108333333333333,0.3213333333333333,0.308375,0.2359583333333333
2021-11-28,su,25.84166666666667,89.70833333333333,23.9875,32.22083333333333,1008.5291666666667,1010.8291666666668,0.0,75.95833333333333,13.583333333333334,60.875,99.58333333333333,96.70833333333333,9.0,87.70833333333333,12.695833333333333,4.916666666666667,6.470833333333334,242.20833333333334,241.25,12.579166666666666,0.07958333333333333,0.35333333333333333,27.175,27.816666666666666,28.829166666666666,29.620833333333334,0.32941666666666664,0.3312916666666667,0.3137083333333333,0.23979166666666665
2021-11-29,su,26.275000000000002,82.41666666666667,22.875,32.49583333333333,1008.2166666666667,1010.5166666666668,0.0,56.875,3.5,39.5,99.91666666666667,181.79166666666666,73.16666666666667,108.625,90.75416666666666,4.308333333333333,6.008333333333333,167.08333333333334,162.75,11.9375,0.14125000000000001,0.6383333333333333,27.570833333333336,27.65833333333333,28.633333333333336,29.600000000000005,0.311,0.326625,0.3214166666666667,0.24462499999999998
2021-11-30,su,26.379166666666666,84.70833333333333,23.491666666666664,32.8375,1008.3791666666666,1010.6791666666667,0.0,65.08333333333333,12.458333333333334,39.833333333333336,99.875,166.25,54.708333333333336,111.54166666666667,72.35000000000001,4.6625000000000005,6.479166666666667,246.20833333333334,233.20833333333334,12.333333333333334,0.12958333333333333,0.555,27.854166666666668,27.962500000000002,28.570833333333336,29.600000000000005,0.28791666666666665,0.29833333333333334,0.31745833333333334,0.24958333333333335
2021-12-01,su,26.583333333333332,86.54166666666667,24.058333333333334,32.391666666666666,1009.0916666666667,1011.3916666666668,0.0,65.125,16.75,37.166666666666664,99.95833333333333,177.66666666666666,59.916666666666664,117.75,77.85833333333333,6.945833333333333,9.862499999999999,281.125,281.625,16.212500000000002,0.1366666666666667,0.49666666666666665,28.037499999999998,28.079166666666666,28.516666666666666,29.600000000000005,0.302125,0.29341666666666666,0.31195833333333334,0.25354166666666667
2021-12-02,su,26.7375,86.33333333333333,24.150000000000002,34.041666666666664,1009.0124999999999,1011.3125,0.0,56.916666666666664,19.833333333333332,21.416666666666668,88.66666666666667,256.8333333333333,184.125,72.70833333333333,231.0875,5.283333333333333,7.108333333333333,171.16666666666666,168.54166666666666,13.1,0.19333333333333333,0.5245833333333333,29.0,28.691666666666666,28.537499999999998,29.520833333333332,0.31316666666666665,0.306125,0.30833333333333335,0.25670833333333337
2021-12-03,su,27.004166666666666,85.04166666666667,24.195833333333336,33.90416666666667,1009.6708333333332,1011.9708333333333,0.0,61.0,17.208333333333332,39.875,71.79166666666667,202.16666666666666,97.0,105.16666666666667,129.775,7.466666666666666,10.424999999999999,273.75,276.9166666666667,14.895833333333334,0.15208333333333332,0.55625,28.224999999999998,28.45,28.625,29.5,0.3077083333333333,0.32283333333333336,0.31354166666666666,0.25983333333333336
2021-12-04,su,26.170833333333334,89.375,24.258333333333336,33.19166666666667,1009.4041666666667,1011.7041666666668,0.0,86.33333333333333,36.541666666666664,55.583333333333336,97.95833333333333,128.25,24.25,104.0,29.391666666666666,8.404166666666667,12.0375,279.7083333333333,280.3333333333333,17.308333333333334,0.10625,0.37166666666666665,27.849999999999998,28.191666666666666,28.61666666666667,29.5,0.331625,0.328,0.3153333333333333,0.26333333333333336
2021-12-05,su,26.058333333333334,88.29166666666667,23.920833333333334,31.933333333333334,1009.2041666666668,1011.5041666666666,0.0,73.54166666666667,4.291666666666667,66.08333333333333,100.0,136.58333333333334,35.375,101.20833333333333,42.666666666666664,12.475,19.650000000000002,276.4583333333333,276.2916666666667,23.758333333333336,0.1225,0.41375,27.087500000000002,27.566666666666666,28.541666666666668,29.5,0.3270416666666667,0.33637500000000004,0.32808333333333334,0.26825000000000004
2021-12-06,su,26.416666666666668,88.16666666666667,24.22083333333333,32.30833333333333,1009.1833333333334,1011.4833333333332,0.0,79.45833333333333,3.5,77.625,98.83333333333333,130.16666666666666,39.0,91.16666666666667,46.19583333333333,8.975,14.799999999999999,272.75,273.0,17.8125,0.11041666666666666,0.4366666666666667,27.775000000000002,27.78333333333333,28.420833333333334,29.4375,0.31875000000000003,0.32233333333333336,0.326375,0.27387500000000004
2021-12-07,su,27.141666666666666,82.41666666666667,23.8125,33.21666666666667,1009.5916666666667,1011.8916666666668,0.0,60.375,7.166666666666667,55.458333333333336,68.625,199.08333333333334,126.04166666666667,73.04166666666667,175.67499999999998,11.345833333333333,17.691666666666666,274.0,275.875,21.337500000000002,0.16208333333333333,0.665,28.425,28.2,28.412499999999998,29.399999999999995,0.3015833333333333,0.31645833333333334,0.325375,0.2789166666666667
2021-12-08,su,27.162499999999998,82.45833333333333,23.804166666666664,33.137499999999996,1009.8458333333333,1012.1458333333334,0.0,70.0,20.791666666666668,50.916666666666664,74.20833333333333,232.54166666666666,146.20833333333334,86.33333333333333,201.89583333333334,10.391666666666667,15.583333333333334,278.4166666666667,279.4583333333333,19.933333333333334,0.18000000000000002,0.6675,28.116666666666664,28.258333333333336,28.46666666666667,29.399999999999995,0.282,0.2907916666666666,0.32,0.28304166666666664
2021-12-09,su,26.916666666666668,85.375,24.15416666666667,33.854166666666664,1009.8666666666667,1012.1666666666666,0.0,68.41666666666667,9.958333333333334,60.291666666666664,78.33333333333333,223.625,145.54166666666666,78.08333333333333,183.52916666666667,5.320833333333334,7.770833333333333,272.3333333333333,274.0416666666667,14.745833333333332,0.1729166666666667,0.5616666666666666,28.59583333333333,28.433333333333334,28.491666666666664,29.399999999999995,0.29291666666666666,0.28279166666666666,0.31416666666666665,0.286
2021-12-10,su,26.620833333333334,86.875,24.15416666666667,33.90833333333333,1009.6333333333333,1011.9333333333334,0.0,59.458333333333336,10.083333333333334,42.375,83.25,258.0416666666667,181.125,76.91666666666667,249.9416666666667,6.2,8.783333333333333,285.125,285.5416666666667,14.625,0.19375,0.4920833333333334,28.633333333333336,28.616666666666664,28.53333333333333,29.34583333333333,0.299375,0.29124999999999995,0.3095833333333333,0.2879583333333333
2021-12-11,su,26.645833333333332,87.83333333333333,24.375,33.62916666666667,1009.5708333333333,1011.8708333333333,0.0,53.041666666666664,16.083333333333332,34.791666666666664,59.625,248.91666666666666,180.0,68.91666666666667,244.57500000000002,6.925,9.420833333333333,277.2083333333333,277.9583333333333,15.0375,0.18416666666666667,0.455,28.662499999999998,28.65416666666667,28.620833333333334,29.3,0.3125,0.31504166666666666,0.30833333333333335,0.28954166666666664
2021-12-12,su,27.266666666666666,84.83333333333333,24.337500000000002,34.262499999999996,1008.9375,1011.2375000000001,0.0,53.125,18.708333333333332,18.416666666666668,87.54166666666667,250.20833333333334,177.25,72.95833333333333,240.4625,5.283333333333333,7.258333333333333,232.5,212.95833333333334,14.8125,0.19125,0.60125,29.270833333333332,28.8875,28.666666666666668,29.3,0.309375,0.31579166666666664,0.31145833333333334,0.29116666666666663
2021-12-13,su,27.1125,85.375,24.358333333333334,35.13333333333333,1007.7333333333332,1010.0333333333333,0.0,54.25,19.5,21.875,87.75,230.83333333333334,150.75,80.08333333333333,202.4333333333333,4.1125,4.7124999999999995,243.70833333333334,233.33333333333334,12.991666666666667,0.1758333333333333,0.5599999999999999,29.295833333333334,29.175,28.795833333333334,29.3,0.30383333333333334,0.3094166666666667,0.31095833333333334,0.29275
2021-12-14,su,27.016666666666666,85.41666666666667,24.295833333333334,34.38333333333333,1007.5083333333333,1009.8083333333334,0.0,49.291666666666664,14.041666666666666,14.75,92.54166666666667,225.25,128.54166666666666,96.70833333333333,172.0625,3.3541666666666665,4.1875,262.875,264.625,11.262500000000001,0.16958333333333334,0.5454166666666667,29.15416666666667,29.087500000000002,28.875,29.3,0.3012916666666667,0.306125,0.3095,0.29424999999999996
2021-12-15,su,26.3875,88.70833333333333,24.337500000000002,33.6875,1008.1125000000001,1010.4125,0.0,73.0,27.791666666666668,37.083333333333336,97.45833333333333,165.66666666666666,67.95833333333333,97.70833333333333,89.3625,3.975,4.954166666666667,171.58333333333334,164.75,11.4375,0.12708333333333333,0.40208333333333335,28.395833333333332,28.741666666666664,28.899999999999995,29.3,0.319625,0.3105833333333333,0.3082916666666667,0.295375
2021-12-16,su,26.2,89.75,24.354166666666668,33.94583333333333,1008.4499999999999,1010.75,0.0,77.125,28.458333333333332,41.041666666666664,96.125,141.83333333333334,41.083333333333336,100.75,54.9375,2.9166666666666665,3.7708333333333335,149.95833333333334,161.58333333333334,10.083333333333334,0.11083333333333334,0.3620833333333333,27.833333333333332,28.183333333333334,28.837500000000002,29.3,0.33591666666666664,0.3389583333333333,0.3165833333333333,0.2967083333333333
2021-12-17,su,26.775000000000002,87.29166666666667,24.429166666666664,34.762499999999996,1008.1333333333333,1010.4333333333334,0.0,61.541666666666664,29.5,14.416666666666666,98.29166666666667,195.25,86.625,108.625,114.88333333333333,3.658333333333333,4.733333333333333,124.29166666666667,119.375,10.479166666666666,0.14833333333333334,0.47041666666666665,28.429166666666664,28.316666666666666,28.754166666666666,29.258333333333336,0.32583333333333336,0.33237500000000003,0.33116666666666666,0.30024999999999996
2021-12-18,su,27.40416666666667,85.33333333333333,24.65416666666667,35.887499999999996,1008.6166666666667,1010.9166666666666,0.0,54.375,19.083333333333332,16.125,91.29166666666667,242.08333333333334,159.66666666666666,82.41666666666667,218.23749999999998,4.016666666666667,5.616666666666667,174.58333333333334,169.0,12.549999999999999,0.18583333333333332,0.5620833333333334,29.229166666666668,28.90833333333333,28.754166666666666,29.2,0.31266666666666665,0.3216666666666667,0.329125,0.30445833333333333
2021-12-19,su,27.579166666666666,84.25,24.5625,35.354166666666664,1009.4499999999999,1011.75,0.0,53.666666666666664,21.958333333333332,13.166666666666666,90.375,247.375,178.08333333333334,69.29166666666667,257.84999999999997,4.470833333333333,6.0375000000000005,124.16666666666667,119.75,13.174999999999999,0.18708333333333335,0.625,29.558333333333334,29.3,28.837500000000002,29.2,0.29820833333333335,0.29854166666666665,0.32445833333333335,0.307375
2021-12-20,su,26.462500000000002,88.625,24.395833333333332,34.2125,1011.1750000000001,1013.475,0.0,85.625,46.75,43.666666666666664,97.625,141.875,45.166666666666664,96.70833333333333,60.40416666666667,4.8374999999999995,6.366666666666667,167.58333333333334,167.70833333333334,13.65,0.11291666666666667,0.4054166666666667,28.233333333333334,28.75,28.899999999999995,29.2,0.329125,0.3245,0.32225,0.3093333333333333
2021-12-21,su,26.016666666666666,90.0,24.2625,32.3125,1011.8708333333334,1014.1708333333332,0.0,89.79166666666667,35.666666666666664,67.625,99.41666666666667,106.04166666666667,18.916666666666668,87.125,21.974999999999998,4.1875,5.5249999999999995,155.33333333333334,157.41666666666666,11.566666666666668,0.0825,0.33875000000000005,27.258333333333336,27.849999999999998,28.833333333333332,29.2,0.3372916666666667,0.338125,0.3274166666666667,0.31124999999999997
2021-12-22,su,27.708333333333332,80.79166666666667,23.945833333333336,34.5,1010.4958333333334,1012.7958333333332,0.0,28.583333333333332,2.3333333333333335,7.0,74.45833333333333,282.7083333333333,195.70833333333334,87.0,265.00416666666666,4.945833333333334,7.429166666666667,268.5833333333333,270.625,13.112499999999999,0.215,0.77,28.90416666666667,28.370833333333334,28.679166666666664,29.2,0.29350000000000004,0.31295833333333334,0.3292916666666667,0.3140833333333333
2021-12-23,su,27.72083333333333,80.79166666666667,24.0,34.37083333333333,1009.475,1011.7708333333334,0.0,38.833333333333336,6.708333333333333,15.625,77.54166666666667,273.8333333333333,214.375,59.458333333333336,297.41249999999997,8.116666666666667,11.891666666666666,281.5416666666667,282.5833333333333,17.829166666666666,0.2125,0.7545833333333333,29.27916666666667,29.099999999999998,28.7375,29.2,0.2735416666666667,0.2805,0.3229166666666667,0.31583333333333335
2021-12-24,su,27.420833333333334,82.41666666666667,24.05,34.05416666666667,1008.9458333333333,1011.2458333333334,0.0,47.375,10.375,27.5,72.125,235.54166666666666,154.41666666666666,81.125,211.59166666666667,6.970833333333334,9.683333333333334,277.9166666666667,281.0416666666667,16.770833333333332,0.18208333333333335,0.6795833333333333,28.754166666666666,28.820833333333336,28.808333333333334,29.2,0.27787500000000004,0.271,0.316,0.316
2021-12-25,su,27.59166666666667,82.29166666666667,24.21666666666667,34.229166666666664,1009.4541666666668,1011.7541666666666,0.0,51.291666666666664,10.75,24.375,89.625,208.33333333333334,95.70833333333333,112.625,126.25,5.008333333333334,7.325,268.2916666666667,271.7916666666667,13.529166666666667,0.16,0.6791666666666667,29.016666666666666,28.933333333333334,28.84583333333333,29.2,0.266,0.26208333333333333,0.3092916666666667,0.316
2021-12-26,su,27.733333333333334,81.875,24.224999999999998,33.9,1010.0166666666668,1012.3166666666666,0.0,45.166666666666664,6.208333333333333,18.458333333333332,94.5,265.4583333333333,207.0,58.458333333333336,278.09583333333336,8.975,12.854166666666666,276.0416666666667,277.0833333333333,19.883333333333333,0.20125,0.7204166666666666,29.28333333333333,29.087500000000002,28.899999999999995,29.2,0.26608333333333334,0.25625000000000003,0.3017916666666666,0.316
2021-12-27,su,26.95,85.58333333333333,24.241666666666664,32.40416666666667,1010.5875,1012.8874999999999,0.0,51.375,8.541666666666666,25.666666666666668,96.75,227.33333333333334,150.91666666666666,76.41666666666667,196.01250000000002,10.654166666666667,15.7875,279.875,278.9166666666667,21.216666666666665,0.17541666666666667,0.5420833333333334,28.90833333333333,29.054166666666664,28.933333333333334,29.170833333333334,0.2900416666666667,0.2788333333333333,0.29483333333333334,0.316
2021-12-28,su,26.875,85.08333333333333,24.05,32.483333333333334,1009.7083333333334,1012.0083333333333,0.0,42.875,13.458333333333334,10.333333333333334,81.70833333333333,259.8333333333333,199.79166666666666,60.041666666666664,260.76666666666665,8.674999999999999,12.6625,278.9583333333333,279.9583333333333,20.045833333333334,0.1925,0.5716666666666667,28.858333333333334,28.808333333333334,28.95,29.100000000000005,0.30624999999999997,0.309375,0.2935,0.31504166666666666
2021-12-29,su,26.6875,84.58333333333333,23.78333333333333,33.49166666666667,1009.8208333333333,1012.1208333333334,0.0,56.375,11.833333333333334,30.333333333333332,93.375,194.125,83.375,110.75,123.49583333333334,6.729166666666667,9.179166666666667,251.41666666666666,251.5,15.441666666666668,0.14833333333333334,0.5679166666666666,28.304166666666664,28.59166666666667,28.920833333333334,29.100000000000005,0.31679166666666664,0.31916666666666665,0.29620833333333335,0.315
2021-12-30,su,26.45,87.5,24.170833333333334,33.47083333333333,1009.7708333333334,1012.0708333333333,0.0,55.458333333333336,15.333333333333334,19.75,99.58333333333333,178.83333333333334,69.54166666666667,109.29166666666667,99.95416666666667,4.6875,6.245833333333334,271.0833333333333,272.5,13.795833333333334,0.13749999999999998,0.445,28.3,28.479166666666668,28.875,29.100000000000005,0.3097083333333333,0.3135833333333333,0.2990833333333333,0.315
2021-12-31,su,26.22083333333333,87.41666666666667,23.854166666666668,32.333333333333336,1009.7541666666666,1012.0541666666667,0.0,55.666666666666664,11.458333333333334,25.541666666666668,99.875,190.25,79.66666666666667,110.58333333333333,97.3125,7.145833333333333,9.954166666666667,284.5833333333333,288.75,16.433333333333334,0.14458333333333334,0.46291666666666664,27.941666666666666,28.170833333333334,28.808333333333334,29.100000000000005,0.318,0.32275,0.3017083333333333,0.314125
2022-01-01,su,26.295833333333334,86.125,23.733333333333334,32.19166666666667,1009.7333333333332,1012.0333333333333,0.0,62.166666666666664,27.083333333333332,19.333333333333332,99.875,218.08333333333334,120.41666666666667,97.66666666666667,154.27916666666667,10.762500000000001,16.116666666666667,195.08333333333334,195.29166666666666,14.629166666666668,0.16833333333333333,0.5,28.0625,28.15416666666667,28.708333333333332,29.100000000000005,0.318125,0.325375,0.3124166666666667,0.314
2022-01-02,su,26.316666666666666,86.5,23.829166666666666,32.6,1009.3583333333332,1011.6583333333333,0.0,60.958333333333336,19.958333333333332,23.083333333333332,100.0,202.83333333333334,104.79166666666667,98.04166666666667,137.13333333333335,6.966666666666668,10.983333333333334,195.29166666666666,178.25,11.4,0.15333333333333335,0.48666666666666664,28.170833333333334,28.25,28.620833333333334,29.100000000000005,0.30695833333333333,0.31604166666666667,0.31516666666666665,0.314
2022-01-03,su,26.400000000000002,85.125,23.650000000000002,33.858333333333334,1009.2833333333333,1011.5833333333334,0.0,53.833333333333336,15.875,15.958333333333334,99.75,210.08333333333334,106.41666666666667,103.66666666666667,131.2125,4.095833333333333,5.733333333333333,225.91666666666666,225.58333333333334,10.645833333333334,0.15875,0.5375,28.3,28.329166666666666,28.600000000000005,29.100000000000005,0.29033333333333333,0.30216666666666664,0.31375000000000003,0.314
2022-01-04,su,26.454166666666666,83.625,23.34166666666667,33.92916666666667,1010.0583333333334,1012.3583333333332,0.0,41.541666666666664,7.583333333333333,8.0,99.75,162.125,44.75,117.375,62.74166666666667,2.8208333333333333,3.9333333333333336,198.70833333333334,172.29166666666666,8.816666666666666,0.12458333333333332,0.59875,27.833333333333332,28.087500000000002,28.59166666666667,29.100000000000005,0.27125000000000005,0.283375,0.31033333333333335,0.314
2022-01-05,su,26.741666666666664,83.0,23.5125,33.800000000000004,1010.1083333333332,1012.4083333333333,0.0,55.375,15.75,20.125,97.04166666666667,237.04166666666666,154.75,82.29166666666667,209.29166666666666,5.104166666666667,6.591666666666666,215.5,217.45833333333334,11.916666666666666,0.17500000000000002,0.6341666666666667,28.545833333333334,28.395833333333332,28.537499999999998,29.100000000000005,0.2574166666666667,0.26745833333333335,0.30504166666666666,0.314
2022-01-06,su,26.6875,83.25,23.508333333333336,33.78333333333333,1010.6416666666668,1012.9416666666666,0.0,44.416666666666664,15.125,27.25,47.916666666666664,271.9583333333333,215.08333333333334,56.875,290.3958333333333,6.233333333333333,8.233333333333333,188.70833333333334,184.375,13.970833333333333,0.2025,0.6270833333333333,28.8,28.65416666666667,28.566666666666666,29.05,0.264625,0.258125,0.298125,0.314
2022-01-07,su,26.8625,82.0,23.40416666666667,33.270833333333336,1010.8458333333333,1013.1458333333334,0.0,52.5,12.708333333333334,28.333333333333332,79.79166666666667,261.2083333333333,202.08333333333334,59.125,278.78749999999997,3.8083333333333336,4.95,186.08333333333334,152.08333333333334,13.4375,0.19291666666666665,0.6779166666666666,28.712500000000002,28.6375,28.6125,29.0,0.27787500000000004,0.264125,0.29129166666666667,0.313625
2022-01-08,su,27.125,78.58333333333333,22.866666666666664,34.13333333333333,1010.0625,1012.3625000000001,0.0,51.458333333333336,13.166666666666666,25.5,81.79166666666667,271.75,209.95833333333334,61.791666666666664,290.3958333333333,4.004166666666666,5.733333333333333,171.04166666666666,172.33333333333334,11.629166666666668,0.20333333333333334,0.82875,28.97083333333333,28.804166666666664,28.65416666666667,29.0,0.2647083333333333,0.26825000000000004,0.284875,0.313
2022-01-09,su,26.745833333333334,84.79166666666667,23.912499999999998,32.93333333333333,1009.1708333333332,1011.4708333333333,0.0,64.08333333333333,23.291666666666668,32.916666666666664,80.29166666666667,232.58333333333334,166.25,66.33333333333333,220.50416666666663,6.6125,9.095833333333333,197.875,182.41666666666666,16.154166666666665,0.17041666666666666,0.55625,28.7375,28.854166666666668,28.71666666666667,29.0,0.282125,0.26775,0.2784166666666667,0.3127083333333333
2022-01-10,su,26.729166666666668,83.625,23.675,33.512499999999996,1009.025,1011.3249999999999,0.0,50.25,16.958333333333332,16.708333333333332,82.83333333333333,238.04166666666666,165.58333333333334,72.45833333333333,222.16666666666666,6.545833333333333,9.083333333333334,167.79166666666666,164.66666666666666,14.725,0.18291666666666664,0.5966666666666667,28.645833333333332,28.650000000000002,28.733333333333334,29.0,0.2924583333333333,0.28591666666666665,0.27420833333333333,0.312
2022-01-11,su,25.808333333333334,89.16666666666667,23.8625,31.6375,1010.4416666666666,1012.7416666666667,0.0,74.16666666666667,23.916666666666668,41.125,99.66666666666667,133.54166666666666,39.708333333333336,93.83333333333333,64.77916666666667,11.670833333333334,17.141666666666666,166.125,165.91666666666666,21.108333333333334,0.10666666666666667,0.36833333333333335,27.183333333333334,27.941666666666666,28.704166666666666,29.0,0.31945833333333334,0.3084166666666667,0.2730416666666667,0.3115
2022-01-12,su,25.175,91.0,23.599999999999998,30.558333333333334,1010.875,1013.1750000000001,0.0,80.70833333333333,9.416666666666666,72.83333333333333,97.33333333333333,101.41666666666667,29.25,72.16666666666667,42.329166666666666,13.066666666666668,19.662499999999998,176.375,176.33333333333334,24.287499999999998,0.08541666666666665,0.2891666666666667,26.212500000000002,26.962500000000002,28.495833333333334,29.0,0.329,0.3275416666666667,0.28529166666666667,0.311
2022-01-13,su,25.741666666666664,87.08333333333333,23.354166666666668,31.516666666666666,1010.5625,1012.8625000000001,0.0,59.5,8.375,39.333333333333336,98.41666666666667,183.16666666666666,97.41666666666667,85.75,124.16666666666667,13.15,20.566666666666666,174.0,170.70833333333334,23.129166666666666,0.15,0.4483333333333333,26.75,26.933333333333334,28.2375,29.0,0.31745833333333334,0.3169166666666667,0.29416666666666663,0.311
2022-01-14,su,26.45,85.20833333333333,23.650000000000002,33.333333333333336,1009.5291666666667,1011.8291666666668,0.0,48.166666666666664,5.583333333333333,24.916666666666668,94.20833333333333,223.29166666666666,148.33333333333334,74.95833333333333,202.875,7.554166666666667,15.200000000000001,203.83333333333334,174.25,27.233333333333334,0.17125,0.5504166666666667,27.47083333333333,27.429166666666664,28.108333333333334,28.974999999999998,0.3092916666666667,0.3119166666666667,0.2977083333333333,0.31066666666666665
2022-01-15,su,26.429166666666664,84.45833333333333,23.566666666666666,31.804166666666664,1009.4541666666668,1011.7541666666666,0.0,55.25,8.916666666666666,29.125,99.54166666666667,153.875,46.416666666666664,107.45833333333333,63.458333333333336,12.541666666666666,19.470833333333335,189.79166666666666,174.33333333333334,27.054166666666664,0.1275,0.5504166666666667,27.175,27.47083333333333,28.037499999999998,28.899999999999995,0.2945833333333333,0.303625,0.297625,0.31
2022-01-16,su,25.925,88.29166666666667,23.833333333333332,31.820833333333336,1009.8249999999999,1012.125,0.0,71.125,19.291666666666668,52.5,88.20833333333333,185.91666666666666,94.25,91.66666666666667,115.24583333333334,11.520833333333334,17.666666666666668,163.79166666666666,162.625,21.625,0.14166666666666666,0.4070833333333333,27.3,27.47083333333333,28.0,28.899999999999995,0.29712500000000003,0.296375,0.2950833333333333,0.31
2022-01-17,su,26.229166666666668,86.29166666666667,23.662499999999998,32.112500000000004,1008.9666666666667,1011.2666666666668,0.0,72.875,33.75,27.625,99.54166666666667,199.95833333333334,85.125,114.83333333333333,109.44166666666666,11.945833333333333,18.341666666666665,160.95833333333334,161.16666666666666,21.191666666666666,0.15333333333333335,0.4979166666666666,27.358333333333334,27.441666666666666,27.962500000000002,28.899999999999995,0.3144166666666667,0.3100833333333333,0.29412499999999997,0.31
2022-01-18,su,25.354166666666668,90.16666666666667,23.625,31.05,1008.8541666666666,1011.1541666666667,0.0,70.625,27.333333333333332,34.5,99.875,139.54166666666666,34.083333333333336,105.45833333333333,38.65833333333334,11.854166666666666,18.279166666666665,171.95833333333334,171.5,22.516666666666666,0.11166666666666668,0.32583333333333336,26.608333333333334,27.145833333333332,27.916666666666668,28.8875,0.31495833333333334,0.31445833333333334,0.2967916666666666,0.31
2022-01-19,su,25.65416666666667,88.125,23.504166666666666,31.320833333333336,1008.2041666666668,1010.5041666666666,0.0,78.08333333333333,27.666666666666668,50.916666666666664,88.58333333333333,196.66666666666666,114.33333333333333,82.33333333333333,148.60833333333332,10.683333333333332,16.224999999999998,169.66666666666666,170.70833333333334,23.229166666666668,0.14833333333333334,0.4070833333333333,27.020833333333332,27.079166666666666,27.816666666666666,28.8,0.31320833333333337,0.31525,0.3005833333333333,0.3094166666666667
2022-01-20,su,24.72083333333333,92.29166666666667,23.370833333333334,30.4375,1009.1708333333335,1011.4708333333333,0.0,92.58333333333333,30.0,87.41666666666667,99.29166666666667,64.54166666666667,4.208333333333333,60.333333333333336,7.445833333333333,11.225,17.529166666666665,179.29166666666666,178.91666666666666,19.854166666666668,0.06125,0.24458333333333335,25.72083333333333,26.53333333333333,27.733333333333334,28.8,0.318625,0.3179166666666667,0.3035,0.309
2022-01-21,su,25.9375,84.91666666666667,23.1125,32.27916666666667,1009.0666666666666,1011.3666666666667,0.0,69.0,7.583333333333333,57.333333333333336,92.54166666666667,197.0,89.41666666666667,107.58333333333333,117.30833333333334,7.095833333333334,11.054166666666667,172.375,168.54166666666666,15.174999999999999,0.15166666666666667,0.5429166666666666,26.900000000000002,26.675,27.55,28.8,0.3016666666666667,0.3113333333333333,0.30704166666666666,0.309
2022-01-22,su,26.441666666666666,84.91666666666667,23.650000000000002,32.329166666666666,1008.6291666666666,1010.9291666666667,0.0,69.83333333333333,7.5,55.625,99.125,209.33333333333334,123.5,85.83333333333333,167.45416666666668,11.450000000000001,17.716666666666665,171.33333333333334,171.0,22.579166666666666,0.16291666666666668,0.5425,27.52916666666667,27.45,27.558333333333334,28.733333333333334,0.28070833333333334,0.29312499999999997,0.3055833333333333,0.309
2022-01-23,su,27.066666666666666,83.45833333333333,23.920833333333334,33.829166666666666,1007.7458333333334,1010.0458333333332,0.0,44.25,13.5,20.75,65.41666666666667,267.7083333333333,197.45833333333334,70.25,261.87916666666666,9.816666666666666,14.945833333333333,167.79166666666666,168.70833333333334,19.308333333333334,0.20833333333333334,0.63875,28.504166666666666,27.96666666666667,27.637500000000003,28.7,0.26895833333333335,0.27770833333333333,0.301875,0.309
2022-01-24,su,27.287499999999998,82.29166666666667,23.912499999999998,33.858333333333334,1006.4458333333333,1008.7333333333332,0.0,42.541666666666664,10.666666666666666,11.791666666666666,86.16666666666667,240.54166666666666,146.25,94.29166666666667,206.29999999999998,13.2125,20.345833333333335,163.45833333333334,165.04166666666666,24.229166666666668,0.2004166666666667,0.6791666666666667,28.433333333333334,28.291666666666668,27.825,28.7,0.25929166666666664,0.26533333333333337,0.2967916666666666,0.309
2022-01-25,su,27.02916666666667,82.95833333333333,23.791666666666668,32.7125,1006.5625,1008.8541666666666,0.0,49.416666666666664,23.125,18.333333333333332,58.75,260.25,200.91666666666666,59.333333333333336,270.1458333333333,17.266666666666666,25.9375,159.20833333333334,160.29166666666666,30.2375,0.21041666666666667,0.64125,28.329166666666666,28.291666666666668,27.9375,28.7,0.24962499999999999,0.25504166666666667,0.29104166666666664,0.30879166666666663
2022-01-26,su,26.837500000000002,84.41666666666667,23.9375,32.266666666666666,1007.5166666666668,1009.8166666666666,0.0,58.416666666666664,22.958333333333332,22.166666666666668,81.0,230.25,158.95833333333334,71.29166666666667,224.01666666666665,17.75,26.554166666666664,160.125,161.33333333333334,32.15833333333333,0.1829166666666667,0.5708333333333333,28.037499999999998,28.09583333333333,28.020833333333332,28.645833333333332,0.2585,0.24954166666666666,0.284875,0.308
2022-01-27,su,26.858333333333334,83.79166666666667,23.808333333333334,32.262499999999996,1008.4708333333333,1010.7708333333334,0.0,56.0,11.458333333333334,26.291666666666668,99.54166666666667,263.125,190.66666666666666,72.45833333333333,246.60833333333335,14.487499999999999,21.9875,166.75,167.29166666666666,27.52916666666667,0.2008333333333333,0.6091666666666666,28.212500000000002,28.125,28.075000000000003,28.600000000000005,0.27395833333333336,0.25454166666666667,0.27887500000000004,0.308
2022-01-28,su,26.5625,84.625,23.670833333333334,32.65,1009.3583333333332,1011.6583333333333,0.0,61.541666666666664,4.166666666666667,46.791666666666664,99.16666666666667,212.5,113.33333333333333,99.16666666666667,141.66666666666666,8.983333333333333,13.833333333333334,170.29166666666666,169.41666666666666,18.820833333333333,0.16624999999999998,0.5679166666666667,27.933333333333334,28.025000000000002,28.100000000000005,28.600000000000005,0.276,0.26729166666666665,0.27345833333333336,0.307375
2022-01-29,su,26.575,85.0,23.766666666666666,33.09166666666667,1009.5583333333334,1011.8583333333332,0.0,75.0,13.416666666666666,55.416666666666664,98.54166666666667,160.70833333333334,64.0,96.70833333333333,92.10000000000001,9.295833333333333,14.141666666666666,168.58333333333334,166.04166666666666,17.6375,0.13083333333333333,0.5441666666666667,27.354166666666668,27.670833333333334,28.100000000000005,28.600000000000005,0.28350000000000003,0.273625,0.26887500000000003,0.307
2022-01-30,su,26.287499999999998,87.08333333333333,23.8875,33.30833333333333,1009.1374999999999,1011.4375,0.0,59.875,6.208333333333333,40.708333333333336,99.29166666666667,154.25,56.291666666666664,97.95833333333333,77.42083333333333,5.158333333333333,7.916666666666667,189.29166666666666,183.95833333333334,13.225,0.1225,0.46541666666666665,27.3625,27.541666666666668,28.03333333333333,28.600000000000005,0.2758333333333333,0.27308333333333334,0.2651666666666667,0.306375
2022-01-31,su,26.325,87.66666666666667,24.054166666666664,32.983333333333334,1008.6625,1010.9625,0.0,55.25,8.166666666666666,29.833333333333332,99.54166666666667,199.08333333333334,97.58333333333333,101.5,127.875,9.325000000000001,13.995833333333332,165.625,164.25,17.620833333333334,0.15458333333333332,0.445,27.65833333333333,27.679166666666664,28.0,28.600000000000005,0.29404166666666665,0.28025,0.2619166666666667,0.306
2022-02-01,su,26.45,86.45833333333333,23.9375,33.108333333333334,1008.7791666666667,1011.0791666666668,0.0,64.70833333333333,10.833333333333334,50.625,94.33333333333333,237.20833333333334,156.91666666666666,80.29166666666667,210.35,9.070833333333333,13.941666666666668,160.83333333333334,160.04166666666666,18.154166666666665,0.17666666666666667,0.49,28.041666666666668,27.916666666666668,28.0,28.600000000000005,0.29662499999999997,0.29041666666666666,0.26054166666666667,0.30516666666666664
2022-02-02,su,26.8625,86.04166666666667,24.233333333333334,34.137499999999996,1009.5666666666666,1011.8666666666667,0.0,54.916666666666664,12.041666666666666,52.291666666666664,42.041666666666664,255.75,175.29166666666666,80.45833333333333,225.95833333333334,3.9,12.225,290.5416666666667,166.83333333333334,15.145833333333334,0.19208333333333336,0.5316666666666666,28.52916666666667,28.245833333333334,28.02916666666667,28.55416666666667,0.2977916666666667,0.29633333333333334,0.26175,0.30495833333333333
2022-02-03,su,26.758333333333336,86.04166666666667,24.108333333333334,33.612500000000004,1008.9875000000001,1011.2875,0.0,58.791666666666664,10.625,38.708333333333336,86.70833333333333,265.7916666666667,183.875,81.91666666666667,245.86249999999998,7.625,12.012500000000001,227.0,133.25,14.924999999999999,0.1991666666666667,0.5337500000000001,28.6875,28.4875,28.129166666666666,28.5,0.304875,0.298,0.26258333333333334,0.304
2022-02-04,su,26.8,84.375,23.829166666666666,33.300000000000004,1007.775,1010.0749999999999,0.0,62.166666666666664,10.625,42.375,90.5,251.95833333333334,170.66666666666666,81.29166666666667,220.17083333333332,6.491666666666667,8.9625,183.0,181.0,13.7125,0.18708333333333335,0.5941666666666666,28.6875,28.545833333333334,28.224999999999998,28.5,0.299375,0.301125,0.26566666666666666,0.303875
2022-02-05,su,26.370833333333334,86.95833333333333,23.962500000000002,32.61666666666667,1007.4875000000001,1009.7875,0.0,64.08333333333333,14.833333333333334,36.666666666666664,95.91666666666667,198.83333333333334,117.375,81.45833333333333,145.4375,10.358333333333333,14.987499999999999,170.20833333333334,168.58333333333334,20.2625,0.15708333333333332,0.4708333333333334,27.8625,28.145833333333332,28.287499999999998,28.5,0.31654166666666667,0.30945833333333334,0.2685416666666667,0.303
2022-02-06,su,26.304166666666664,87.33333333333333,23.995833333333334,32.32083333333333,1008.0958333333333,1010.3958333333334,0.0,66.95833333333333,14.541666666666666,46.666666666666664,91.375,191.04166666666666,95.58333333333333,95.45833333333333,127.80833333333334,10.35,14.987499999999999,156.54166666666666,155.91666666666666,20.154166666666665,0.15,0.44916666666666666,27.766666666666666,27.912499999999998,28.224999999999998,28.5,0.312,0.31320833333333337,0.2765416666666667,0.303
2022-02-07,su,25.5,90.75,23.879166666666666,30.954166666666666,1009.1041666666666,1011.4041666666667,0.0,82.20833333333333,22.0,57.916666666666664,95.83333333333333,117.33333333333333,23.083333333333332,94.25,32.858333333333334,11.2125,17.125,162.0,162.91666666666666,25.108333333333334,0.09125,0.30833333333333335,26.599999999999998,27.270833333333332,28.150000000000002,28.5,0.33379166666666665,0.3263333333333333,0.285375,0.303
2022-02-08,su,26.349999999999998,86.29166666666667,23.816666666666666,32.229166666666664,1009.6166666666667,1011.9166666666666,0.0,69.16666666666667,11.208333333333334,61.625,73.5,222.66666666666666,147.70833333333334,74.95833333333333,213.30416666666667,10.641666666666667,16.291666666666668,168.125,166.83333333333334,19.474999999999998,0.16583333333333333,0.49416666666666664,27.55,27.375,28.0125,28.5,0.32858333333333334,0.33008333333333334,0.30220833333333336,0.303
2022-02-09,su,26.3125,86.70833333333333,23.833333333333332,31.8125,1008.7541666666666,1011.0541666666667,0.0,65.875,8.166666666666666,49.5,95.875,224.08333333333334,142.625,81.45833333333333,191.40833333333333,9.258333333333333,14.2875,173.66666666666666,171.29166666666666,16.341666666666665,0.16666666666666666,0.48458333333333337,27.879166666666666,27.8125,27.974999999999998,28.5,0.31779166666666664,0.323125,0.31066666666666665,0.303
2022-02-10,su,26.125,88.125,23.920833333333334,31.9875,1007.8916666666668,1010.1916666666666,0.0,90.875,12.791666666666666,85.08333333333333,99.54166666666667,191.25,91.125,100.125,105.02499999999999,9.700000000000001,14.9,162.95833333333334,162.41666666666666,19.537499999999998,0.145,0.43,27.59583333333333,27.770833333333332,28.0,28.5,0.3125833333333333,0.31654166666666667,0.31325,0.30391666666666667
2022-02-11,su,25.90416666666667,88.83333333333333,23.8875,32.420833333333334,1007.8666666666667,1010.1666666666666,0.0,83.25,14.125,71.45833333333333,99.875,155.875,56.833333333333336,99.04166666666667,75.2625,7.2875000000000005,11.15,181.79166666666666,177.70833333333334,15.658333333333333,0.11875000000000001,0.3875,27.079166666666666,27.40833333333333,27.933333333333334,28.491666666666664,0.3275,0.3285416666666667,0.315875,0.305
2022-02-12,su,25.59166666666667,90.08333333333333,23.829166666666666,32.625,1007.2333333333332,1009.5333333333333,0.0,83.375,14.291666666666666,72.375,98.45833333333333,83.54166666666667,9.583333333333334,73.95833333333333,14.529166666666667,6.479166666666667,10.245833333333334,168.16666666666666,161.16666666666666,12.483333333333334,0.07291666666666667,0.3333333333333333,26.349999999999998,26.90416666666667,27.837500000000002,28.399999999999995,0.310125,0.32079166666666664,0.32095833333333335,0.306625
2022-02-13,su,25.90416666666667,87.79166666666667,23.708333333333332,32.25833333333333,1007.25,1009.5500000000001,0.0,78.625,25.25,61.041666666666664,91.95833333333333,135.0,52.25,82.75,72.62083333333334,6.120833333333334,8.279166666666667,195.375,175.04166666666666,14.045833333333334,0.105,0.4191666666666667,26.633333333333336,26.795833333333334,27.708333333333332,28.399999999999995,0.31954166666666667,0.31858333333333333,0.32004166666666667,0.3084166666666667
2022-02-14,su,26.120833333333334,87.08333333333333,23.754166666666666,32.99166666666667,1008.5625,1010.8625000000001,0.0,71.25,11.833333333333334,52.5,99.375,176.58333333333334,70.33333333333333,106.25,80.10000000000001,3.1791666666666667,3.9499999999999997,257.5,251.79166666666666,10.9625,0.13375,0.45999999999999996,27.3125,27.21666666666667,27.600000000000005,28.399999999999995,0.31579166666666664,0.3229166666666667,0.320875,0.30983333333333335
2022-02-15,su,26.412499999999998,86.91666666666667,23.983333333333334,34.458333333333336,1008.2875,1010.5875,0.0,57.916666666666664,17.583333333333332,39.083333333333336,64.75,221.79166666666666,138.95833333333334,82.83333333333333,186.66250000000002,2.8166666666666664,3.4458333333333333,220.16666666666666,225.45833333333334,9.891666666666667,0.16708333333333333,0.47458333333333336,28.09166666666667,27.795833333333334,27.633333333333336,28.399999999999995,0.3112916666666667,0.31233333333333335,0.3199166666666667,0.31124999999999997
2022-02-16,su,26.375,86.16666666666667,23.804166666666664,33.954166666666666,1006.9916666666667,1009.2916666666666,0.0,57.625,29.333333333333332,25.291666666666668,55.208333333333336,210.04166666666666,130.625,79.41666666666667,178.24166666666667,4.8875,7.333333333333333,216.20833333333334,219.375,12.6625,0.16291666666666668,0.5,28.016666666666666,27.941666666666666,27.729166666666668,28.399999999999995,0.31404166666666666,0.31758333333333333,0.31958333333333333,0.3122916666666667
2022-02-17,su,25.75,90.0,23.933333333333334,32.800000000000004,1007.4666666666667,1009.7666666666668,0.0,80.41666666666667,35.041666666666664,51.208333333333336,80.875,165.54166666666666,84.16666666666667,81.375,110.85833333333333,8.237499999999999,12.2125,291.9166666666667,293.0833333333333,16.408333333333335,0.12708333333333333,0.3458333333333334,27.233333333333334,27.59166666666667,27.8,28.329166666666666,0.3139166666666667,0.314,0.31858333333333333,0.313
2022-02-18,su,25.366666666666664,91.41666666666667,23.84583333333333,32.03333333333333,1009.3958333333334,1011.6958333333333,0.0,81.0,22.208333333333332,62.458333333333336,98.79166666666667,122.79166666666667,35.125,87.66666666666667,47.637499999999996,6.516666666666667,9.637500000000001,214.16666666666666,201.04166666666666,12.241666666666667,0.09125,0.2854166666666667,26.675,27.09166666666667,27.733333333333334,28.3,0.32204166666666667,0.322375,0.318625,0.314
2022-02-19,su,26.808333333333334,82.29166666666667,23.358333333333334,34.041666666666664,1009.2541666666666,1011.5541666666667,0.0,59.5,5.666666666666667,52.916666666666664,75.41666666666667,291.0833333333333,227.95833333333334,63.125,310.21666666666664,6.595833333333334,9.641666666666667,172.29166666666666,172.29166666666666,14.083333333333334,0.21375,0.6825,28.254166666666666,27.625,27.662499999999998,28.3,0.29704166666666665,0.31283333333333335,0.32108333333333333,0.31466666666666665
2022-02-20,su,26.304166666666664,85.95833333333333,23.733333333333334,32.44166666666667,1009.1333333333333,1011.4333333333334,0.0,58.083333333333336,8.458333333333334,37.125,97.58333333333333,205.75,113.625,92.125,145.4,9.379166666666666,13.9,180.41666666666666,178.83333333333334,17.983333333333334,0.15583333333333335,0.50375,28.0,28.087500000000002,27.766666666666666,28.3,0.310625,0.31066666666666665,0.3187083333333333,0.315
2022-02-21,su,26.40416666666667,86.04166666666667,23.77916666666667,31.908333333333335,1008.7708333333334,1011.0708333333333,0.0,42.166666666666664,4.666666666666667,13.833333333333334,98.75,217.66666666666666,105.33333333333333,112.33333333333333,136.36666666666665,7.945833333333333,12.166666666666666,183.875,181.83333333333334,18.375,0.16375,0.5216666666666666,27.90833333333333,27.816666666666666,27.820833333333336,28.3,0.30724999999999997,0.31945833333333334,0.32179166666666664,0.31595833333333334
2022-02-22,su,26.1125,87.16666666666667,23.741666666666664,32.27916666666667,1009.3041666666667,1011.6041666666666,0.0,39.541666666666664,6.125,8.416666666666666,99.0,195.0,84.45833333333333,110.54166666666667,97.5625,8.754166666666666,12.995833333333332,177.625,176.29166666666666,17.1375,0.15333333333333335,0.46625,27.55,27.724999999999998,27.854166666666668,28.3,0.311375,0.31720833333333337,0.32066666666666666,0.31675000000000003
2022-02-23,su,26.05,83.79166666666667,22.941666666666666,32.4,1009.8208333333333,1012.1208333333334,0.0,50.458333333333336,14.041666666666666,18.958333333333332,92.33333333333333,275.2916666666667,211.95833333333334,63.333333333333336,283.5541666666667,6.1125,9.200000000000001,196.79166666666666,194.83333333333334,15.729166666666666,0.20458333333333334,0.5991666666666667,28.054166666666664,27.866666666666664,27.854166666666668,28.3,0.29920833333333335,0.31124999999999997,0.3202916666666667,0.317
2022-02-24,su,26.483333333333334,83.04166666666667,23.241666666666664,32.74583333333333,1010.1208333333334,1012.4208333333332,0.0,45.666666666666664,13.041666666666666,24.375,64.58333333333333,272.5833333333333,209.41666666666666,63.166666666666664,284.81666666666666,6.1625000000000005,8.4125,175.83333333333334,168.83333333333334,13.695833333333333,0.2025,0.6308333333333334,28.2,28.045833333333334,27.90833333333333,28.266666666666666,0.2843333333333333,0.2907083333333333,0.31704166666666667,0.317
2022-02-25,su,26.145833333333332,83.875,23.125,32.75416666666667,1009.9666666666667,1012.2666666666668,0.0,63.833333333333336,31.333333333333332,13.625,95.0,223.875,140.29166666666666,83.58333333333333,183.92916666666667,7.170833333333333,9.829166666666667,162.29166666666666,158.125,15.716666666666667,0.1725,0.5766666666666667,27.741666666666664,27.925,27.95,28.2,0.27991666666666665,0.276625,0.31179166666666663,0.317
2022-02-26,su,26.054166666666664,87.83333333333333,23.858333333333334,32.479166666666664,1009.8041666666667,1012.1041666666666,0.0,62.458333333333336,22.708333333333332,27.083333333333332,93.25,215.95833333333334,117.04166666666667,98.91666666666667,149.02916666666667,8.316666666666666,11.7125,161.04166666666666,158.0,16.787499999999998,0.16,0.42333333333333334,27.741666666666664,27.8,27.95,28.2,0.294375,0.27845833333333336,0.30591666666666667,0.317
2022-02-27,su,26.179166666666664,85.75,23.520833333333332,32.11666666666667,1009.375,1011.6750000000001,0.0,66.83333333333333,15.833333333333334,43.125,89.25,230.33333333333334,156.0,74.33333333333333,198.82500000000002,10.145833333333334,15.424999999999999,168.33333333333334,167.5,20.820833333333333,0.16625,0.5145833333333333,27.7625,27.787499999999998,27.9375,28.2,0.30554166666666666,0.30075,0.30116666666666664,0.317
2022-02-28,su,25.9875,86.875,23.616666666666664,31.683333333333334,1008.9041666666667,1011.2041666666668,0.0,67.08333333333333,30.0,22.541666666666668,94.20833333333333,215.79166666666666,131.5,84.29166666666667,175.36666666666667,10.7875,16.016666666666666,157.04166666666666,156.04166666666666,25.758333333333336,0.15291666666666667,0.45166666666666666,27.508333333333336,27.645833333333332,27.912499999999998,28.2,0.3123333333333333,0.3099166666666667,0.2993333333333333,0.316625
2022-03-01,su,25.875,88.91666666666667,23.8875,31.849999999999998,1008.5749999999999,1010.875,0.0,68.20833333333333,24.041666666666668,28.458333333333332,98.16666666666667,150.41666666666666,56.666666666666664,93.75,71.64999999999999,12.929166666666667,19.395833333333332,155.29166666666666,155.25,23.883333333333336,0.12125000000000001,0.38083333333333336,26.974999999999998,27.329166666666666,27.891666666666666,28.2,0.31604166666666667,0.315125,0.3,0.316
2022-03-02,su,26.46666666666667,86.91666666666667,24.09166666666667,31.979166666666668,1007.7166666666667,1010.0166666666668,0.0,60.875,14.458333333333334,29.791666666666668,99.5,200.95833333333334,99.79166666666667,101.16666666666667,133.02083333333334,14.233333333333333,21.75,157.79166666666666,157.83333333333334,24.583333333333332,0.1575,0.46166666666666667,27.412499999999998,27.358333333333334,27.8,28.2,0.30420833333333336,0.311,0.301125,0.316
2022-03-03,su,26.53333333333333,85.66666666666667,23.8625,32.579166666666666,1007.9041666666667,1010.2041666666668,0.0,54.041666666666664,14.458333333333334,20.166666666666668,96.0,240.5,152.66666666666666,87.83333333333333,195.79999999999998,13.829166666666666,20.925,155.83333333333334,156.625,23.575,0.1875,0.5225000000000001,27.84583333333333,27.708333333333332,27.770833333333332,28.2,0.2899583333333333,0.29924999999999996,0.2985833333333333,0.316
2022-03-04,su,27.025000000000002,86.125,24.379166666666666,33.63333333333333,1008.9708333333333,1011.2708333333334,0.0,52.25,19.541666666666668,25.541666666666668,72.45833333333333,264.0,191.95833333333334,72.04166666666667,251.23749999999998,8.604166666666666,12.662500000000001,190.54166666666666,179.0,18.4875,0.1991666666666667,0.53875,28.599999999999998,28.179166666666664,27.825,28.2,0.2997916666666667,0.3025,0.294375,0.31516666666666665
2022-03-05,su,26.933333333333334,86.0,24.3125,34.06666666666667,1008.5666666666666,1010.8666666666667,0.0,58.625,7.583333333333333,39.0,94.66666666666667,231.41666666666666,146.25,85.16666666666667,205.64583333333334,4.654166666666667,6.2375,172.875,173.25,12.095833333333333,0.17500000000000002,0.5308333333333334,28.704166666666666,28.4875,27.933333333333334,28.2,0.310125,0.31675000000000003,0.2982916666666667,0.315
2022-03-06,su,26.7,87.58333333333333,24.3875,33.90416666666667,1008.0583333333334,1010.3583333333332,0.0,58.416666666666664,10.291666666666666,34.458333333333336,94.625,184.33333333333334,105.45833333333333,78.875,127.40833333333335,4.85,6.466666666666666,174.54166666666666,174.83333333333334,11.625,0.14375000000000002,0.46125,28.383333333333336,28.379166666666666,28.03333333333333,28.2,0.3163333333333333,0.31583333333333335,0.299375,0.315
2022-03-07,su,26.745833333333334,87.125,24.320833333333336,34.09166666666667,1008.3583333333332,1010.6583333333333,0.0,61.666666666666664,25.875,21.25,88.79166666666667,229.33333333333334,155.25,74.08333333333333,191.67083333333335,4.208333333333333,5.4624999999999995,160.95833333333334,158.70833333333334,10.433333333333334,0.1729166666666667,0.4779166666666667,28.712500000000002,28.479166666666668,28.120833333333334,28.2,0.31475000000000003,0.32204166666666667,0.30641666666666667,0.31454166666666666
2022-03-08,su,26.129166666666666,88.0,23.90833333333333,32.733333333333334,1008.0666666666666,1010.3666666666667,0.0,82.25,47.583333333333336,28.875,96.70833333333333,182.16666666666666,80.45833333333333,101.70833333333333,104.22083333333335,4.954166666666667,6.358333333333333,204.0,206.04166666666666,12.633333333333333,0.14208333333333334,0.4354166666666666,28.09166666666667,28.25,28.175,28.2,0.3235,0.32079166666666664,0.3084166666666667,0.314
2022-03-09,su,26.09166666666667,90.0,24.27916666666667,33.6875,1007.7125,1010.0124999999999,0.0,76.58333333333333,28.5,57.958333333333336,67.875,178.125,86.625,91.5,116.33749999999999,2.9416666666666664,3.5833333333333335,210.79166666666666,216.875,10.470833333333333,0.13583333333333333,0.36125,27.84583333333333,27.9375,28.141666666666666,28.2,0.34595833333333337,0.3449166666666667,0.32125,0.31454166666666666
2022-03-10,su,26.15416666666667,87.45833333333333,23.804166666666664,33.104166666666664,1007.1541666666667,1009.4541666666668,0.0,72.375,22.125,58.458333333333336,93.54166666666667,204.04166666666666,111.08333333333333,92.95833333333333,137.94166666666666,5.541666666666667,7.5,183.875,182.375,12.833333333333334,0.155,0.4604166666666667,27.912499999999998,27.9375,28.104166666666668,28.2,0.3460833333333333,0.3504583333333333,0.34345833333333337,0.318125
2022-03-11,su,25.958333333333332,89.375,24.041666666666668,33.49166666666667,1006.5041666666666,1008.8041666666667,0.0,69.45833333333333,29.125,41.625,84.20833333333333,154.58333333333334,68.45833333333333,86.125,90.77916666666665,4.820833333333334,6.795833333333333,192.125,173.66666666666666,13.308333333333332,0.11916666666666666,0.3725,27.558333333333334,27.795833333333334,28.100000000000005,28.2,0.342875,0.34925,0.3545,0.32625
2022-03-12,su,26.21666666666667,87.54166666666667,23.9375,33.62083333333333,1006.7166666666667,1009.0166666666668,0.0,71.125,33.333333333333336,22.208333333333332,98.08333333333333,173.95833333333334,89.08333333333333,84.875,125.64166666666667,6.691666666666666,9.558333333333334,163.83333333333334,159.04166666666666,15.404166666666667,0.13333333333333333,0.4379166666666667,27.616666666666664,27.7375,28.0125,28.2,0.31016666666666665,0.30424999999999996,0.34725,0.33425
2022-03-13,su,27.0,83.70833333333333,23.891666666666666,34.391666666666666,1007.6166666666667,1009.9166666666666,0.0,47.166666666666664,13.625,10.916666666666666,94.29166666666667,248.125,164.58333333333334,83.54166666666667,221.225,4.575,6.066666666666666,185.875,183.625,10.241666666666665,0.18458333333333332,0.6195833333333333,28.441666666666666,28.058333333333334,27.991666666666664,28.2,0.29454166666666665,0.286875,0.336,0.336
2022-03-14,su,27.070833333333336,85.75,24.416666666666668,34.229166666666664,1007.5958333333333,1009.8958333333334,0.0,57.041666666666664,22.625,14.75,93.0,226.20833333333334,123.0,103.20833333333333,171.84583333333333,5.1000000000000005,7.341666666666666,226.04166666666666,228.91666666666666,11.629166666666668,0.17041666666666666,0.5366666666666666,28.633333333333336,28.433333333333334,28.037499999999998,28.162499999999998,0.290875,0.2810833333333333,0.32483333333333336,0.336
2022-03-15,su,27.075,84.95833333333333,24.241666666666664,34.97083333333333,1007.2291666666666,1009.5291666666667,0.0,68.95833333333333,37.458333333333336,13.083333333333334,93.0,227.04166666666666,147.75,79.29166666666667,198.9,5.004166666666666,6.433333333333334,228.45833333333334,232.54166666666666,12.9625,0.17208333333333334,0.5695833333333333,28.833333333333332,28.616666666666664,28.133333333333336,28.100000000000005,0.30141666666666667,0.28783333333333333,0.312875,0.33558333333333334
2022-03-16,su,26.72083333333333,86.875,24.266666666666666,34.74583333333333,1007.4541666666668,1009.7541666666666,0.0,51.791666666666664,19.208333333333332,17.666666666666668,79.66666666666667,221.25,152.33333333333334,68.91666666666667,194.775,3.533333333333333,4.6625000000000005,221.83333333333334,226.5,10.591666666666667,0.1679166666666667,0.49291666666666667,28.570833333333336,28.55,28.224999999999998,28.150000000000002,0.3135833333333333,0.30820833333333336,0.30224999999999996,0.33487500000000003
2022-03-17,su,27.7625,81.91666666666667,24.266666666666666,35.975,1006.8874999999999,1009.1791666666667,0.0,23.375,6.708333333333333,8.583333333333334,40.5,280.5,230.375,50.125,321.28333333333336,3.7291666666666665,5.029166666666667,179.58333333333334,182.91666666666666,10.145833333333334,0.21,0.7266666666666667,29.27916666666667,28.787499999999998,28.27916666666667,28.2,0.28862499999999996,0.30683333333333335,0.29662499999999997,0.33395833333333336
2022-03-18,su,27.775000000000002,80.41666666666667,24.008333333333336,35.80416666666667,1006.6625,1008.9541666666668,0.0,49.708333333333336,12.916666666666666,24.75,77.29166666666667,271.9166666666667,209.625,62.291666666666664,287.8208333333333,5.5874999999999995,7.208333333333333,187.54166666666666,178.125,12.075000000000001,0.2091666666666667,0.7670833333333333,29.5125,29.2,28.424999999999997,28.2,0.27320833333333333,0.286875,0.28620833333333334,0.33283333333333337
2022-03-19,su,26.675,86.04166666666667,24.09166666666667,33.5375,1006.6666666666666,1008.9666666666667,0.0,52.583333333333336,13.375,18.541666666666668,97.70833333333333,206.91666666666666,106.625,100.29166666666667,138.47916666666666,7.858333333333333,10.708333333333334,191.75,191.33333333333334,13.299999999999999,0.16083333333333333,0.5129166666666667,28.608333333333334,28.84583333333333,28.5,28.2,0.29150000000000004,0.28520833333333334,0.2749166666666667,0.331625
2022-03-20,su,26.729166666666668,86.66666666666667,24.22083333333333,33.074999999999996,1007.8125,1010.1125000000001,0.0,58.375,13.208333333333334,33.166666666666664,91.0,219.91666666666666,134.08333333333334,85.83333333333333,169.88750000000002,4.658333333333333,6.283333333333334,163.41666666666666,163.875,12.737499999999999,0.165,0.5075,28.616666666666664,28.579166666666666,28.5,28.2,0.3084166666666667,0.30395833333333333,0.2688333333333333,0.3304166666666667
2022-03-21,su,26.379166666666666,90.25,24.6375,33.208333333333336,1009.3833333333333,1011.6833333333334,0.0,82.20833333333333,33.083333333333336,46.75,98.04166666666667,143.70833333333334,49.5,94.20833333333333,62.9375,5.3,6.716666666666668,165.0,158.41666666666666,12.762500000000001,0.10875,0.34375,27.787499999999998,28.1375,28.4875,28.2,0.3160833333333333,0.3124166666666667,0.2688333333333333,0.3290416666666667
2022-03-22,su,25.891666666666666,90.25,24.129166666666666,32.333333333333336,1010.0625,1012.3625000000001,0.0,76.41666666666667,25.333333333333332,47.666666666666664,96.375,135.25,39.041666666666664,96.20833333333333,47.12083333333334,6.170833333333333,8.645833333333334,187.29166666666666,187.20833333333334,12.2125,0.10083333333333333,0.33916666666666667,27.370833333333334,27.741666666666664,28.34583333333333,28.2,0.3195,0.314375,0.2694166666666667,0.32775000000000004
2022-03-23,su,26.75,86.95833333333333,24.3125,33.5125,1009.65,1011.9499999999999,0.0,58.833333333333336,19.333333333333332,36.791666666666664,64.25,228.58333333333334,163.29166666666666,65.29166666666667,223.33749999999998,6.120833333333334,8.666666666666666,165.41666666666666,157.5,16.0625,0.16541666666666668,0.48875,28.25,27.958333333333332,28.241666666666664,28.2,0.3016666666666667,0.30616666666666664,0.27137500000000003,0.326625
2022-03-24,su,27.191666666666666,81.79166666666667,23.708333333333332,34.69583333333333,1009.1666666666666,1011.4666666666667,0.0,54.333333333333336,19.541666666666668,24.125,74.0,238.45833333333334,158.54166666666666,79.91666666666667,212.88750000000002,6.908333333333334,9.950000000000001,175.45833333333334,170.33333333333334,13.645833333333334,0.18625,0.6970833333333334,28.583333333333332,28.40833333333333,28.2375,28.2,0.29458333333333336,0.2995833333333333,0.2687916666666667,0.3255416666666667
2022-03-25,su,27.083333333333332,83.25,23.854166666666668,35.166666666666664,1010.3333333333334,1012.6333333333333,0.0,55.208333333333336,15.208333333333334,25.75,86.29166666666667,220.25,120.54166666666667,99.70833333333333,154.625,3.7875,4.866666666666666,189.95833333333334,192.375,9.454166666666667,0.16749999999999998,0.6429166666666667,28.641666666666666,28.516666666666666,28.27916666666667,28.2,0.29754166666666665,0.297625,0.265125,0.3244166666666667
2022-03-26,su,26.766666666666666,84.66666666666667,23.875,33.96666666666667,1010.5,1012.8000000000001,0.0,51.541666666666664,19.375,22.958333333333332,67.58333333333333,233.16666666666666,159.83333333333334,73.33333333333333,204.6208333333333,6.191666666666666,8.3125,196.20833333333334,194.20833333333334,13.575000000000001,0.17708333333333334,0.5770833333333333,28.625,28.587500000000002,28.320833333333336,28.2,0.297875,0.292875,0.26125000000000004,0.3233333333333333
2022-03-27,su,26.46666666666667,85.5,23.7375,33.09583333333333,1010.1999999999999,1012.5,0.0,56.125,7.833333333333333,35.541666666666664,92.41666666666667,204.58333333333334,95.16666666666667,109.41666666666667,121.675,4.083333333333333,5.304166666666666,207.70833333333334,206.83333333333334,10.6875,0.15416666666666665,0.5354166666666667,28.224999999999998,28.366666666666664,28.34583333333333,28.2,0.29575,0.29020833333333335,0.25745833333333334,0.32216666666666666
2022-03-28,su,27.175,81.875,23.708333333333332,34.079166666666666,1009.5291666666667,1011.8291666666668,0.0,58.375,9.708333333333334,33.041666666666664,99.04166666666667,228.70833333333334,148.20833333333334,80.5,193.3083333333333,6.2,9.208333333333334,175.58333333333334,174.125,11.825000000000001,0.1779166666666667,0.6904166666666667,28.495833333333334,28.349999999999998,28.320833333333336,28.2,0.27758333333333335,0.2831666666666667,0.2535,0.32083333333333336
2022-03-29,su,27.379166666666666,82.54166666666667,24.0,34.604166666666664,1009.4041666666667,1011.7041666666668,0.0,44.291666666666664,9.125,25.833333333333332,68.16666666666667,227.5,131.5,96.0,170.07083333333335,4.904166666666667,7.183333333333334,231.04166666666666,235.95833333333334,11.066666666666668,0.17833333333333334,0.6804166666666668,28.795833333333334,28.575,28.34166666666667,28.2,0.26104166666666667,0.27095833333333336,0.24816666666666665,0.3196666666666667
2022-03-30,su,27.34166666666667,82.66666666666667,24.066666666666666,34.65,1009.5166666666668,1011.8166666666666,0.0,40.458333333333336,13.625,14.625,64.83333333333333,234.75,154.70833333333334,80.04166666666667,209.42916666666667,4.7625,6.629166666666666,262.125,282.8333333333333,10.254166666666666,0.1775,0.6587500000000001,28.920833333333334,28.770833333333332,28.399999999999995,28.2,0.2559166666666667,0.26066666666666666,0.24204166666666668,0.31845833333333334
2022-03-31,su,27.208333333333332,82.45833333333333,23.870833333333334,34.458333333333336,1009.6374999999999,1011.9375,0.0,37.541666666666664,14.375,10.375,61.166666666666664,251.875,186.125,65.75,247.71666666666667,4.316666666666666,5.6875,211.29166666666666,214.16666666666666,10.762500000000001,0.18666666666666668,0.67,29.008333333333336,28.8625,28.433333333333334,28.2,0.26445833333333335,0.25570833333333337,0.23587499999999997,0.31725
2022-04-01,su,26.641666666666666,85.875,24.004166666666666,33.19583333333333,1010.0916666666667,1012.3916666666668,0.0,51.166666666666664,14.75,23.083333333333332,79.625,203.33333333333334,101.29166666666667,102.04166666666667,137.68333333333334,4.845833333333333,6.279166666666666,197.29166666666666,195.91666666666666,10.341666666666667,0.15291666666666667,0.5187499999999999,28.495833333333334,28.625,28.5,28.2,0.287,0.26366666666666666,0.230625,0.31575000000000003
2022-04-02,su,26.875,83.95833333333333,23.833333333333332,34.108333333333334,1010.0458333333332,1012.3458333333333,0.0,65.95833333333333,7.416666666666667,51.5,94.375,200.58333333333334,99.45833333333333,101.125,122.62083333333334,3.4,4.370833333333334,201.375,197.58333333333334,9.450000000000001,0.15541666666666668,0.5991666666666666,28.516666666666666,28.5125,28.5,28.2,0.27970833333333334,0.27408333333333335,0.22770833333333332,0.31454166666666666
2022-04-03,su,26.820833333333336,84.54166666666667,23.895833333333332,33.645833333333336,1010.0083333333333,1012.3083333333334,0.0,55.541666666666664,12.416666666666666,33.25,83.125,221.41666666666666,134.33333333333334,87.08333333333333,179.53333333333333,4.433333333333334,5.879166666666666,201.20833333333334,200.79166666666666,10.424999999999999,0.16916666666666666,0.5812499999999999,28.650000000000002,28.541666666666668,28.479166666666668,28.2,0.2864583333333333,0.27075,0.225,0.3133333333333333
2022-04-04,su,26.724999999999998,84.08333333333333,23.708333333333332,33.8375,1010.4916666666667,1012.7916666666666,0.0,46.625,13.375,40.75,34.0,230.58333333333334,175.125,55.458333333333336,240.63333333333333,4.683333333333334,5.816666666666666,224.83333333333334,228.08333333333334,10.7125,0.17500000000000002,0.5958333333333333,28.733333333333334,28.6375,28.483333333333334,28.2,0.2947916666666666,0.292875,0.225625,0.31195833333333334
2022-04-05,su,27.243478260869566,81.91304347826087,23.778260869565216,35.20434782608696,1010.7869565217391,1013.0869565217391,0.0,37.391304347826086,13.478260869565217,22.434782608695652,39.17391304347826,264.1304347826087,205.2608695652174,58.869565217391305,286.1,3.743478260869565,4.78695652173913,177.56521739130434,178.34782608695653,10.243478260869566,0.20173913043478264,0.6960869565217392,29.108695652173914,28.839130434782607,28.5,28.217391304347824,0.2689565217391304,0.27573913043478265,0.22613043478260872,0.31073913043478263
2022-04-06,su,27.037499999999998,82.25,23.629166666666666,34.854166666666664,1010.2083333333334,1012.5083333333333,0.0,31.0,6.208333333333333,22.291666666666668,39.833333333333336,248.79166666666666,188.79166666666666,60.0,262.175,5.033333333333333,6.779166666666666,195.29166666666666,196.70833333333334,13.5375,0.19083333333333333,0.6791666666666667,29.016666666666666,28.900000000000002,28.53333333333333,28.3,0.25295833333333334,0.261875,0.22358333333333333,0.3095833333333333
2022-04-07,su,27.008333333333336,83.625,23.854166666666668,34.94166666666667,1009.3249999999999,1011.625,0.0,35.958333333333336,8.708333333333334,15.0,63.625,246.45833333333334,190.04166666666666,56.416666666666664,266.2,3.2291666666666665,4.258333333333334,176.79166666666666,188.70833333333334,11.770833333333334,0.18541666666666667,0.6345833333333334,28.983333333333334,28.875,28.600000000000005,28.3,0.2535833333333333,0.2519166666666667,0.22,0.30845833333333333
2022-04-08,su,27.241666666666664,83.0,23.974999999999998,35.391666666666666,1008.9875000000001,1011.2875,0.0,41.625,9.708333333333334,14.875,79.45833333333333,246.08333333333334,187.58333333333334,58.5,256.46666666666664,4.333333333333333,5.5,203.0,207.29166666666666,12.366666666666667,0.18916666666666668,0.6579166666666667,29.162499999999998,28.979166666666668,28.61666666666667,28.3,0.2544166666666667,0.24954166666666666,0.2165,0.3073333333333333
2022-04-09,su,27.566666666666666,80.04166666666667,23.65416666666667,35.2125,1008.9041666666667,1011.2041666666668,0.0,42.125,8.166666666666666,18.458333333333332,79.25,254.875,195.16666666666666,59.708333333333336,272.48333333333335,3.470833333333333,4.254166666666666,196.45833333333334,203.33333333333334,9.779166666666667,0.19166666666666665,0.7875,29.291666666666668,29.120833333333334,28.662499999999998,28.3,0.248125,0.24325,0.21291666666666664,0.30616666666666664
2022-04-10,su,27.420833333333334,80.75,23.704166666666666,35.233333333333334,1009.6208333333334,1011.9208333333332,0.0,39.458333333333336,12.375,20.541666666666668,53.083333333333336,239.41666666666666,178.25,61.166666666666664,254.70833333333334,3.2583333333333333,4.3500000000000005,181.375,167.29166666666666,9.879166666666666,0.18333333333333335,0.7429166666666666,29.020833333333332,28.995833333333334,28.7,28.3,0.2524166666666667,0.24183333333333334,0.20945833333333333,0.304875
2022-04-11,su,27.516666666666666,77.95833333333333,23.037499999999998,35.3125,1009.1750000000001,1011.475,0.0,14.25,4.916666666666667,11.666666666666666,9.291666666666666,265.4583333333333,217.04166666666666,48.416666666666664,305.40000000000003,3.525,4.595833333333333,211.54166666666666,212.5,9.945833333333333,0.20375,0.8891666666666667,29.183333333333334,29.004166666666666,28.71666666666667,28.3,0.23116666666666666,0.236,0.20616666666666664,0.3037083333333333
2022-04-12,su,27.233333333333334,77.83333333333333,22.75,34.983333333333334,1008.4250000000001,1010.725,0.0,19.375,4.125,15.416666666666666,21.375,253.875,203.625,50.25,291.3125,3.7375000000000003,4.8500000000000005,201.45833333333334,205.5,10.770833333333334,0.19208333333333336,0.8783333333333334,29.041666666666668,28.995833333333334,28.741666666666664,28.3,0.21320833333333333,0.22670833333333332,0.2025,0.3025833333333333
2022-04-13,su,27.462500000000002,75.875,22.599999999999998,34.983333333333334,1008.4291666666667,1010.7291666666666,0.0,21.5,4.791666666666667,13.708333333333334,29.541666666666668,262.9166666666667,212.79166666666666,50.125,301.09166666666664,3.525,4.833333333333333,201.70833333333334,207.79166666666666,10.379166666666666,0.20083333333333334,0.9491666666666667,29.183333333333334,29.05,28.766666666666666,28.3,0.20058333333333334,0.2177916666666667,0.19883333333333333,0.30141666666666667
2022-04-14,su,27.575,74.04166666666667,22.191666666666666,35.041666666666664,1008.3833333333333,1010.6833333333334,0.0,11.166666666666666,5.958333333333333,7.958333333333333,3.3333333333333335,281.0416666666667,237.08333333333334,43.958333333333336,336.54583333333335,5.7250000000000005,7.858333333333333,209.625,213.58333333333334,13.145833333333334,0.21916666666666665,1.04375,29.191666666666666,29.079166666666666,28.787499999999998,28.3,0.18741666666666668,0.209125,0.19516666666666668,0.3002916666666667
2022-04-15,su,27.7,74.54166666666667,22.370833333333334,35.3375,1008.6708333333332,1010.9666666666667,0.0,19.458333333333332,8.0,7.458333333333333,25.416666666666668,282.4166666666667,240.83333333333334,41.583333333333336,343.92083333333335,4.5125,6.491666666666667,199.83333333333334,204.41666666666666,11.470833333333333,0.21624999999999997,1.0504166666666668,29.383333333333336,29.141666666666666,28.8,28.3,0.17341666666666666,0.2001666666666667,0.1915,0.2990833333333333
2022-04-16,su,27.883333333333336,78.16666666666667,23.483333333333334,35.362500000000004,1008.4166666666666,1010.7166666666667,0.0,26.25,6.5,11.875,44.125,249.125,200.33333333333334,48.791666666666664,288.15,4.104166666666667,5.645833333333333,190.45833333333334,194.0,10.741666666666667,0.18916666666666668,0.8866666666666667,29.645833333333332,29.40416666666667,28.833333333333332,28.379166666666666,0.16716666666666669,0.19245833333333331,0.18795833333333334,0.2977916666666666
2022-04-17,su,27.849999999999998,79.16666666666667,23.745833333333334,35.13333333333333,1007.9875000000001,1010.2791666666667,0.0,32.916666666666664,7.708333333333333,16.125,54.416666666666664,249.91666666666666,196.20833333333334,53.708333333333336,277.9791666666667,4.816666666666667,6.570833333333333,203.625,205.83333333333334,11.716666666666667,0.19125,0.8404166666666667,29.558333333333334,29.425,28.899999999999995,28.399999999999995,0.17174999999999999,0.18658333333333332,0.18483333333333332,0.29666666666666663
2022-04-18,su,27.224999999999998,84.75,24.400000000000002,34.625,1008.7166666666667,1011.0166666666668,0.0,65.75,22.416666666666668,29.041666666666668,97.04166666666667,167.91666666666666,73.25,94.66666666666667,98.625,6.583333333333333,9.295833333333333,278.2916666666667,281.9166666666667,13.1625,0.13166666666666668,0.5658333333333333,28.608333333333334,29.03333333333333,28.899999999999995,28.399999999999995,0.18970833333333334,0.18299999999999997,0.18216666666666667,0.2955833333333333
2022-04-19,su,26.141666666666666,89.58333333333333,24.28333333333333,33.225,1009.4583333333334,1011.7583333333333,0.0,77.58333333333333,47.166666666666664,46.416666666666664,98.20833333333333,119.20833333333333,34.541666666666664,84.66666666666667,50.80416666666667,4.379166666666666,5.654166666666666,235.16666666666666,237.79166666666666,10.625,0.09458333333333334,0.36166666666666664,27.504166666666666,28.1875,28.849999999999998,28.399999999999995,0.2504166666666667,0.19183333333333333,0.18012499999999998,0.29454166666666665
2022-04-20,su,25.75,87.70833333333333,23.504166666666666,32.80833333333333,1009.4208333333332,1011.7208333333333,0.0,90.20833333333333,16.958333333333332,91.91666666666667,92.33333333333333,96.41666666666667,19.5,76.91666666666667,27.650000000000002,5.795833333333333,8.0625,272.5416666666667,272.875,11.450000000000001,0.08291666666666667,0.4254166666666667,26.766666666666666,27.383333333333336,28.670833333333334,28.399999999999995,0.2965,0.258875,0.17983333333333332,0.2935
2022-04-21,su,26.145833333333332,87.04166666666667,23.8,33.19583333333333,1009.4916666666667,1011.7916666666666,0.0,58.75,24.083333333333332,35.5,57.166666666666664,180.54166666666666,111.20833333333333,69.33333333333333,162.45416666666668,5.9375,8.408333333333333,240.0,242.25,12.012500000000001,0.13874999999999998,0.45458333333333334,27.420833333333334,27.445833333333336,28.441666666666666,28.399999999999995,0.282,0.2667916666666667,0.18220833333333333,0.2925
2022-04-22,su,27.266666666666666,82.20833333333333,23.820833333333336,34.395833333333336,1009.6666666666666,1011.9666666666667,0.0,45.791666666666664,7.875,19.166666666666668,90.5,245.91666666666666,182.79166666666666,63.125,250.54583333333335,6.029166666666666,8.720833333333333,238.58333333333334,247.25,12.5625,0.18375,0.6945833333333334,28.349999999999998,28.054166666666664,28.320833333333336,28.399999999999995,0.2755,0.2689166666666667,0.18499999999999997,0.29154166666666664
2022-04-23,su,27.708333333333332,81.79166666666667,24.1375,35.53333333333333,1008.5666666666666,1010.8666666666667,0.0,45.375,15.75,16.75,70.70833333333333,246.91666666666666,196.95833333333334,49.958333333333336,278.1875,3.8333333333333335,5.241666666666666,237.20833333333334,210.66666666666666,9.887500000000001,0.18666666666666665,0.7320833333333333,29.070833333333336,28.704166666666666,28.333333333333332,28.399999999999995,0.262125,0.259125,0.1865416666666667,0.2905833333333333
2022-04-24,su,27.325,83.66666666666667,24.204166666666666,35.12083333333333,1008.2375000000001,1010.5375,0.0,53.916666666666664,24.625,17.833333333333332,73.54166666666667,223.45833333333334,165.0,58.458333333333336,225.25,4.4125000000000005,5.908333333333334,258.75,262.8333333333333,9.854166666666666,0.16916666666666666,0.6279166666666667,28.84583333333333,28.8125,28.424999999999997,28.399999999999995,0.28620833333333334,0.26258333333333334,0.18729166666666666,0.2897083333333333
2022-04-25,su,27.65416666666667,80.54166666666667,23.84583333333333,35.233333333333334,1007.5416666666666,1009.8416666666667,0.0,27.833333333333332,5.333333333333333,23.583333333333332,29.416666666666668,235.25,184.0,51.25,257.5541666666667,5.591666666666666,7.620833333333334,267.625,271.9583333333333,11.262500000000001,0.1825,0.7733333333333333,28.770833333333332,28.695833333333336,28.474999999999998,28.399999999999995,0.2715416666666667,0.26529166666666665,0.18904166666666666,0.288875
2022-04-26,su,26.912499999999998,84.04166666666667,23.900000000000002,34.0,1007.5625,1009.8625000000001,0.0,60.958333333333336,26.958333333333332,38.5,72.33333333333333,198.29166666666666,126.91666666666667,71.375,181.24166666666667,3.6458333333333335,4.833333333333333,189.70833333333334,190.29166666666666,9.708333333333334,0.14625000000000002,0.5962500000000001,28.53333333333333,28.616666666666664,28.5,28.399999999999995,0.26808333333333334,0.25733333333333336,0.190125,0.288
2022-04-27,su,26.829166666666666,85.625,24.129166666666666,34.675000000000004,1007.7375000000001,1010.0375,0.0,66.08333333333333,28.791666666666668,36.375,77.5,197.83333333333334,128.08333333333334,69.75,179.375,3.970833333333333,5.333333333333333,198.33333333333334,218.5,11.379166666666668,0.14875000000000002,0.5391666666666667,28.370833333333334,28.416666666666668,28.5,28.399999999999995,0.27466666666666667,0.2567916666666667,0.19099999999999998,0.2871666666666666
2022-04-28,su,26.941666666666666,84.83333333333333,24.070833333333336,34.40833333333333,1008.4,1010.6999999999999,0.0,52.0,27.75,14.375,69.91666666666667,187.33333333333334,122.83333333333333,64.5,173.17083333333335,4.25,5.566666666666666,223.83333333333334,223.45833333333334,11.783333333333333,0.14583333333333334,0.5745833333333333,28.379166666666666,28.400000000000002,28.5,28.399999999999995,0.29154166666666664,0.2753333333333334,0.19320833333333334,0.2864583333333333
2022-04-29,su,27.1125,84.83333333333333,24.2625,34.75416666666667,1008.4291666666667,1010.7291666666666,0.0,42.083333333333336,18.833333333333332,14.041666666666666,55.541666666666664,219.125,160.79166666666666,58.333333333333336,233.45833333333334,3.9875000000000003,5.8999999999999995,241.625,243.58333333333334,10.329166666666667,0.16541666666666668,0.5750000000000001,28.65416666666667,28.508333333333336,28.46666666666667,28.399999999999995,0.276375,0.26875,0.19616666666666668,0.28583333333333333
2022-04-30,su,26.787499999999998,85.45833333333333,24.120833333333334,33.24166666666667,1008.5041666666666,1010.8041666666667,0.0,64.375,28.916666666666668,30.75,67.0,187.45833333333334,110.625,76.83333333333333,168.27083333333334,8.799999999999999,12.429166666666667,259.0416666666667,261.3333333333333,17.133333333333333,0.14125000000000001,0.5270833333333333,28.099999999999998,28.358333333333334,28.491666666666664,28.399999999999995,0.2805,0.26725000000000004,0.19820833333333335,0.285
2022-05-01,su,26.983333333333334,86.54166666666667,24.5125,34.46666666666667,1008.3958333333334,1010.6958333333333,0.0,48.541666666666664,20.708333333333332,19.25,61.0,197.625,123.29166666666667,74.33333333333333,189.45416666666668,10.270833333333334,15.295833333333334,319.4583333333333,323.7916666666667,18.904166666666665,0.15375,0.4945833333333334,28.104166666666668,28.129166666666666,28.416666666666668,28.399999999999995,0.2665416666666667,0.265375,0.2001666666666667,0.28441666666666665
2022-05-02,su,27.97083333333333,80.16666666666667,23.96666666666667,35.699999999999996,1008.15,1010.4458333333333,0.0,35.166666666666664,5.625,6.791666666666667,86.66666666666667,256.7916666666667,211.875,44.916666666666664,307.79583333333335,6.391666666666667,10.0625,264.5833333333333,274.375,12.995833333333332,0.20166666666666666,0.8279166666666667,29.05,28.620833333333334,28.40833333333333,28.399999999999995,0.24470833333333333,0.2534166666666667,0.20079166666666667,0.283875
2022-05-03,su,27.787499999999998,79.625,23.670833333333334,35.87083333333333,1008.625,1010.9250000000001,0.0,17.458333333333332,3.9166666666666665,5.333333333333333,35.458333333333336,264.0,223.375,40.625,327.34583333333336,6.945833333333333,10.725,277.7916666666667,300.9166666666667,14.475,0.2070833333333333,0.8466666666666667,29.09166666666667,28.8875,28.462500000000002,28.399999999999995,0.225375,0.24062499999999998,0.20000000000000004,0.283
2022-05-04,su,27.666666666666668,79.25,23.55,35.291666666666664,1008.8874999999999,1011.1875,0.0,39.583333333333336,7.791666666666667,13.333333333333334,81.66666666666667,248.625,196.79166666666666,51.833333333333336,286.28333333333336,5.379166666666666,7.841666666666666,198.45833333333334,216.5,12.045833333333334,0.18958333333333333,0.8329166666666667,29.28333333333333,29.099999999999998,28.53333333333333,28.399999999999995,0.2125,0.229375,0.19841666666666669,0.28241666666666665
2022-05-05,su,27.545833333333334,79.5,23.47083333333333,35.545833333333334,1008.3208333333333,1010.6208333333334,0.0,36.333333333333336,7.166666666666667,12.041666666666666,75.375,219.41666666666666,150.41666666666666,69.0,214.79166666666666,3.625,5.270833333333333,178.375,167.75,10.179166666666667,0.16874999999999998,0.8179166666666666,28.974999999999998,28.954166666666666,28.608333333333334,28.399999999999995,0.20550000000000002,0.2207083333333333,0.1965416666666667,0.28191666666666665
2022-05-06,su,27.875,79.70833333333333,23.925,35.475,1007.5375,1009.8375,0.0,30.916666666666668,14.166666666666666,19.5,21.625,224.16666666666666,172.04166666666666,52.125,257.6125,4.020833333333333,5.8374999999999995,257.4583333333333,276.5416666666667,10.7875,0.17,0.80375,29.229166666666668,29.054166666666664,28.650000000000002,28.399999999999995,0.19791666666666666,0.21316666666666664,0.19470833333333334,0.281
2022-05-07,su,27.962500000000002,80.08333333333333,24.020833333333332,35.887499999999996,1007.4083333333333,1009.6958333333333,0.0,32.708333333333336,8.125,15.75,53.041666666666664,237.79166666666666,191.125,46.666666666666664,279.1791666666667,3.8333333333333335,5.170833333333333,241.25,250.0,9.983333333333333,0.18333333333333335,0.8133333333333334,29.349999999999998,29.116666666666664,28.704166666666666,28.399999999999995,0.204125,0.20691666666666664,0.19279166666666667,0.28045833333333337
2022-05-08,su,27.358333333333334,82.16666666666667,23.920833333333334,34.65416666666667,1008.0416666666666,1010.3416666666667,0.0,63.041666666666664,31.166666666666668,33.083333333333336,67.79166666666667,204.33333333333334,147.29166666666666,57.041666666666664,209.47916666666666,4.458333333333333,6.116666666666667,238.33333333333334,230.0,11.066666666666668,0.15708333333333332,0.6920833333333333,28.883333333333336,29.0,28.754166666666666,28.399999999999995,0.233,0.20537499999999997,0.19087500000000002,0.28
2022-05-09,su,26.4375,89.625,24.55,33.641666666666666,1008.5,1010.8000000000001,0.0,85.375,23.875,66.20833333333333,98.91666666666667,100.875,19.75,81.125,26.204166666666666,8.908333333333333,13.1625,281.2083333333333,296.625,19.470833333333335,0.08875,0.3720833333333333,27.441666666666666,28.129166666666666,28.724999999999998,28.399999999999995,0.33108333333333334,0.3026666666666667,0.19891666666666666,0.279
2022-05-10,su,27.079166666666666,87.08333333333333,24.650000000000002,34.37083333333333,1008.4208333333332,1010.7208333333333,0.0,70.75,35.75,27.583333333333332,86.70833333333333,184.29166666666666,109.20833333333333,75.08333333333333,157.54583333333332,6.8999999999999995,10.433333333333334,266.625,272.7083333333333,14.008333333333333,0.14166666666666666,0.4920833333333334,28.2,28.066666666666666,28.570833333333336,28.399999999999995,0.314625,0.31254166666666666,0.219625,0.279
2022-05-11,su,27.375,85.375,24.6125,35.395833333333336,1007.8583333333332,1010.1583333333333,0.0,63.666666666666664,29.875,40.791666666666664,58.583333333333336,201.33333333333334,133.08333333333334,68.25,209.8791666666667,3.65,5.4375,225.625,220.75,10.091666666666667,0.15166666666666667,0.5625,28.787499999999998,28.53333333333333,28.508333333333336,28.458333333333332,0.29462499999999997,0.3040833333333333,0.236375,0.2783333333333334
2022-05-12,su,27.4375,85.79166666666667,24.770833333333332,35.641666666666666,1008.5875,1010.8833333333333,0.0,51.916666666666664,20.0,18.458333333333332,75.70833333333333,199.83333333333334,127.70833333333333,72.125,189.525,4.233333333333333,5.4624999999999995,194.25,194.91666666666666,10.145833333333334,0.15541666666666668,0.5437500000000001,28.941666666666666,28.829166666666666,28.55,28.5,0.28720833333333334,0.28479166666666667,0.24170833333333333,0.278
2022-05-13,su,27.833333333333332,83.04166666666667,24.554166666666664,35.69583333333333,1009.3208333333333,1011.6208333333334,0.0,35.833333333333336,20.416666666666668,14.875,28.125,220.41666666666666,166.41666666666666,54.0,249.5875,3.1916666666666664,4.591666666666667,159.83333333333334,147.75,10.329166666666667,0.16708333333333333,0.6733333333333333,29.208333333333332,28.954166666666666,28.604166666666668,28.5,0.28354166666666664,0.2843333333333333,0.24445833333333333,0.278
2022-05-14,su,27.416666666666668,84.16666666666667,24.420833333333334,35.12083333333333,1010.5083333333333,1012.8083333333334,0.0,57.25,27.0,14.916666666666666,79.41666666666667,195.5,121.0,74.5,178.95833333333334,3.4375,4.6875,220.45833333333334,197.70833333333334,9.887500000000001,0.14875000000000002,0.6075,29.008333333333336,29.008333333333336,28.666666666666668,28.5,0.27375,0.2747916666666667,0.24583333333333335,0.27795833333333336
2022-05-15,su,27.72083333333333,84.125,24.65833333333333,35.704166666666666,1010.3083333333334,1012.6083333333332,0.0,37.291666666666664,24.833333333333332,20.208333333333332,9.416666666666666,218.16666666666666,159.5,58.666666666666664,237.35416666666666,4.6375,6.695833333333333,227.25,251.54166666666666,11.35,0.16708333333333333,0.635,29.0625,28.916666666666668,28.7,28.5,0.259125,0.2657916666666667,0.24558333333333335,0.277
2022-05-16,su,27.483333333333334,83.0,24.266666666666666,36.1875,1009.8833333333333,1012.1833333333334,0.0,27.75,17.0,17.708333333333332,6.125,211.625,158.5,53.125,237.07916666666665,3.0083333333333333,3.7125,192.5,165.5,10.191666666666666,0.15958333333333333,0.655,28.9375,28.97083333333333,28.71666666666667,28.5,0.2534166666666667,0.25808333333333333,0.24454166666666666,0.277
2022-05-17,su,27.05,83.625,23.962500000000002,34.449999999999996,1010.4458333333333,1012.7458333333334,0.0,51.583333333333336,19.541666666666668,23.25,66.70833333333333,196.08333333333334,133.0,63.083333333333336,206.84166666666667,4.929166666666666,6.733333333333333,244.29166666666666,247.33333333333334,11.358333333333334,0.15,0.6120833333333333,28.604166666666668,28.6875,28.712500000000002,28.5,0.255125,0.253125,0.24345833333333333,0.277
2022-05-18,su,26.8625,87.625,24.616666666666664,34.22083333333333,1011.1083333333332,1013.4083333333333,0.0,67.79166666666667,33.625,19.75,87.25,175.91666666666666,106.41666666666667,69.5,151.02083333333334,7.579166666666667,11.6,330.4166666666667,334.7083333333333,16.425,0.13291666666666666,0.4483333333333333,28.116666666666664,28.416666666666668,28.7,28.5,0.27058333333333334,0.253625,0.24204166666666668,0.277
2022-05-19,su,26.587500000000002,88.54166666666667,24.52916666666667,34.05833333333333,1011.2666666666668,1013.5666666666666,0.0,66.70833333333333,26.291666666666668,28.25,95.41666666666667,159.375,77.54166666666667,81.83333333333333,108.09166666666665,7.625,11.670833333333334,297.4166666666667,287.2916666666667,16.016666666666666,0.12208333333333334,0.4054166666666667,27.78333333333333,28.075,28.6125,28.5,0.29633333333333334,0.27487500000000004,0.242125,0.2760416666666667
2022-05-20,su,26.391666666666666,89.375,24.462500000000002,33.40416666666667,1010.5708333333333,1012.8708333333334,0.0,71.91666666666667,18.791666666666668,44.083333333333336,96.83333333333333,144.95833333333334,65.66666666666667,79.29166666666667,96.32916666666667,6.0625,8.691666666666666,276.625,279.0,15.049999999999999,0.11208333333333333,0.3804166666666666,27.645833333333332,27.879166666666666,28.508333333333336,28.5,0.29662499999999997,0.28529166666666667,0.244375,0.276
2022-05-21,su,26.2375,87.58333333333333,23.974999999999998,33.49166666666667,1009.9333333333334,1012.2333333333332,0.0,64.04166666666667,13.75,40.875,90.25,139.375,54.833333333333336,84.54166666666667,79.95,5.604166666666667,8.545833333333333,305.5416666666667,308.5416666666667,13.204166666666666,0.11291666666666667,0.44083333333333335,27.40833333333333,27.662499999999998,28.354166666666668,28.5,0.30604166666666666,0.297125,0.2490416666666667,0.276
2022-05-22,su,27.125,81.33333333333333,23.558333333333334,34.016666666666666,1008.6833333333334,1010.9833333333332,0.0,29.791666666666668,12.666666666666666,18.875,23.333333333333332,224.16666666666666,178.95833333333334,45.208333333333336,272.9458333333333,9.5,14.762500000000001,320.75,326.5833333333333,18.595833333333335,0.17500000000000002,0.7045833333333333,27.8875,27.8125,28.266666666666666,28.5,0.28620833333333334,0.2944583333333333,0.25525000000000003,0.276
2022-05-23,su,27.40833333333333,78.5,23.22083333333333,34.475,1008.9166666666666,1011.2166666666667,0.0,30.25,13.291666666666666,10.166666666666666,40.708333333333336,227.75,179.91666666666666,47.833333333333336,275.76666666666665,11.854166666666666,18.554166666666667,324.5833333333333,329.1666666666667,21.691666666666666,0.19041666666666668,0.8179166666666666,28.120833333333334,28.083333333333332,28.22083333333333,28.5,0.2607083333333334,0.2763333333333334,0.257,0.276
2022-05-24,su,27.075,83.375,23.962500000000002,34.67916666666667,1010.3166666666666,1012.6166666666667,0.0,37.708333333333336,18.291666666666668,12.875,45.125,205.95833333333334,155.0,50.958333333333336,245.77916666666667,11.545833333333334,17.995833333333334,325.2916666666667,330.2083333333333,21.2,0.17041666666666666,0.6175,28.133333333333336,28.145833333333332,28.208333333333332,28.5,0.25275,0.26375,0.25645833333333334,0.2751666666666667
2022-05-25,su,27.15833333333333,85.25,24.3875,34.358333333333334,1010.4541666666668,1012.7541666666666,0.0,50.625,20.958333333333332,20.166666666666668,65.54166666666667,201.375,140.95833333333334,60.416666666666664,203.33333333333334,7.816666666666666,11.695833333333333,258.7916666666667,264.5416666666667,17.5,0.1525,0.5570833333333333,28.212500000000002,28.1875,28.22083333333333,28.5,0.27158333333333334,0.261,0.2551666666666667,0.275
2022-05-26,su,25.420833333333334,90.58333333333333,23.729166666666668,31.150000000000002,1010.8083333333334,1013.1083333333332,0.0,91.20833333333333,12.166666666666666,91.20833333333333,98.91666666666667,106.25,33.458333333333336,72.79166666666667,47.48333333333333,6.55,9.870833333333334,208.70833333333334,208.41666666666666,14.362499999999999,0.08541666666666668,0.3154166666666667,26.875,27.616666666666664,28.21666666666667,28.5,0.32008333333333333,0.2934583333333333,0.25608333333333333,0.275
2022-05-27,su,26.1375,87.29166666666667,23.816666666666666,32.395833333333336,1009.6458333333334,1011.9458333333333,0.0,75.20833333333333,10.958333333333334,64.70833333333333,88.41666666666667,130.375,54.25,76.125,81.2875,5.7250000000000005,9.370833333333334,212.0,183.83333333333334,10.229166666666666,0.10041666666666667,0.45250000000000007,26.941666666666666,27.104166666666668,28.041666666666668,28.454166666666666,0.309625,0.31279166666666663,0.2680416666666667,0.275
2022-05-28,su,26.604166666666668,84.66666666666667,23.683333333333334,34.28333333333333,1009.15,1011.4499999999999,0.0,44.958333333333336,10.916666666666666,44.541666666666664,28.291666666666668,187.54166666666666,119.95833333333333,67.58333333333333,173.04999999999998,3.7708333333333335,5.3500000000000005,199.33333333333334,192.08333333333334,9.2125,0.14333333333333334,0.5791666666666667,27.72083333333333,27.520833333333332,27.94583333333333,28.399999999999995,0.28720833333333334,0.3007083333333333,0.27566666666666667,0.275
2022-05-29,su,26.849999999999998,85.08333333333333,24.025000000000002,34.11666666666667,1009.1333333333333,1011.4333333333334,0.0,47.791666666666664,12.125,40.416666666666664,42.125,210.83333333333334,159.41666666666666,51.416666666666664,237.82083333333333,4.945833333333334,6.816666666666666,235.16666666666666,239.70833333333334,12.375,0.1525,0.5666666666666667,28.258333333333336,28.087500000000002,27.958333333333332,28.399999999999995,0.2710416666666667,0.28320833333333334,0.27737500000000004,0.275
2022-05-30,su,27.22083333333333,84.91666666666667,24.34166666666667,34.729166666666664,1008.2958333333332,1010.5958333333333,0.0,31.0,10.625,14.25,42.833333333333336,208.95833333333334,157.70833333333334,51.25,245.99166666666667,5.816666666666666,8.604166666666666,259.875,262.0,11.504166666666668,0.16083333333333333,0.5904166666666667,28.295833333333334,28.21666666666667,28.020833333333332,28.399999999999995,0.26229166666666665,0.2734166666666667,0.27658333333333335,0.275
2022-05-31,su,26.8,84.83333333333333,23.929166666666664,34.53333333333333,1008.2833333333333,1010.5833333333334,0.0,26.291666666666668,11.833333333333334,12.666666666666666,27.0,209.375,158.95833333333334,50.416666666666664,250.39166666666668,6.266666666666667,10.7125,194.83333333333334,201.45833333333334,12.475,0.155,0.5770833333333333,28.329166666666666,28.233333333333334,28.079166666666666,28.399999999999995,0.2530833333333333,0.26395833333333335,0.27545833333333336,0.275
2022-06-01,su,26.683333333333334,86.33333333333333,24.170833333333334,33.854166666666664,1009.2333333333332,1011.5333333333333,0.0,60.875,19.208333333333332,25.375,98.375,178.58333333333334,107.83333333333333,70.75,160.975,4.654166666666667,10.5875,83.16666666666667,121.25,10.6,0.13416666666666668,0.49541666666666667,28.025000000000002,28.170833333333334,28.1125,28.399999999999995,0.25975,0.25795833333333335,0.273625,0.275
2022-06-02,su,27.099999999999998,83.16666666666667,23.849999999999998,34.829166666666666,1009.2041666666668,1011.5041666666666,0.0,23.0,9.875,9.958333333333334,26.708333333333332,212.58333333333334,168.08333333333334,44.5,263.78333333333336,3.8000000000000003,5.5249999999999995,196.79166666666666,211.54166666666666,9.9625,0.16,0.6504166666666666,28.425,28.208333333333332,28.133333333333336,28.399999999999995,0.25045833333333334,0.254375,0.27225000000000005,0.275
2022-06-03,su,27.087500000000002,80.33333333333333,23.21666666666667,34.90833333333333,1009.8375,1012.1374999999999,0.0,18.583333333333332,7.708333333333333,11.125,16.25,225.29166666666666,183.16666666666666,42.125,278.91249999999997,2.6333333333333333,3.3541666666666665,240.29166666666666,243.29166666666666,8.487499999999999,0.1708333333333333,0.76125,28.3875,28.34583333333333,28.191666666666666,28.399999999999995,0.24179166666666665,0.24779166666666666,0.270125,0.275
2022-06-04,su,26.770833333333332,82.625,23.433333333333334,33.958333333333336,1010.1625,1012.4625,0.0,23.041666666666668,11.75,12.541666666666666,16.25,211.29166666666666,165.08333333333334,46.208333333333336,255.77083333333334,4.291666666666667,5.575,204.375,208.625,11.683333333333332,0.15916666666666665,0.655,28.2375,28.287499999999998,28.2,28.399999999999995,0.24404166666666668,0.24166666666666667,0.26795833333333335,0.275
2022-06-05,su,26.554166666666664,85.875,23.962500000000002,33.791666666666664,1010.0541666666667,1012.3541666666666,0.0,53.875,27.583333333333332,18.833333333333332,58.833333333333336,183.5,127.33333333333333,56.166666666666664,194.67916666666667,4.045833333333333,5.558333333333334,245.0,236.20833333333334,11.0,0.13833333333333334,0.5104166666666666,27.916666666666668,28.079166666666666,28.2,28.399999999999995,0.26829166666666665,0.2459583333333333,0.2657916666666667,0.275
2022-06-06,su,26.65833333333333,84.20833333333333,23.708333333333332,33.50833333333333,1009.3625000000001,1011.6625,0.0,49.666666666666664,19.25,19.958333333333332,67.375,208.08333333333334,152.79166666666666,55.291666666666664,231.40833333333333,5.733333333333333,8.254166666666666,234.79166666666666,236.95833333333334,12.433333333333335,0.15416666666666667,0.5816666666666667,28.008333333333336,27.995833333333334,28.2,28.399999999999995,0.28150000000000003,0.2622083333333333,0.2644166666666667,0.275
2022-06-07,su,27.025000000000002,83.20833333333333,23.795833333333334,34.074999999999996,1009.0291666666667,1011.3291666666668,0.0,36.291666666666664,11.25,10.666666666666666,65.70833333333333,210.625,152.79166666666666,57.833333333333336,228.42083333333332,7.108333333333333,10.533333333333333,293.9166666666667,282.8333333333333,14.112499999999999,0.1625,0.6458333333333334,28.045833333333334,28.008333333333336,28.183333333333334,28.399999999999995,0.2670416666666667,0.26833333333333337,0.26345833333333335,0.2745416666666667
2022-06-08,su,26.454166666666666,87.0,24.045833333333334,34.045833333333334,1009.1333333333333,1011.4333333333334,0.0,40.416666666666664,16.666666666666668,12.791666666666666,59.041666666666664,188.45833333333334,127.83333333333333,60.625,194.16666666666666,7.391666666666667,11.491666666666667,314.75,323.125,17.008333333333333,0.14208333333333334,0.4691666666666667,27.7375,27.979166666666668,28.183333333333334,28.399999999999995,0.28175,0.27058333333333334,0.262375,0.274
2022-06-09,su,26.745833333333334,81.79166666666667,23.179166666666664,33.0875,1009.4958333333334,1011.7958333333332,0.0,40.833333333333336,7.291666666666667,9.458333333333334,95.20833333333333,215.5,154.625,60.875,229.95000000000002,5.0125,7.329166666666667,190.45833333333334,181.5,12.479166666666666,0.16041666666666668,0.6991666666666667,27.78333333333333,27.795833333333334,28.1125,28.399999999999995,0.28725,0.28358333333333335,0.263125,0.274
2022-06-10,su,26.6125,84.04166666666667,23.599999999999998,33.78333333333333,1009.2791666666667,1011.5791666666668,0.0,47.541666666666664,13.166666666666666,15.75,87.20833333333333,189.33333333333334,123.29166666666667,66.04166666666667,187.94583333333333,4.754166666666666,7.229166666666667,305.125,298.4166666666667,11.883333333333333,0.14375000000000002,0.5895833333333333,27.729166666666668,27.820833333333336,28.100000000000005,28.38333333333333,0.2939583333333333,0.2876666666666667,0.2649166666666667,0.274
2022-06-11,su,26.97083333333333,84.29166666666667,24.020833333333332,34.612500000000004,1009.2833333333333,1011.5833333333334,0.0,31.583333333333332,13.916666666666666,13.833333333333334,35.375,203.375,154.79166666666666,48.583333333333336,241.9333333333333,6.254166666666666,9.8125,253.95833333333334,260.9166666666667,13.316666666666668,0.15583333333333335,0.5925,28.03333333333333,27.95,28.070833333333336,28.30416666666667,0.28591666666666665,0.28991666666666666,0.2677083333333334,0.274
2022-06-12,su,26.662499999999998,84.375,23.75,33.949999999999996,1010.1374999999999,1012.4375,0.0,47.041666666666664,20.375,20.666666666666668,54.708333333333336,201.79166666666666,152.45833333333334,49.333333333333336,240.04999999999998,6.466666666666666,9.725,257.2083333333333,262.2083333333333,14.545833333333334,0.15375,0.5695833333333333,27.870833333333334,27.962500000000002,28.083333333333332,28.3,0.28833333333333333,0.2846666666666666,0.26945833333333336,0.274
2022-06-13,su,26.2,87.66666666666667,23.958333333333332,33.36666666666667,1010.3458333333333,1012.6458333333334,0.0,64.91666666666667,21.875,32.25,91.20833333333333,149.375,75.08333333333333,74.29166666666667,118.075,4.670833333333333,6.675,267.9166666666667,275.375,12.6875,0.11291666666666667,0.4320833333333333,27.45,27.724999999999998,28.05416666666667,28.3,0.29041666666666666,0.2845,0.2707083333333334,0.274
2022-06-14,su,26.358333333333334,86.375,23.875,33.19166666666667,1010.4416666666666,1012.7416666666667,0.0,53.125,23.541666666666668,15.958333333333334,77.375,173.70833333333334,105.54166666666667,68.16666666666667,158.1875,6.3500000000000005,9.720833333333333,318.1666666666667,309.7916666666667,14.795833333333334,0.12958333333333333,0.48208333333333336,27.349999999999998,27.5,28.0,28.3,0.28779166666666667,0.28754166666666664,0.27225000000000005,0.274
2022-06-15,su,26.45,85.95833333333333,23.849999999999998,33.84583333333333,1010.1083333333332,1012.4083333333333,0.0,47.916666666666664,14.625,16.833333333333332,81.66666666666667,172.125,96.79166666666667,75.33333333333333,148.23749999999998,6.825,10.695833333333333,289.75,315.0,16.462500000000002,0.1325,0.50875,27.304166666666664,27.458333333333332,27.920833333333334,28.3,0.2865,0.28354166666666664,0.273,0.274
2022-06-16,su,26.266666666666666,86.91666666666667,23.845833333333335,33.108333333333334,1010.4333333333334,1012.7333333333332,0.0,42.375,14.583333333333334,22.041666666666668,53.375,181.08333333333334,115.79166666666667,65.29166666666667,174.5583333333333,8.5375,13.4625,297.9166666666667,274.1666666666667,18.025000000000002,0.13625,0.47041666666666665,27.304166666666664,27.445833333333336,27.879166666666666,28.3,0.30854166666666666,0.29554166666666665,0.27487500000000004,0.274
2022-06-17,su,26.6875,83.16666666666667,23.5125,33.229166666666664,1010.2125,1012.5124999999999,0.0,43.458333333333336,16.0,14.833333333333334,67.125,187.625,122.41666666666667,65.20833333333333,185.775,4.9624999999999995,7.629166666666666,216.75,220.79166666666666,11.9625,0.14083333333333334,0.6195833333333334,27.65833333333333,27.599999999999998,27.825,28.3,0.29341666666666666,0.298875,0.2787916666666667,0.274
2022-06-18,su,26.870833333333334,80.33333333333333,23.008333333333336,33.670833333333334,1010.0458333333332,1012.3458333333333,0.0,34.5,5.625,9.083333333333334,79.83333333333333,210.54166666666666,148.0,62.541666666666664,232.4375,3.0500000000000003,4.141666666666667,174.79166666666666,164.0,10.016666666666667,0.15583333333333335,0.7575,27.916666666666668,27.77916666666667,27.825,28.3,0.27,0.28458333333333335,0.2797916666666667,0.27475
2022-06-19,su,26.333333333333332,83.95833333333333,23.320833333333336,33.770833333333336,1010.0208333333334,1012.3208333333333,0.0,48.958333333333336,19.0,21.958333333333332,61.958333333333336,190.08333333333334,139.16666666666666,50.916666666666664,207.35833333333335,4.291666666666667,6.2625,159.91666666666666,148.625,10.770833333333334,0.14583333333333334,0.5775,27.825,27.933333333333334,27.88333333333333,28.3,0.27287500000000003,0.2743333333333334,0.278625,0.275
2022-06-20,su,26.72083333333333,80.54166666666667,22.925,33.708333333333336,1008.4541666666668,1010.7541666666666,0.0,32.708333333333336,7.708333333333333,24.041666666666668,37.666666666666664,197.91666666666666,144.33333333333334,53.583333333333336,220.51250000000002,4.9750000000000005,7.920833333333333,286.0416666666667,292.5833333333333,11.216666666666667,0.15458333333333332,0.7341666666666667,27.683333333333334,27.733333333333334,27.899999999999995,28.3,0.267625,0.27233333333333337,0.2775416666666667,0.275
2022-06-21,su,26.787499999999998,77.29166666666667,22.1125,33.50416666666667,1008.6541666666667,1010.9541666666668,0.0,16.083333333333332,4.916666666666667,7.916666666666667,23.0,229.0,188.875,40.125,297.825,6.0625,9.525,248.04166666666666,253.875,12.908333333333333,0.17875,0.8920833333333333,27.775000000000002,27.77916666666667,27.88333333333333,28.258333333333336,0.24825,0.26258333333333334,0.27587500000000004,0.275
2022-06-22,su,26.541666666666668,74.25,21.116666666666667,32.9375,1010.0333333333333,1012.3333333333334,0.0,11.0,0.375,0.16666666666666666,35.25,242.125,201.20833333333334,40.916666666666664,313.59166666666664,7.670833333333333,12.433333333333332,307.0833333333333,316.1666666666667,15.845833333333333,0.19166666666666665,0.9995833333333333,27.316666666666666,27.575,27.875,28.2,0.23308333333333334,0.250875,0.27337500000000003,0.275
2022-06-23,su,26.337500000000002,79.91666666666667,22.400000000000002,33.295833333333334,1010.4958333333334,1012.7958333333332,0.0,40.541666666666664,7.875,11.041666666666666,89.54166666666667,216.79166666666666,164.91666666666666,51.875,257.5416666666667,5.7875000000000005,9.029166666666667,242.16666666666666,249.58333333333334,13.716666666666667,0.16375,0.7558333333333334,27.316666666666666,27.391666666666666,27.820833333333336,28.2,0.227625,0.24050000000000002,0.2709166666666667,0.275
2022-06-24,su,26.95,75.95833333333333,22.0125,33.733333333333334,1009.5666666666666,1011.8666666666667,0.0,34.708333333333336,5.375,9.375,80.91666666666667,222.95833333333334,177.08333333333334,45.875,266.59166666666664,4.395833333333333,6.479166666666667,224.375,247.33333333333334,9.924999999999999,0.16916666666666666,0.9420833333333333,27.75,27.65416666666667,27.8,28.2,0.22691666666666666,0.234125,0.26808333333333334,0.275
2022-06-25,su,26.870833333333334,77.54166666666667,22.395833333333332,33.6875,1008.5166666666668,1010.8166666666666,0.0,43.166666666666664,10.375,12.375,88.0,207.45833333333334,154.95833333333334,52.5,236.23749999999998,3.625,5.608333333333333,274.0416666666667,277.2916666666667,10.958333333333334,0.1575,0.8645833333333334,27.795833333333334,27.787499999999998,27.8,28.2,0.21658333333333335,0.22775,0.2652083333333333,0.275
2022-06-26,su,26.40833333333333,79.75,22.516666666666666,32.895833333333336,1010.0958333333333,1012.3958333333334,0.0,53.916666666666664,12.666666666666666,36.958333333333336,67.79166666666667,154.125,84.375,69.75,135.42083333333332,4.2250000000000005,5.904166666666666,178.75,175.91666666666666,12.0625,0.11875000000000001,0.7291666666666666,27.212500000000002,27.545833333333334,27.8,28.2,0.2660416666666667,0.23304166666666667,0.2627083333333334,0.275
2022-06-27,su,26.875,76.125,22.09166666666667,33.07083333333333,1009.9833333333332,1012.2833333333333,0.0,44.75,12.708333333333334,28.625,53.833333333333336,186.58333333333334,136.58333333333334,50.0,214.98749999999998,4.9375,6.6875,238.0,255.75,10.295833333333333,0.14208333333333334,0.9075000000000001,27.241666666666664,27.34166666666667,27.787499999999998,28.2,0.2557916666666667,0.24962499999999999,0.2609166666666667,0.275
2022-06-28,su,26.741666666666664,72.45833333333333,21.145833333333332,32.541666666666664,1009.025,1011.3249999999999,0.0,32.458333333333336,11.958333333333334,13.625,44.833333333333336,218.70833333333334,175.20833333333334,43.5,277.54583333333335,5.591666666666666,8.408333333333333,238.20833333333334,225.75,12.958333333333334,0.16916666666666666,1.0279166666666666,27.441666666666666,27.4375,27.729166666666668,28.2,0.23716666666666666,0.24466666666666667,0.25895833333333335,0.27437500000000004
2022-06-29,su,27.358333333333334,69.04166666666667,20.8,32.608333333333334,1008.1458333333334,1010.4458333333333,0.0,39.541666666666664,16.458333333333332,19.833333333333332,43.125,210.25,161.41666666666666,48.833333333333336,242.50833333333333,4.854166666666667,7.091666666666666,235.5,252.95833333333334,11.829166666666666,0.16541666666666666,1.2095833333333335,27.491666666666664,27.53333333333333,27.704166666666666,28.2,0.22283333333333333,0.23683333333333334,0.25629166666666664,0.274
2022-06-30,su,26.6375,73.33333333333333,21.004166666666666,32.833333333333336,1008.5166666666668,1010.8166666666666,0.0,35.833333333333336,4.5,7.958333333333333,89.70833333333333,235.95833333333334,195.08333333333334,40.875,304.46666666666664,4.25,6.408333333333334,173.125,178.29166666666666,10.820833333333333,0.17666666666666667,1.04875,27.545833333333334,27.491666666666664,27.7,28.2,0.20966666666666667,0.22841666666666668,0.25370833333333337,0.274
2022-07-01,su,27.212500000000002,73.95833333333333,21.8875,32.920833333333334,1008.75,1011.0500000000001,0.0,39.5,3.7916666666666665,11.416666666666666,97.33333333333333,223.33333333333334,178.66666666666666,44.666666666666664,278.525,7.408333333333334,11.225,302.5416666666667,304.7916666666667,16.337500000000002,0.18166666666666667,1.0166666666666666,27.891666666666666,27.766666666666666,27.72083333333333,28.125,0.19775,0.22045833333333334,0.25070833333333337,0.274
2022-07-02,su,27.420833333333334,74.66666666666667,22.349999999999998,33.704166666666666,1008.2708333333334,1010.5708333333333,0.0,50.458333333333336,4.791666666666667,32.791666666666664,88.125,195.0,139.91666666666666,55.083333333333336,220.1875,6.716666666666666,10.441666666666666,278.4166666666667,280.9583333333333,15.979166666666666,0.15916666666666668,0.9820833333333333,28.05,27.933333333333334,27.8,28.100000000000005,0.18795833333333334,0.213125,0.24775,0.274
2022-07-03,su,27.395833333333332,80.58333333333333,23.7,34.666666666666664,1008.2708333333334,1010.5708333333333,0.0,45.375,16.708333333333332,18.5,67.125,193.41666666666666,138.91666666666666,54.5,211.61666666666667,6.329166666666667,9.920833333333333,271.4583333333333,278.4583333333333,15.083333333333334,0.15,0.7320833333333333,28.254166666666666,28.133333333333336,27.833333333333332,28.100000000000005,0.20441666666666666,0.20829166666666665,0.2449583333333333,0.27329166666666665
2022-07-04,su,27.120833333333334,82.875,23.941666666666666,34.32083333333333,1008.8249999999999,1011.125,0.0,44.791666666666664,22.833333333333332,9.958333333333334,60.291666666666664,178.54166666666666,111.29166666666667,67.25,177.9125,7.854166666666667,12.420833333333334,247.08333333333334,268.25,16.841666666666665,0.13999999999999999,0.62875,27.95,28.0125,27.899999999999995,28.100000000000005,0.2532083333333333,0.215875,0.24254166666666666,0.273
2022-07-05,su,26.991666666666664,83.29166666666667,23.8,34.108333333333334,1009.1583333333333,1011.4583333333334,0.0,61.416666666666664,47.708333333333336,23.333333333333332,30.541666666666668,197.625,144.58333333333334,53.041666666666664,230.4375,5.4375,7.691666666666666,215.875,223.04166666666666,12.083333333333334,0.14916666666666667,0.6341666666666667,28.1125,28.025000000000002,27.912499999999998,28.100000000000005,0.258,0.22975,0.24054166666666665,0.273
2022-07-06,su,25.895833333333332,86.70833333333333,23.46666666666667,33.11666666666667,1010.6291666666666,1012.9291666666667,0.0,80.58333333333333,54.666666666666664,55.583333333333336,54.25,157.33333333333334,105.70833333333333,51.625,157.45416666666668,5.1875,7.095833333333334,242.91666666666666,247.58333333333334,10.775,0.12041666666666667,0.4608333333333334,27.404166666666665,27.708333333333332,27.916666666666668,28.100000000000005,0.30583333333333335,0.27170833333333333,0.240125,0.273
2022-07-07,su,26.233333333333334,79.375,22.1375,33.112500000000004,1010.4,1012.6999999999999,0.0,37.208333333333336,21.75,18.375,21.666666666666668,219.0,173.41666666666666,45.583333333333336,264.9875,4.0125,5.6625000000000005,245.83333333333334,249.75,10.533333333333333,0.16333333333333333,0.77,27.425,27.504166666666666,27.879166666666666,28.100000000000005,0.27233333333333337,0.280125,0.24325,0.27295833333333336
2022-07-08,su,25.9375,72.58333333333333,20.358333333333334,31.325,1009.6999999999999,1012.0,0.0,33.708333333333336,19.833333333333332,20.541666666666668,11.375,221.70833333333334,169.91666666666666,51.791666666666664,266.73333333333335,6.104166666666667,8.683333333333334,278.0833333333333,283.6666666666667,13.737499999999999,0.1729166666666667,0.9775,27.05,27.3625,27.820833333333336,28.100000000000005,0.251625,0.2659166666666667,0.24366666666666667,0.272
2022-07-09,su,25.620833333333334,70.45833333333333,19.495833333333334,30.7,1009.4041666666667,1011.7041666666668,0.0,29.75,13.708333333333334,8.916666666666666,40.041666666666664,239.54166666666666,197.54166666666666,42.0,301.3833333333333,6.354166666666667,9.658333333333333,257.75,248.16666666666666,14.183333333333332,0.18500000000000003,1.0516666666666665,26.758333333333336,27.0,27.729166666666668,28.100000000000005,0.235625,0.25333333333333335,0.24258333333333335,0.272
2022-07-10,su,26.179166666666664,75.08333333333333,21.070833333333333,32.1875,1009.6833333333334,1011.9833333333332,0.0,19.333333333333332,3.7083333333333335,5.291666666666667,42.208333333333336,243.625,204.16666666666666,39.458333333333336,316.9166666666667,7.020833333333333,11.083333333333334,276.4166666666667,269.1666666666667,14.645833333333334,0.18708333333333335,0.9358333333333334,27.170833333333334,27.179166666666664,27.641666666666666,28.100000000000005,0.2227916666666667,0.24233333333333332,0.2409583333333333,0.272
2022-07-11,su,26.5,79.58333333333333,22.462500000000002,33.074999999999996,1010.4041666666667,1012.7041666666668,0.0,35.083333333333336,2.2083333333333335,30.208333333333332,49.375,203.25,151.83333333333334,51.416666666666664,230.57500000000002,6.45,9.716666666666667,301.4166666666667,308.4166666666667,14.554166666666667,0.15416666666666667,0.7720833333333333,27.320833333333336,27.34583333333333,27.604166666666668,28.100000000000005,0.212125,0.23299999999999998,0.23854166666666665,0.272
2022-07-12,su,27.191666666666666,77.375,22.604166666666668,33.887499999999996,1009.4458333333333,1011.7458333333334,0.0,22.0,5.541666666666667,12.375,31.833333333333332,232.20833333333334,190.25,41.958333333333336,291.55833333333334,7.425,11.670833333333334,325.0,331.75,15.916666666666666,0.18333333333333332,0.88625,27.78333333333333,27.608333333333334,27.6125,28.100000000000005,0.20733333333333334,0.22512500000000002,0.236125,0.27108333333333334
2022-07-13,su,26.5,81.79166666666667,22.95,33.266666666666666,1009.0666666666666,1011.3666666666667,0.0,41.291666666666664,11.541666666666666,22.875,57.583333333333336,200.29166666666666,149.79166666666666,50.5,231.90416666666667,7.108333333333333,11.075000000000001,245.79166666666666,251.54166666666666,14.475,0.15333333333333335,0.6845833333333333,27.691666666666666,27.71666666666667,27.662499999999998,28.070833333333336,0.21716666666666665,0.21908333333333332,0.23395833333333335,0.271
2022-07-14,su,26.495833333333334,81.625,22.954166666666666,32.5375,1009.6666666666666,1011.9666666666667,0.0,55.291666666666664,18.916666666666668,26.416666666666668,77.91666666666667,191.45833333333334,126.66666666666667,64.79166666666667,194.8166666666667,7.5874999999999995,11.625,197.04166666666666,199.16666666666666,15.9,0.14541666666666667,0.6733333333333333,27.495833333333334,27.583333333333332,27.7,28.0,0.25808333333333333,0.22624999999999998,0.23204166666666667,0.271
2022-07-15,su,27.483333333333334,74.45833333333333,22.295833333333334,33.12916666666667,1009.5791666666668,1011.8791666666666,0.0,26.333333333333332,12.375,24.333333333333332,1.7916666666666667,236.45833333333334,194.375,42.083333333333336,297.5208333333333,11.545833333333334,17.708333333333332,290.875,309.5833333333333,20.841666666666665,0.19583333333333333,0.9920833333333333,27.8625,27.691666666666666,27.7,28.0,0.24220833333333333,0.23291666666666666,0.23012500000000002,0.2709166666666667
2022-07-16,su,27.45,75.125,22.429166666666664,33.50833333333333,1010.5041666666666,1012.8041666666667,0.0,45.875,13.875,41.666666666666664,28.166666666666668,212.83333333333334,165.25,47.583333333333336,251.84166666666667,6.029166666666668,8.862499999999999,265.0,265.5833333333333,13.841666666666667,0.16,0.96375,27.883333333333336,27.875,27.72083333333333,28.0,0.221625,0.2277916666666667,0.22812500000000002,0.27
2022-07-17,su,26.629166666666666,77.33333333333333,22.104166666666668,32.362500000000004,1010.7791666666667,1013.0791666666668,0.0,45.75,12.125,13.666666666666666,88.54166666666667,198.58333333333334,134.83333333333334,63.75,193.20000000000002,5.1625,7.270833333333333,228.75,211.125,11.424999999999999,0.15166666666666667,0.85125,27.670833333333334,27.71666666666667,27.754166666666666,28.0,0.21083333333333332,0.2217083333333333,0.22604166666666667,0.27
2022-07-18,su,27.1125,73.54166666666667,21.625,33.12916666666667,1009.5708333333333,1011.8708333333334,0.0,20.166666666666668,5.666666666666667,2.7916666666666665,44.583333333333336,228.41666666666666,177.5,50.916666666666664,278.5541666666667,6.7250000000000005,10.854166666666666,262.0,267.2916666666667,15.041666666666666,0.18083333333333332,1.0345833333333332,27.766666666666666,27.72083333333333,27.7625,28.0,0.20358333333333334,0.216125,0.22404166666666667,0.27
2022-07-19,su,27.1875,73.16666666666667,21.629166666666666,33.050000000000004,1009.4208333333332,1011.7208333333333,0.0,18.208333333333332,8.958333333333334,6.5,20.708333333333332,238.16666666666666,188.5,49.666666666666664,285.2083333333333,8.770833333333334,13.2125,242.0,246.91666666666666,17.087500000000002,0.19416666666666668,1.0533333333333335,27.8,27.733333333333334,27.770833333333332,28.0,0.19033333333333333,0.20908333333333332,0.2217083333333333,0.26933333333333337
2022-07-20,su,26.433333333333334,73.66666666666667,20.962500000000002,32.13333333333333,1009.8874999999999,1012.1875,0.0,9.583333333333334,7.75,0.16666666666666666,8.041666666666666,253.83333333333334,213.0,40.833333333333336,326.67083333333335,9.424999999999999,14.450000000000001,299.4166666666667,305.5833333333333,18.120833333333334,0.1975,0.995,27.5625,27.758333333333336,27.8,28.0,0.17737499999999998,0.20199999999999999,0.21908333333333332,0.269
2022-07-21,su,27.020833333333332,72.125,21.170833333333334,32.52916666666667,1010.3625000000001,1012.6625,0.0,10.416666666666666,2.375,13.458333333333334,0.6666666666666666,229.75,175.83333333333334,53.916666666666664,264.9583333333333,8.245833333333334,12.820833333333333,284.5833333333333,290.6666666666667,15.924999999999999,0.18875,1.0945833333333332,27.766666666666666,27.608333333333334,27.775000000000002,28.0,0.16508333333333333,0.19508333333333336,0.21675,0.269
2022-07-22,su,27.270833333333332,71.91666666666667,21.474999999999998,33.145833333333336,1010.9375,1013.2375000000001,0.0,31.208333333333332,12.75,21.041666666666668,23.875,217.58333333333334,168.25,49.333333333333336,254.52083333333334,5.716666666666666,8.379166666666666,215.33333333333334,219.0,12.954166666666666,0.16958333333333334,1.0916666666666666,28.083333333333332,27.9875,27.8,28.0,0.155,0.18841666666666668,0.21408333333333332,0.26816666666666666
2022-07-23,su,27.287499999999998,72.08333333333333,21.541666666666668,33.295833333333334,1010.1,1012.4,0.0,34.291666666666664,21.0,25.166666666666668,0.7083333333333334,223.41666666666666,178.29166666666666,45.125,267.7291666666667,3.5,5.083333333333333,239.08333333333334,240.75,10.245833333333334,0.16958333333333334,1.0875000000000001,28.329166666666666,28.087500000000002,27.829166666666666,28.0,0.15016666666666667,0.182625,0.21191666666666667,0.268
2022-07-24,su,26.97083333333333,67.66666666666667,20.179166666666667,31.7,1008.8249999999999,1011.125,0.0,29.333333333333332,22.208333333333332,7.583333333333333,15.875,226.45833333333334,172.91666666666666,53.541666666666664,267.65000000000003,7.6875,11.058333333333332,250.95833333333334,266.8333333333333,15.566666666666668,0.18333333333333335,1.2220833333333332,27.95,28.03333333333333,27.899999999999995,28.0,0.14625,0.17758333333333332,0.20929166666666665,0.26783333333333337
2022-07-25,su,25.933333333333334,60.0,17.108333333333334,29.320833333333336,1009.6916666666666,1011.9916666666667,0.0,12.791666666666666,11.416666666666666,0.7916666666666666,6.666666666666667,256.8333333333333,215.04166666666666,41.791666666666664,328.7083333333333,8.2875,12.5875,260.1666666666667,263.7083333333333,17.770833333333332,0.20916666666666664,1.4195833333333334,27.22083333333333,27.625,27.899999999999995,28.0,0.13362500000000002,0.1718333333333333,0.20691666666666664,0.267
2022-07-26,su,25.77916666666667,68.20833333333333,18.933333333333334,30.495833333333334,1010.0500000000001,1012.35,0.0,8.708333333333334,0.2916666666666667,0.20833333333333334,27.416666666666668,259.5,220.25,39.25,336.1333333333333,6.433333333333334,10.4,222.54166666666666,229.79166666666666,14.304166666666667,0.19791666666666666,1.1854166666666666,27.145833333333332,27.291666666666668,27.820833333333336,28.0,0.12204166666666667,0.16595833333333335,0.2040833333333333,0.267
2022-07-27,su,27.0125,70.66666666666667,20.8625,32.49166666666667,1009.4125,1011.7125,0.0,8.333333333333334,2.4166666666666665,8.458333333333334,3.2083333333333335,246.33333333333334,205.29166666666666,41.041666666666664,313.2708333333333,8.008333333333333,12.549999999999999,295.9166666666667,301.4583333333333,15.854166666666666,0.19875,1.1458333333333333,28.09166666666667,27.683333333333334,27.787499999999998,28.0,0.11229166666666668,0.16058333333333333,0.20170833333333335,0.26637500000000003
2022-07-28,su,27.008333333333336,74.33333333333333,21.695833333333336,32.72083333333333,1009.4291666666667,1011.7291666666666,0.0,10.583333333333334,6.541666666666667,0.375,14.708333333333334,251.45833333333334,206.91666666666666,44.541666666666664,314.4375,8.133333333333333,12.645833333333334,239.625,246.29166666666666,17.125,0.19458333333333333,1.0075,28.491666666666664,28.15833333333333,27.816666666666666,28.0,0.10375000000000001,0.15558333333333332,0.19908333333333336,0.266
2022-07-29,su,26.979166666666668,71.91666666666667,21.025000000000002,32.31666666666667,1009.5291666666667,1011.8291666666668,0.0,29.166666666666668,11.958333333333334,0.0,60.875,250.25,201.83333333333334,48.416666666666664,301.15000000000003,8.570833333333333,13.5375,284.7083333333333,291.4583333333333,16.904166666666665,0.19625,1.0954166666666667,28.554166666666664,28.366666666666664,27.899999999999995,28.0,0.096125,0.15062499999999998,0.19658333333333333,0.26558333333333334
2022-07-30,su,26.4375,72.04166666666667,20.591666666666665,31.95,1009.7125,1012.0124999999999,0.0,29.166666666666668,7.708333333333333,0.08333333333333333,73.75,257.5416666666667,210.5,47.041666666666664,319.90416666666664,6.4375,10.6625,221.5,227.70833333333334,14.891666666666666,0.19458333333333333,1.0716666666666665,28.291666666666668,28.2,27.924999999999997,28.0,0.08883333333333333,0.14604166666666665,0.19408333333333336,0.265
2022-07-31,su,26.1875,74.375,20.912499999999998,31.78333333333333,1009.2125,1011.5124999999999,0.0,45.0,15.083333333333334,4.458333333333333,95.75,213.25,145.25,68.0,226.38750000000002,6.004166666666666,9.358333333333333,218.625,225.16666666666666,13.65,0.16458333333333333,0.9624999999999999,27.875,28.083333333333332,28.0,28.0,0.083625,0.14195833333333333,0.19187500000000002,0.26475
2022-08-01,su,26.608333333333334,72.83333333333333,20.933333333333334,32.416666666666664,1008.8125,1011.1125000000001,0.0,29.0,7.833333333333333,6.291666666666667,60.416666666666664,253.5,205.70833333333334,47.791666666666664,306.87083333333334,8.833333333333334,13.725,279.9583333333333,286.0,18.241666666666667,0.19791666666666666,1.05125,28.354166666666668,27.991666666666664,27.9875,28.0,0.07879166666666666,0.138,0.189375,0.264
2022-08-02,su,27.166666666666668,78.54166666666667,22.958333333333332,32.9,1009.4458333333333,1011.7458333333334,0.0,47.041666666666664,14.25,22.541666666666668,69.04166666666667,204.375,142.25,62.125,213.04583333333332,8.654166666666667,12.991666666666667,274.5833333333333,280.4166666666667,19.150000000000002,0.1575,0.8195833333333334,28.675,28.47083333333333,28.0125,28.0,0.081,0.13454166666666667,0.18725,0.264
2022-08-03,su,27.416666666666668,74.41666666666667,22.09166666666667,33.416666666666664,1009.75,1012.0500000000001,0.0,28.916666666666668,7.416666666666667,8.375,56.833333333333336,246.83333333333334,200.45833333333334,46.375,298.03749999999997,9.654166666666667,14.754166666666668,266.75,273.0833333333333,18.445833333333333,0.19583333333333333,1.0225,29.058333333333334,28.604166666666668,28.100000000000005,28.0,0.080125,0.131375,0.18512499999999998,0.263125
2022-08-04,su,27.5125,70.95833333333333,21.291666666666668,33.175000000000004,1009.9291666666667,1012.2291666666666,0.0,30.0,9.625,11.0,48.791666666666664,234.04166666666666,190.25,43.791666666666664,284.1875,4.708333333333333,6.679166666666667,189.95833333333334,188.5,10.745833333333332,0.17958333333333332,1.1812500000000001,29.229166666666668,28.787499999999998,28.133333333333336,28.0,0.07570833333333334,0.128,0.18299999999999997,0.263
2022-08-05,su,27.0,62.916666666666664,18.5,31.8875,1010.2875,1012.5875,0.0,11.666666666666666,4.291666666666667,0.5,25.041666666666668,269.75,228.58333333333334,41.166666666666664,340.5708333333333,4.8625,6.983333333333333,173.91666666666666,164.875,12.270833333333334,0.20458333333333334,1.4758333333333333,28.962500000000002,28.795833333333334,28.21666666666667,28.0,0.07104166666666667,0.12404166666666666,0.18066666666666667,0.26225000000000004
2022-08-06,su,26.945833333333336,69.29166666666667,20.433333333333334,32.42916666666667,1010.4125,1012.7125,0.0,32.708333333333336,9.166666666666666,3.9166666666666665,73.29166666666667,247.75,187.20833333333334,60.541666666666664,278.83750000000003,4.595833333333333,6.491666666666667,155.16666666666666,158.875,11.737499999999999,0.18708333333333335,1.1979166666666667,29.09583333333333,28.754166666666666,28.291666666666668,28.0,0.06754166666666667,0.120375,0.17808333333333334,0.262
2022-08-07,su,27.28333333333333,70.58333333333333,21.125,32.949999999999996,1009.9958333333334,1012.2958333333332,0.0,30.916666666666668,12.083333333333334,14.375,37.958333333333336,242.875,190.54166666666666,52.333333333333336,270.91249999999997,4.0125,5.570833333333333,186.41666666666666,172.625,10.383333333333333,0.18125,1.15875,29.474999999999998,28.974999999999998,28.325,28.0,0.067125,0.11725000000000001,0.17608333333333334,0.26125000000000004
2022-08-08,su,27.6875,68.54166666666667,20.8625,32.525,1009.5666666666666,1011.8666666666667,0.0,13.666666666666666,6.208333333333333,8.25,10.375,242.875,192.25,50.625,284.87083333333334,6.404166666666666,9.395833333333334,192.75,180.45833333333334,14.737499999999999,0.19375,1.2808333333333335,29.629166666666666,29.141666666666666,28.40833333333333,28.0,0.06704166666666667,0.11412499999999999,0.17400000000000002,0.261
2022-08-09,su,28.1875,64.58333333333333,20.3625,32.645833333333336,1009.3583333333332,1011.6583333333333,0.0,12.458333333333334,2.7083333333333335,14.0,5.416666666666667,245.25,197.20833333333334,48.041666666666664,293.25,7.2749999999999995,11.233333333333334,262.625,265.625,15.133333333333333,0.20041666666666666,1.4608333333333334,30.333333333333332,29.5,28.508333333333336,28.0,0.06404166666666666,0.111,0.1719166666666667,0.2602083333333333
2022-08-10,su,28.25,67.5,21.216666666666665,32.99166666666667,1009.7125,1012.0124999999999,0.0,24.333333333333332,5.916666666666667,17.791666666666668,27.666666666666668,239.66666666666666,187.83333333333334,51.833333333333336,272.4291666666667,7.983333333333333,11.895833333333334,220.83333333333334,223.04166666666666,17.075,0.1975,1.35125,30.45,29.741666666666664,28.61666666666667,28.0,0.06183333333333333,0.10766666666666667,0.16979166666666667,0.26
2022-08-11,su,28.40833333333333,68.95833333333333,21.770833333333332,34.137499999999996,1009.8000000000001,1012.1,0.0,25.583333333333332,13.625,17.875,8.333333333333334,254.45833333333334,208.70833333333334,45.75,299.62916666666666,8.7125,12.858333333333334,257.75,262.1666666666667,17.941666666666666,0.20625000000000002,1.2883333333333333,30.84166666666667,30.041666666666668,28.729166666666668,28.0,0.06,0.10475,0.16725,0.259125
2022-08-12,su,27.6375,76.45833333333333,22.95,33.454166666666666,1009.8041666666667,1012.1041666666666,0.0,42.666666666666664,19.625,27.125,29.0,211.16666666666666,154.875,56.291666666666664,227.39166666666668,8.450000000000001,12.4625,231.20833333333334,237.70833333333334,17.304166666666667,0.16041666666666668,0.9229166666666666,29.754166666666666,29.875,28.833333333333332,28.0625,0.0715,0.10283333333333333,0.1655,0.259
2022-08-13,su,27.27916666666667,78.83333333333333,23.141666666666666,32.449999999999996,1010.1833333333334,1012.4833333333332,0.0,46.583333333333336,26.416666666666668,15.208333333333334,45.791666666666664,226.5,162.91666666666666,63.583333333333336,236.42499999999998,9.341666666666667,13.341666666666667,288.2083333333333,290.6666666666667,17.6875,0.1691666666666667,0.8166666666666668,29.020833333333332,29.275000000000002,28.899999999999995,28.100000000000005,0.123125,0.10129166666666667,0.16441666666666668,0.25808333333333333
2022-08-14,su,26.400000000000002,83.33333333333333,23.254166666666666,31.858333333333334,1010.3333333333334,1012.6333333333333,0.0,49.208333333333336,23.208333333333332,19.791666666666668,54.708333333333336,191.625,124.95833333333333,66.66666666666667,180.42083333333335,9.266666666666667,13.583333333333334,274.0833333333333,277.375,17.983333333333334,0.1425,0.6,27.96666666666667,28.554166666666664,28.833333333333332,28.100000000000005,0.2177916666666667,0.10933333333333334,0.163125,0.258
2022-08-15,su,27.1375,78.0,22.804166666666664,33.041666666666664,1010.4916666666667,1012.7916666666666,0.0,30.25,18.458333333333332,13.958333333333334,17.291666666666668,228.0,172.45833333333334,55.541666666666664,252.75416666666663,7.370833333333334,11.708333333333334,237.79166666666666,244.125,16.325,0.17041666666666666,0.8408333333333333,28.354166666666668,28.325,28.729166666666668,28.100000000000005,0.23070833333333332,0.13783333333333334,0.16245833333333334,0.25745833333333334
2022-08-16,su,27.34166666666667,75.75,22.462500000000002,33.38333333333333,1010.7708333333334,1013.0708333333333,0.0,33.5,15.541666666666666,20.458333333333332,24.375,240.54166666666666,183.25,57.291666666666664,268.43333333333334,7.291666666666667,11.029166666666667,240.83333333333334,245.75,15.704166666666666,0.18708333333333335,0.9466666666666667,28.5125,28.462500000000002,28.670833333333334,28.100000000000005,0.21104166666666668,0.14766666666666664,0.1615,0.257
2022-08-17,su,27.55,68.125,20.7,32.725,1011.4375,1013.7375000000001,0.0,20.541666666666668,8.416666666666666,8.291666666666666,26.75,266.0833333333333,221.70833333333334,44.375,318.5208333333333,8.8375,13.35,253.75,255.91666666666666,16.974999999999998,0.2175,1.26125,28.629166666666666,28.575,28.6125,28.100000000000005,0.19062500000000002,0.14845833333333333,0.16045833333333334,0.256625
2022-08-18,su,27.554166666666664,67.70833333333333,20.679166666666667,32.44166666666667,1010.3833333333333,1012.6833333333334,0.0,4.291666666666667,1.6666666666666667,1.5416666666666667,6.041666666666667,272.5833333333333,230.33333333333334,42.25,332.59166666666664,9.512500000000001,14.475,269.9166666666667,287.25,18.904166666666665,0.22291666666666665,1.2845833333333334,28.833333333333332,28.641666666666666,28.600000000000005,28.100000000000005,0.16491666666666666,0.14508333333333331,0.15891666666666668,0.256
2022-08-19,su,27.71666666666667,69.29166666666667,21.208333333333332,32.9,1010.1750000000001,1012.475,0.0,20.458333333333332,6.083333333333333,7.875,34.041666666666664,263.0,214.79166666666666,48.208333333333336,309.66249999999997,8.975,13.308333333333332,254.41666666666666,255.91666666666666,18.804166666666667,0.2175,1.2383333333333333,29.208333333333332,28.941666666666666,28.600000000000005,28.129166666666666,0.14425000000000002,0.14058333333333334,0.1575,0.255625
2022-08-20,su,27.370833333333334,64.5,19.783333333333335,31.520833333333332,1009.9958333333334,1012.2958333333332,0.0,9.75,5.75,2.4166666666666665,9.791666666666666,275.9166666666667,233.125,42.791666666666664,335.20416666666665,11.504166666666668,16.645833333333332,256.6666666666667,272.25,21.84583333333333,0.23,1.3691666666666666,29.116666666666664,29.02916666666667,28.608333333333334,28.2,0.12629166666666666,0.13566666666666669,0.156,0.255
2022-08-21,su,27.15416666666667,68.0,20.425,31.587500000000002,1010.15,1012.4499999999999,0.0,34.958333333333336,13.125,7.791666666666667,61.291666666666664,250.45833333333334,192.95833333333334,57.5,277.8541666666667,11.370833333333332,17.0,295.875,328.7916666666667,21.620833333333334,0.21208333333333332,1.2208333333333334,28.84166666666667,28.900000000000002,28.637500000000003,28.2,0.11175,0.13108333333333333,0.1545,0.254625
2022-08-22,su,27.754166666666666,65.66666666666667,20.245833333333334,32.4,1010.35,1012.65,0.0,24.25,4.541666666666667,1.875,63.75,269.0833333333333,220.91666666666666,48.166666666666664,314.4125,7.6125,12.012500000000001,223.125,225.29166666666666,15.85,0.21583333333333332,1.39375,29.445833333333336,28.95,28.641666666666666,28.2,0.09941666666666667,0.12666666666666668,0.15304166666666666,0.254
2022-08-23,su,27.712500000000002,67.58333333333333,20.6375,32.458333333333336,1010.1708333333332,1012.4708333333333,0.0,13.416666666666666,7.708333333333333,8.625,4.125,276.3333333333333,229.95833333333334,46.375,329.25416666666666,9.329166666666667,13.720833333333333,253.125,255.41666666666666,18.708333333333332,0.22333333333333336,1.32375,29.78333333333333,29.354166666666668,28.7,28.2,0.08912500000000001,0.12208333333333332,0.1515,0.253625
2022-08-24,su,27.308333333333334,62.875,19.0,31.1125,1010.6166666666667,1012.9166666666666,0.0,24.041666666666668,2.5833333333333335,2.4166666666666665,67.58333333333333,286.875,244.04166666666666,42.833333333333336,350.2375,10.508333333333333,15.887500000000001,274.0833333333333,276.5416666666667,20.283333333333335,0.24041666666666664,1.4641666666666666,29.579166666666666,29.3875,28.729166666666668,28.2,0.08029166666666666,0.11766666666666666,0.14995833333333333,0.253
2022-08-25,su,27.40833333333333,64.16666666666667,19.3625,31.945833333333336,1010.2791666666667,1012.5791666666668,0.0,29.666666666666668,1.6666666666666667,1.2916666666666667,91.04166666666667,278.25,230.66666666666666,47.583333333333336,328.96666666666664,8.870833333333334,13.945833333333333,248.41666666666666,252.75,18.479166666666668,0.2283333333333333,1.4554166666666666,29.662499999999998,29.3,28.8,28.2,0.07341666666666667,0.11316666666666668,0.14816666666666667,0.25254166666666666
2022-08-26,su,27.849999999999998,69.04166666666667,21.179166666666667,33.104166666666664,1009.2333333333332,1011.5333333333333,0.0,26.291666666666668,4.458333333333333,2.7083333333333335,68.66666666666667,273.6666666666667,225.58333333333334,48.083333333333336,318.97499999999997,7.079166666666667,10.862499999999999,231.83333333333334,234.79166666666666,15.079166666666666,0.21416666666666664,1.2775,30.504166666666666,29.662499999999998,28.820833333333336,28.2,0.06825,0.10920833333333334,0.14654166666666665,0.252
2022-08-27,su,28.054166666666664,67.0,21.029166666666665,33.0,1009.025,1011.3249999999999,0.0,35.0,12.75,17.5,43.458333333333336,238.5,186.54166666666666,51.958333333333336,266.09583333333336,4.9875,7.766666666666667,253.79166666666666,271.2083333333333,12.045833333333334,0.18666666666666668,1.325,30.71666666666667,30.079166666666666,28.924999999999997,28.2,0.06625,0.10566666666666667,0.14545833333333333,0.25145833333333334
2022-08-28,su,27.84166666666667,64.75,20.208333333333332,32.237500000000004,1009.1125000000001,1011.4125,0.0,39.041666666666664,13.291666666666666,23.708333333333332,43.375,242.20833333333334,182.58333333333334,59.625,263.35833333333335,4.833333333333333,6.983333333333333,204.75,207.58333333333334,12.737499999999999,0.18291666666666664,1.4133333333333333,30.3625,30.058333333333334,29.016666666666666,28.275000000000002,0.06470833333333333,0.10254166666666666,0.143875,0.251
2022-08-29,su,27.954166666666666,63.083333333333336,19.754166666666666,32.354166666666664,1009.375,1011.6750000000001,0.0,16.416666666666668,2.4583333333333335,3.1666666666666665,40.958333333333336,279.875,231.54166666666666,48.333333333333336,330.34166666666664,6.104166666666667,9.5,220.875,224.25,13.729166666666666,0.21791666666666668,1.5175,30.683333333333334,30.02916666666667,29.100000000000005,28.3,0.06341666666666666,0.09949999999999999,0.1425,0.25045833333333334
2022-08-30,su,28.204166666666666,67.29166666666667,21.1125,33.4375,1008.9708333333333,1011.2708333333334,0.0,33.25,3.5,7.5,85.125,273.1666666666667,224.125,49.041666666666664,310.7333333333333,6.183333333333334,9.120833333333334,165.75,169.45833333333334,13.816666666666668,0.20916666666666664,1.3704166666666666,31.145833333333332,30.3,29.141666666666666,28.3,0.06108333333333333,0.09641666666666666,0.14083333333333334,0.25
2022-08-31,su,27.84166666666667,72.20833333333333,22.1375,33.483333333333334,1009.1416666666668,1011.4416666666666,0.0,41.25,10.791666666666666,22.291666666666668,60.208333333333336,243.29166666666666,184.875,58.416666666666664,254.90833333333333,4.941666666666666,7.129166666666666,165.08333333333334,169.41666666666666,11.941666666666668,0.18416666666666667,1.1029166666666665,30.641666666666666,30.429166666666664,29.2375,28.3,0.07216666666666667,0.093875,0.1395,0.24933333333333332
2022-09-01,su,28.425,69.04166666666667,21.77916666666667,33.8125,1009.4958333333334,1011.7958333333332,0.0,15.833333333333334,8.125,9.5,9.291666666666666,272.1666666666667,224.125,48.041666666666664,316.6041666666667,8.054166666666667,12.0875,223.0,226.33333333333334,16.504166666666666,0.22,1.3066666666666666,30.558333333333334,30.179166666666664,29.3,28.3,0.08316666666666667,0.09154166666666667,0.13845833333333335,0.249
2022-09-02,su,28.55,69.95833333333333,21.95,34.55416666666667,1010.0625,1012.3625000000001,0.0,13.541666666666666,3.2916666666666665,4.666666666666667,25.541666666666668,280.25,231.375,48.875,323.9875,6.8500000000000005,10.566666666666666,208.54166666666666,199.20833333333334,14.983333333333334,0.22416666666666665,1.3166666666666667,31.075,30.379166666666666,29.366666666666664,28.34583333333333,0.075625,0.08904166666666667,0.13695833333333335,0.24833333333333332
2022-09-03,su,28.604166666666668,67.95833333333333,21.541666666666668,34.49166666666667,1009.5875,1011.8874999999999,0.0,32.333333333333336,3.625,4.666666666666667,87.45833333333333,272.375,221.33333333333334,51.041666666666664,307.0125,4.666666666666667,6.875,183.79166666666666,186.45833333333334,11.945833333333333,0.20958333333333334,1.39375,31.295833333333334,30.558333333333334,29.420833333333334,28.399999999999995,0.06949999999999999,0.08654166666666667,0.1355,0.248
2022-09-04,su,28.245833333333334,69.79166666666667,21.891666666666666,34.11666666666667,1010.1333333333333,1012.4333333333334,0.0,47.5,9.333333333333334,15.583333333333334,99.04166666666667,249.08333333333334,190.16666666666666,58.916666666666664,261.22083333333336,4.570833333333334,6.083333333333333,141.16666666666666,126.5,12.9625,0.19375,1.2445833333333334,31.02916666666667,30.662499999999998,29.5,28.399999999999995,0.06883333333333334,0.0845,0.13408333333333333,0.247125
2022-09-05,su,28.224999999999998,69.625,21.945833333333336,33.9375,1010.6666666666666,1012.9666666666667,0.0,53.708333333333336,14.541666666666666,20.291666666666668,94.70833333333333,216.125,139.20833333333334,76.91666666666667,171.0375,4.891666666666667,6.433333333333334,141.25,114.41666666666667,12.083333333333334,0.17375,1.2191666666666665,30.625,30.537499999999998,29.558333333333334,28.399999999999995,0.07320833333333333,0.08295833333333334,0.133,0.247
2022-09-06,su,28.354166666666668,69.0,21.90833333333333,33.920833333333334,1010.3791666666666,1012.6791666666667,0.0,30.333333333333332,10.708333333333334,22.666666666666668,23.5,253.70833333333334,203.375,50.333333333333336,283.2708333333333,6.175,8.483333333333333,212.5,200.79166666666666,14.558333333333332,0.19541666666666668,1.2570833333333333,30.891666666666666,30.458333333333332,29.600000000000005,28.412499999999998,0.07716666666666666,0.0815,0.13212500000000002,0.24620833333333333
2022-09-07,su,28.65416666666667,68.125,21.8625,33.725,1010.8000000000001,1013.1,0.0,35.333333333333336,10.458333333333334,20.958333333333332,44.041666666666664,265.875,211.83333333333334,54.041666666666664,288.28333333333336,9.383333333333333,13.416666666666666,271.9583333333333,289.1666666666667,18.825,0.2175,1.33625,30.858333333333334,30.454166666666666,29.600000000000005,28.5,0.081,0.08004166666666666,0.131,0.246
2022-09-08,su,28.075,70.20833333333333,21.770833333333332,33.358333333333334,1011.6875,1013.9875000000001,0.0,40.458333333333336,6.458333333333333,21.291666666666668,72.66666666666667,258.7916666666667,203.04166666666666,55.75,276.15000000000003,5.416666666666667,7.3625,166.91666666666666,167.5,12.908333333333333,0.19458333333333333,1.2254166666666666,30.84166666666667,30.520833333333332,29.629166666666666,28.5,0.08045833333333334,0.0785,0.12958333333333336,0.24516666666666667
2022-09-09,su,27.15416666666667,74.33333333333333,21.920833333333334,32.5875,1012.4333333333334,1014.7333333333332,0.0,72.0,8.875,58.791666666666664,96.79166666666667,212.5,143.83333333333334,68.66666666666667,190.71666666666667,6.183333333333334,8.516666666666667,147.375,147.58333333333334,12.483333333333334,0.17041666666666666,0.9883333333333333,29.745833333333334,30.191666666666666,29.7,28.5,0.10366666666666667,0.07745833333333334,0.12858333333333336,0.245
2022-09-10,su,27.599999999999998,74.79166666666667,22.558333333333334,33.520833333333336,1011.525,1013.8249999999999,0.0,54.291666666666664,13.333333333333334,27.916666666666668,85.45833333333333,241.29166666666666,178.70833333333334,62.583333333333336,247.07916666666665,3.9000000000000004,5.279166666666667,164.58333333333334,169.54166666666666,9.566666666666666,0.18416666666666667,0.9733333333333333,29.645833333333332,29.729166666666668,29.620833333333334,28.5,0.1875,0.07945833333333334,0.128,0.24433333333333332
2022-09-11,su,27.675,73.91666666666667,22.370833333333334,33.67916666666667,1010.5458333333332,1012.8458333333333,0.0,41.583333333333336,13.458333333333334,18.25,61.333333333333336,256.625,204.41666666666666,52.208333333333336,281.3833333333333,5.345833333333334,7.754166666666666,218.04166666666666,219.375,12.166666666666666,0.19625,1.0316666666666665,29.5625,29.579166666666666,29.600000000000005,28.579166666666666,0.19766666666666666,0.08750000000000001,0.1275,0.244
2022-09-12,su,27.3625,72.0,21.53333333333333,33.99583333333333,1010.2791666666667,1012.5791666666668,0.0,28.5,15.5,8.25,31.875,271.0416666666667,210.25,60.791666666666664,298.1166666666667,7.791666666666667,11.916666666666666,264.7916666666667,269.9166666666667,16.745833333333334,0.215,1.1075000000000002,29.041666666666668,29.266666666666666,29.5125,28.600000000000005,0.1819166666666667,0.09333333333333334,0.12683333333333333,0.24354166666666666
2022-09-13,su,28.083333333333332,68.58333333333333,21.183333333333334,34.06666666666667,1011.9625,1014.2624999999999,0.0,14.125,3.1666666666666665,17.833333333333332,2.0416666666666665,288.125,240.20833333333334,47.916666666666664,326.39166666666665,6.129166666666666,9.5625,187.58333333333334,208.83333333333334,14.741666666666667,0.22624999999999998,1.3462500000000002,29.691666666666666,29.333333333333332,29.424999999999997,28.600000000000005,0.153875,0.09329166666666666,0.126375,0.243
2022-09-14,su,28.166666666666668,66.16666666666667,20.633333333333333,33.775,1012.8333333333334,1015.1333333333333,0.0,11.083333333333334,2.2916666666666665,9.375,11.0,270.375,218.91666666666666,51.458333333333336,305.06666666666666,7.375,11.1,241.875,259.9166666666667,15.5,0.22541666666666668,1.4358333333333333,29.925,29.679166666666664,29.399999999999995,28.600000000000005,0.13145833333333332,0.09154166666666667,0.125375,0.24258333333333335
2022-09-15,su,28.441666666666666,65.29166666666667,20.7375,33.887499999999996,1011.2166666666667,1013.5166666666668,0.0,24.625,2.2083333333333335,4.5,66.45833333333333,284.2083333333333,230.41666666666666,53.791666666666664,311.5416666666667,6.170833333333333,8.8375,229.75,229.33333333333334,14.883333333333333,0.22458333333333333,1.48625,30.516666666666666,29.954166666666666,29.399999999999995,28.600000000000005,0.11258333333333333,0.08904166666666667,0.12408333333333332,0.242
2022-09-16,su,28.804166666666664,63.75,20.766666666666666,34.012499999999996,1010.5124999999999,1012.8125,0.0,38.041666666666664,0.9583333333333334,12.333333333333334,99.04166666666667,265.7916666666667,195.91666666666666,69.875,258.42083333333335,6.141666666666667,8.799999999999999,209.125,210.875,13.858333333333334,0.21333333333333335,1.54625,30.920833333333334,30.370833333333334,29.433333333333334,28.620833333333334,0.09683333333333333,0.08695833333333332,0.123,0.24158333333333334
2022-09-17,su,28.662499999999998,61.625,19.733333333333334,33.0875,1010.2791666666667,1012.5791666666668,0.0,30.333333333333332,0.20833333333333334,3.5833333333333335,92.95833333333333,293.2916666666667,236.54166666666666,56.75,318.18333333333334,7.820833333333333,11.045833333333334,249.66666666666666,282.75,16.8625,0.24583333333333335,1.6704166666666664,31.108333333333334,30.545833333333334,29.508333333333336,28.7,0.084625,0.08445833333333334,0.12158333333333333,0.241
2022-09-18,su,28.208333333333332,64.45833333333333,20.020833333333332,33.483333333333334,1010.75,1013.0500000000001,0.0,27.041666666666668,0.08333333333333333,0.20833333333333334,89.125,293.7916666666667,225.70833333333334,68.08333333333333,306.24583333333334,6.829166666666667,10.170833333333333,204.33333333333334,209.41666666666666,15.3125,0.23625,1.5483333333333331,30.816666666666666,30.5,29.59166666666667,28.7,0.07529166666666666,0.08204166666666667,0.12054166666666666,0.24054166666666665
2022-09-19,su,28.354166666666668,64.75,20.379166666666666,33.74583333333333,1010.7125,1013.0124999999999,0.0,29.333333333333332,1.875,4.625,82.70833333333333,292.5833333333333,241.91666666666666,50.666666666666664,334.3,5.179166666666666,7.933333333333334,178.08333333333334,181.375,12.612499999999999,0.22499999999999998,1.5204166666666667,31.21666666666667,30.525000000000002,29.608333333333334,28.7,0.06866666666666667,0.07995833333333334,0.1195,0.24
2022-09-20,su,28.429166666666664,64.625,20.537499999999998,33.625,1010.5541666666667,1012.8541666666666,0.0,32.541666666666664,2.25,5.375,90.75,269.25,194.70833333333334,74.54166666666667,256.1875,4.879166666666666,7.108333333333333,163.95833333333334,151.75,13.112499999999999,0.20875,1.5170833333333331,31.570833333333336,30.808333333333334,29.7,28.7,0.06458333333333334,0.07791666666666668,0.11845833333333333,0.23945833333333333
2022-09-21,su,28.570833333333336,66.5,21.462500000000002,33.7125,1010.7208333333333,1013.0208333333334,0.0,44.0,4.0,18.0,98.16666666666667,250.29166666666666,183.08333333333334,67.20833333333333,229.70416666666668,4.870833333333334,6.733333333333333,161.79166666666666,161.0,12.491666666666667,0.19416666666666668,1.3779166666666667,31.6375,31.09166666666667,29.7375,28.7,0.06975,0.07608333333333334,0.11741666666666667,0.239
2022-09-22,su,29.075,64.125,21.208333333333332,34.37916666666667,1010.1208333333334,1012.4208333333332,0.0,29.25,8.833333333333334,9.5,51.458333333333336,288.2083333333333,240.58333333333334,47.625,328.125,6.154166666666666,8.770833333333334,202.0,204.16666666666666,13.316666666666668,0.22875,1.5504166666666668,31.729166666666668,31.008333333333336,29.8125,28.77916666666667,0.08179166666666667,0.07454166666666666,0.11645833333333333,0.23850000000000002
2022-09-23,su,29.120833333333334,66.95833333333333,21.95,34.895833333333336,1009.5500000000001,1011.8416666666667,0.0,23.833333333333332,7.625,9.458333333333334,37.291666666666664,284.5416666666667,229.58333333333334,54.958333333333336,308.95416666666665,5.208333333333333,7.295833333333333,190.08333333333334,177.54166666666666,14.558333333333332,0.22333333333333336,1.4441666666666668,32.204166666666666,31.34583333333333,29.899999999999995,28.8,0.07616666666666666,0.07345833333333333,0.11545833333333333,0.238
2022-09-24,su,28.816666666666666,67.75,21.724999999999998,34.525,1009.7333333333332,1012.0333333333333,0.0,20.083333333333332,7.25,7.75,29.333333333333332,301.4166666666667,255.91666666666666,45.5,348.58750000000003,6.266666666666667,8.308333333333334,144.45833333333334,145.25,15.545833333333334,0.23791666666666667,1.415,32.1375,31.441666666666666,30.0,28.8,0.07162500000000001,0.07195833333333333,0.11441666666666667,0.23745833333333333
2022-09-25,su,29.075,64.875,21.037499999999998,34.34583333333333,1009.4875000000001,1011.7791666666667,0.0,24.791666666666668,3.125,7.541666666666667,57.875,287.9583333333333,237.16666666666666,50.791666666666664,319.9875,5.933333333333334,8.883333333333333,244.91666666666666,246.58333333333334,14.620833333333332,0.22958333333333333,1.585,32.11666666666667,31.479166666666668,30.037499999999998,28.8,0.07004166666666667,0.07054166666666667,0.11341666666666667,0.237
2022-09-26,su,29.28333333333333,61.208333333333336,20.425,34.6,1009.1583333333333,1011.4416666666666,0.0,26.625,1.2916666666666667,5.125,74.29166666666667,286.9166666666667,234.54166666666666,52.375,312.8208333333333,5.7749999999999995,8.487499999999999,293.3333333333333,294.0,14.3375,0.23208333333333334,1.7275,32.5625,31.675,30.125,28.849999999999998,0.064875,0.0695,0.11208333333333333,0.23641666666666664
2022-09-27,su,29.166666666666668,59.583333333333336,19.64166666666667,33.69583333333333,1008.1083333333332,1010.3874999999999,0.0,22.833333333333332,0.7916666666666666,1.875,69.375,302.5,240.41666666666666,62.083333333333336,325.40833333333336,6.820833333333333,9.329166666666667,187.83333333333334,189.04166666666666,15.166666666666666,0.24875000000000003,1.8141666666666667,32.53333333333333,31.77916666666667,30.212500000000002,28.899999999999995,0.06133333333333333,0.06845833333333334,0.11095833333333334,0.236
2022-09-28,su,29.104166666666668,60.083333333333336,19.8625,33.50416666666667,1007.6750000000001,1009.9541666666668,0.0,18.0,3.7083333333333335,11.666666666666666,25.125,301.5833333333333,252.625,48.958333333333336,346.8458333333333,6.758333333333333,9.883333333333333,163.16666666666666,163.79166666666666,15.304166666666667,0.24458333333333335,1.7479166666666668,32.104166666666664,31.7,30.3,28.899999999999995,0.064,0.06745833333333334,0.10958333333333332,0.235375
2022-09-29,su,28.829166666666666,64.25,20.891666666666666,33.86666666666667,1008.4833333333332,1010.7833333333333,0.0,24.083333333333332,3.875,12.791666666666666,43.0,293.9583333333333,244.20833333333334,49.75,330.7291666666667,7.566666666666666,10.2875,175.375,176.79166666666666,15.85,0.235,1.5425000000000002,32.229166666666664,31.666666666666668,30.320833333333336,28.899999999999995,0.06495833333333334,0.0665,0.10858333333333332,0.235
2022-09-30,su,27.358333333333334,78.58333333333333,23.275000000000002,33.02916666666667,1009.8375,1012.1374999999999,0.0,57.541666666666664,20.958333333333332,15.291666666666666,98.25,160.16666666666666,49.541666666666664,110.625,68.45833333333333,6.420833333333333,8.883333333333333,201.04166666666666,202.79166666666666,14.133333333333333,0.12375000000000001,0.7912499999999999,29.349999999999998,30.995833333333334,30.399999999999995,28.974999999999998,0.09404166666666668,0.066,0.108,0.23424999999999999
2022-10-01,su,27.866666666666664,76.29166666666667,23.183333333333334,33.949999999999996,1009.6666666666666,1011.9666666666667,0.0,53.041666666666664,12.958333333333334,31.458333333333332,74.5,231.58333333333334,162.20833333333334,69.375,210.82083333333333,3.8166666666666664,4.7875000000000005,214.375,221.20833333333334,10.670833333333334,0.1729166666666667,0.9329166666666667,30.379166666666666,30.333333333333332,30.308333333333334,29.0,0.14020833333333335,0.06625,0.108,0.234
2022-10-02,su,27.71666666666667,78.125,23.308333333333334,33.458333333333336,1008.525,1010.8249999999999,0.0,45.291666666666664,10.875,28.458333333333332,61.541666666666664,245.20833333333334,178.16666666666666,67.04166666666667,230.6875,4.6125,6.458333333333333,180.79166666666666,179.58333333333334,11.25,0.18916666666666668,0.8858333333333334,30.291666666666668,30.254166666666666,30.233333333333334,29.0,0.19345833333333332,0.07066666666666667,0.10779166666666666,0.23387500000000003
2022-10-03,su,26.7375,82.91666666666667,23.458333333333332,33.25,1008.9791666666666,1011.2791666666667,0.0,57.833333333333336,21.916666666666668,35.0,60.333333333333336,190.75,117.54166666666667,73.20833333333333,151.27083333333334,2.9125,3.658333333333333,202.83333333333334,210.5,10.829166666666666,0.14541666666666667,0.6375000000000001,29.104166666666668,29.712500000000002,30.170833333333334,29.0,0.25129166666666664,0.10175000000000001,0.10745833333333332,0.233
2022-10-04,su,27.066666666666666,81.0,23.420833333333334,33.74166666666667,1009.2583333333333,1011.5583333333334,0.0,60.0,14.166666666666666,40.416666666666664,76.66666666666667,215.125,146.875,68.25,197.2541666666667,3.2416666666666667,3.9375,192.0,187.375,10.450000000000001,0.16208333333333333,0.715,29.1125,29.258333333333336,30.02916666666667,29.0625,0.25616666666666665,0.176875,0.10783333333333334,0.233
2022-10-05,su,27.025000000000002,82.79166666666667,23.8,33.65,1009.6958333333333,1011.9958333333334,0.0,54.833333333333336,14.291666666666666,23.083333333333332,93.75,215.91666666666666,131.25,84.66666666666667,169.44583333333333,3.8333333333333335,5.166666666666667,156.0,154.0,10.304166666666667,0.16666666666666666,0.6408333333333333,29.358333333333334,29.454166666666666,29.912499999999998,29.100000000000005,0.2538333333333333,0.19275,0.108,0.23295833333333335
2022-10-06,su,26.991666666666664,81.58333333333333,23.429166666666664,33.108333333333334,1010.1416666666668,1012.4416666666666,0.0,53.791666666666664,15.916666666666666,23.833333333333332,85.16666666666667,232.0,154.70833333333334,77.29166666666667,200.29166666666666,4.533333333333333,6.05,199.5,216.91666666666666,10.416666666666666,0.17500000000000002,0.6966666666666667,29.15416666666667,29.304166666666664,29.8125,29.100000000000005,0.2674166666666667,0.22095833333333334,0.10904166666666666,0.232
2022-10-07,su,27.675,76.79166666666667,22.995833333333334,34.35,1009.6333333333333,1011.9333333333334,0.0,45.791666666666664,15.958333333333334,14.166666666666666,78.66666666666667,271.375,208.45833333333334,62.916666666666664,280.1041666666667,3.475,4.583333333333333,167.5,122.20833333333333,9.870833333333334,0.20583333333333334,0.9320833333333334,29.708333333333332,29.479166666666668,29.708333333333332,29.100000000000005,0.256375,0.23870833333333333,0.11195833333333334,0.232
2022-10-08,su,27.516666666666666,79.95833333333333,23.620833333333334,34.52916666666667,1009.9875000000001,1012.2875,0.0,54.833333333333336,21.375,18.375,81.58333333333333,232.625,150.20833333333334,82.41666666666667,202.03333333333333,4.241666666666666,5.520833333333333,192.875,179.29166666666666,10.9375,0.17875,0.7741666666666668,29.741666666666664,29.708333333333332,29.683333333333334,29.100000000000005,0.26995833333333336,0.2370833333333333,0.11475,0.232
2022-10-09,su,27.616666666666664,79.25,23.554166666666664,34.012499999999996,1010.3625000000001,1012.6625,0.0,45.875,15.375,13.083333333333334,80.33333333333333,247.625,167.16666666666666,80.45833333333333,227.1208333333333,5.379166666666666,7.433333333333334,166.54166666666666,152.375,12.908333333333333,0.19125,0.8120833333333333,29.724999999999998,29.72083333333333,29.650000000000002,29.100000000000005,0.27358333333333335,0.24729166666666666,0.118125,0.23133333333333336
2022-10-10,su,27.59583333333333,77.875,23.295833333333334,34.50416666666667,1010.9833333333332,1013.2833333333333,0.0,54.416666666666664,16.708333333333332,17.625,97.54166666666667,253.41666666666666,170.25,83.16666666666667,228.9333333333333,4.470833333333333,6.120833333333334,183.08333333333334,183.375,12.166666666666666,0.19333333333333333,0.8470833333333333,29.570833333333336,29.633333333333336,29.6125,29.100000000000005,0.2665,0.24687499999999998,0.12179166666666667,0.231
2022-10-11,su,26.9875,82.125,23.59583333333333,33.137499999999996,1010.4708333333333,1012.7708333333334,0.0,47.166666666666664,13.791666666666666,9.416666666666666,96.625,185.29166666666666,67.79166666666667,117.5,90.52916666666665,4.554166666666666,5.670833333333333,162.375,158.25,12.270833333333334,0.14166666666666666,0.6629166666666667,28.691666666666666,29.15833333333333,29.595833333333335,29.100000000000005,0.2597916666666667,0.24179166666666665,0.125,0.231
2022-10-12,su,27.5625,76.54166666666667,22.858333333333334,33.975,1010.0541666666667,1012.3541666666666,0.0,35.958333333333336,9.791666666666666,18.541666666666668,53.416666666666664,247.375,167.25,80.125,220.025,3.6666666666666665,5.016666666666667,184.25,208.04166666666666,11.708333333333334,0.18583333333333332,0.92375,29.175,29.083333333333332,29.483333333333334,29.100000000000005,0.2695416666666667,0.243375,0.12770833333333334,0.23095833333333335
2022-10-13,su,27.4875,76.58333333333333,22.8125,34.079166666666666,1009.4291666666667,1011.7291666666666,0.0,44.666666666666664,17.25,25.291666666666668,46.333333333333336,244.29166666666666,187.95833333333334,56.333333333333336,241.77499999999998,4.158333333333333,5.579166666666667,197.58333333333334,199.91666666666666,12.004166666666668,0.18666666666666668,0.9116666666666666,29.349999999999998,29.3,29.416666666666668,29.183333333333334,0.27445833333333336,0.25129166666666664,0.130875,0.23
2022-10-15,su,27.45,76.91666666666667,22.945833333333336,34.35,1009.15,1011.4499999999999,0.0,65.91666666666667,26.666666666666668,35.875,71.375,249.33333333333334,181.5,67.83333333333333,240.89166666666665,2.983333333333333,3.6750000000000003,169.54166666666666,166.95833333333334,12.379166666666668,0.18875,0.8791666666666668,29.258333333333336,29.291666666666668,29.399999999999995,29.2,0.28070833333333334,0.25775,0.1386666666666667,0.23
2022-10-16,su,28.541666666666668,70.375,22.308333333333334,34.875,1009.9458333333333,1012.2458333333334,0.0,39.958333333333336,7.041666666666667,10.333333333333334,91.41666666666667,266.1666666666667,202.45833333333334,63.708333333333336,267.8125,4.554166666666666,6.6499999999999995,251.91666666666666,254.45833333333334,11.8375,0.20833333333333334,1.2416666666666667,29.616666666666664,29.420833333333334,29.362499999999997,29.2,0.256625,0.25433333333333336,0.14279166666666665,0.22995833333333335
2022-10-17,su,28.175,74.91666666666667,23.191666666666666,34.112500000000004,1009.7791666666667,1012.0791666666668,0.0,56.0,15.625,20.416666666666668,98.70833333333333,229.5,125.16666666666667,104.33333333333333,166.96666666666667,4.0125,5.4875,214.83333333333334,217.0,13.529166666666667,0.17500000000000002,0.995,29.59166666666667,29.575,29.399999999999995,29.2,0.24425,0.24050000000000002,0.14520833333333333,0.229
2022-10-18,su,26.633333333333336,84.5,23.758333333333336,32.612500000000004,1009.375,1011.6750000000001,0.0,72.29166666666667,23.708333333333332,44.541666666666664,99.25,149.70833333333334,54.5,95.20833333333333,69.31666666666666,3.858333333333333,4.8,202.375,188.20833333333334,11.200000000000001,0.11541666666666667,0.5575,28.40416666666667,29.008333333333336,29.391666666666666,29.2,0.29883333333333334,0.2569166666666666,0.14754166666666665,0.229
2022-10-19,su,26.391666666666666,87.45833333333333,24.120833333333334,33.15833333333333,1009.7708333333334,1012.0708333333333,0.0,84.125,42.916666666666664,40.625,99.08333333333333,155.45833333333334,43.375,112.08333333333333,60.09583333333333,3.4416666666666664,4.395833333333333,163.5,159.16666666666666,9.520833333333334,0.11791666666666667,0.44249999999999995,28.116666666666664,28.383333333333336,29.2375,29.2,0.3140833333333333,0.3007916666666666,0.16066666666666665,0.229
2022-10-20,su,26.670833333333334,85.5,23.97083333333333,33.7875,1010.3333333333334,1012.6333333333333,0.0,79.125,38.625,33.208333333333336,95.25,207.375,106.75,100.625,139.20416666666668,4.791666666666667,6.45,257.3333333333333,258.4583333333333,11.375,0.15416666666666667,0.5320833333333334,28.429166666666664,28.491666666666664,29.120833333333334,29.2,0.299625,0.2897083333333333,0.17341666666666666,0.229
2022-10-21,su,26.175,89.04166666666667,24.208333333333332,32.4125,1011.3916666666668,1013.6916666666666,0.0,74.58333333333333,35.625,32.25,98.125,156.45833333333334,48.208333333333336,108.25,65.47916666666667,6.670833333333333,9.2125,187.75,202.91666666666666,11.679166666666667,0.11458333333333333,0.38000000000000006,27.900000000000002,28.291666666666668,29.020833333333332,29.2,0.3172916666666667,0.3020833333333333,0.1844583333333333,0.229
2022-10-22,su,27.195833333333336,82.25,23.787499999999998,33.916666666666664,1010.8916666666668,1013.1916666666666,0.0,43.125,6.166666666666667,15.5,94.16666666666667,224.04166666666666,134.45833333333334,89.58333333333333,164.74166666666667,3.7125,4.758333333333334,217.66666666666666,191.79166666666666,9.137500000000001,0.17041666666666666,0.6783333333333333,28.6875,28.462500000000002,28.90833333333333,29.2,0.284,0.2915,0.19870833333333335,0.229
2022-10-23,su,27.066666666666666,83.16666666666667,23.837500000000002,33.762499999999996,1009.9583333333334,1012.2583333333333,0.0,46.958333333333336,17.333333333333332,21.458333333333332,61.458333333333336,243.125,172.95833333333334,70.16666666666667,232.64583333333334,6.016666666666667,8.483333333333333,183.16666666666666,182.16666666666666,12.8375,0.18375,0.6420833333333333,29.204166666666666,29.03333333333333,28.899999999999995,29.2,0.29,0.2770416666666667,0.2045,0.22887500000000002
2022-10-24,su,26.758333333333336,85.79166666666667,24.05,33.24166666666667,1009.5375,1011.8375,0.0,59.916666666666664,19.166666666666668,23.875,94.375,217.375,133.58333333333334,83.79166666666667,174.72916666666666,5.3374999999999995,7.208333333333333,181.45833333333334,179.91666666666666,12.941666666666668,0.16416666666666666,0.5408333333333334,28.849999999999998,28.958333333333332,28.929166666666664,29.2,0.29604166666666665,0.28375,0.20983333333333332,0.228
2022-10-25,su,26.704166666666666,86.79166666666667,24.2375,33.291666666666664,1009.8125,1012.1125000000001,0.0,69.79166666666667,16.208333333333332,53.958333333333336,78.33333333333333,205.04166666666666,115.75,89.29166666666667,142.02916666666667,4.433333333333334,5.754166666666666,201.54166666666666,203.625,12.637500000000001,0.15458333333333332,0.4925,28.733333333333334,28.754166666666666,28.912499999999998,29.2,0.3225,0.305625,0.21804166666666666,0.228
2022-10-26,su,26.208333333333332,87.95833333333333,24.0,32.733333333333334,1009.4583333333334,1011.7583333333333,0.0,77.0,14.791666666666666,59.458333333333336,98.0,152.0,63.708333333333336,88.29166666666667,88.27083333333333,5.291666666666667,6.991666666666667,183.5,183.75,11.6875,0.11875000000000001,0.4254166666666667,27.95,28.379166666666666,28.899999999999995,29.120833333333334,0.3335416666666667,0.3272916666666667,0.23975,0.228
2022-10-27,su,26.695833333333336,82.75,23.400000000000002,32.85,1008.0833333333334,1010.3833333333333,0.0,65.625,8.791666666666666,47.5,98.79166666666667,175.95833333333334,85.08333333333333,90.875,131.19583333333333,5.2749999999999995,7.608333333333333,211.29166666666666,204.25,11.950000000000001,0.13583333333333333,0.6391666666666667,27.9375,28.087500000000002,28.808333333333334,29.100000000000005,0.30716666666666664,0.31825,0.2665416666666667,0.22891666666666666
2022-10-28,su,26.9875,77.04166666666667,22.34166666666667,33.733333333333334,1007.8458333333333,1010.1458333333334,0.0,44.125,11.375,20.041666666666668,73.125,298.875,249.08333333333334,49.791666666666664,337.37083333333334,4.6125,6.658333333333334,208.875,214.25,12.75,0.22583333333333333,0.8925000000000001,28.858333333333334,28.55,28.708333333333332,29.100000000000005,0.273625,0.289875,0.27237500000000003,0.22945833333333335
2022-10-29,su,26.670833333333334,78.20833333333333,22.358333333333334,33.4625,1007.9208333333332,1010.2208333333333,0.0,51.041666666666664,12.625,16.75,98.66666666666667,246.16666666666666,144.5,101.66666666666667,196.7541666666667,2.6458333333333335,3.4916666666666667,214.83333333333334,216.04166666666666,10.775,0.18500000000000003,0.82125,28.599999999999998,28.712500000000002,28.733333333333334,29.100000000000005,0.2595,0.27395833333333336,0.272,0.23012500000000002
2022-10-30,su,27.004166666666666,76.5,22.375,33.579166666666666,1008.15,1010.4499999999999,0.0,45.041666666666664,14.625,18.208333333333332,69.41666666666667,263.75,176.25,87.5,239.60833333333335,4.533333333333333,6.158333333333334,221.45833333333334,229.08333333333334,11.304166666666667,0.20291666666666666,0.8854166666666666,28.8625,28.741666666666664,28.754166666666666,29.100000000000005,0.2505833333333333,0.2630416666666667,0.27008333333333334,0.231
2022-10-31,su,27.116666666666664,76.33333333333333,22.354166666666668,34.233333333333334,1008.5458333333332,1010.8458333333333,0.0,37.25,6.833333333333333,15.583333333333334,72.16666666666667,295.75,224.75,71.0,308.125,3.9375,5.6125,187.375,200.16666666666666,10.466666666666667,0.22583333333333333,0.9225,29.075,28.929166666666664,28.77916666666667,29.100000000000005,0.23887499999999998,0.2528333333333333,0.268,0.2316666666666667
2022-11-01,su,27.349999999999998,78.91666666666667,23.245833333333334,34.579166666666666,1009.5,1011.8000000000001,0.0,39.375,15.25,31.0,23.083333333333332,261.625,202.25,59.375,275.6375,4.029166666666667,5.604166666666667,183.70833333333334,182.95833333333334,10.829166666666666,0.19500000000000003,0.805,29.412499999999998,29.195833333333336,28.837500000000002,29.100000000000005,0.22904166666666667,0.24262499999999998,0.265375,0.232
2022-11-02,su,27.558333333333334,78.5,23.320833333333336,34.725,1009.725,1012.025,0.0,44.583333333333336,7.75,21.083333333333332,82.75,262.5833333333333,181.66666666666666,80.91666666666667,245.5625,4.7250000000000005,6.6125,180.875,168.33333333333334,12.450000000000001,0.19958333333333333,0.8379166666666666,29.40416666666667,29.28333333333333,28.929166666666664,29.100000000000005,0.23075,0.23529166666666668,0.263,0.23275
2022-11-03,su,28.070833333333336,76.91666666666667,23.46666666666667,35.59166666666667,1009.65,1011.9499999999999,0.0,44.291666666666664,14.541666666666666,20.833333333333332,62.541666666666664,281.75,226.5,55.25,305.8625,3.970833333333333,5.058333333333334,180.0,173.79166666666666,10.612499999999999,0.21333333333333335,0.9325,29.745833333333334,29.45,29.020833333333332,29.100000000000005,0.219,0.22858333333333336,0.260375,0.233
2022-11-04,su,27.941666666666666,80.08333333333333,24.075,34.983333333333334,1011.3416666666667,1013.6416666666668,0.0,52.208333333333336,17.958333333333332,13.958333333333334,92.08333333333333,260.3333333333333,192.04166666666666,68.29166666666667,261.95416666666665,3.3333333333333335,4.05,176.08333333333334,176.83333333333334,11.541666666666666,0.19541666666666668,0.7891666666666667,29.8875,29.695833333333336,29.120833333333334,29.100000000000005,0.23595833333333335,0.22420833333333334,0.25795833333333335,0.233
2022-11-05,su,27.72083333333333,80.58333333333333,23.941666666666666,35.07083333333333,1011.3791666666666,1013.6791666666667,0.0,53.333333333333336,14.833333333333334,17.083333333333332,98.79166666666667,250.83333333333334,156.04166666666666,94.79166666666667,210.84166666666667,3.25,4.220833333333333,185.70833333333334,186.125,11.012500000000001,0.19041666666666668,0.76625,29.620833333333334,29.55,29.19583333333333,29.100000000000005,0.250125,0.22741666666666668,0.25583333333333336,0.2337916666666667
2022-11-06,su,26.941666666666666,83.91666666666667,23.912499999999998,34.09583333333333,1011.4375,1013.7375000000001,0.0,67.58333333333333,38.125,19.541666666666668,94.66666666666667,221.58333333333334,136.58333333333334,85.0,173.42499999999998,4.9750000000000005,6.7124999999999995,157.66666666666666,155.29166666666666,11.3125,0.1675,0.59875,29.170833333333334,29.3125,29.2,29.100000000000005,0.26925,0.236,0.254,0.234
2022-11-07,su,26.645833333333332,83.83333333333333,23.59583333333333,32.766666666666666,1011.0875,1013.3874999999999,0.0,77.33333333333333,33.208333333333336,37.958333333333336,94.54166666666667,210.125,110.20833333333333,99.91666666666667,145.24583333333334,4.454166666666667,5.625,166.125,165.16666666666666,10.741666666666667,0.15666666666666665,0.5954166666666666,28.729166666666668,28.945833333333336,29.2,29.100000000000005,0.269,0.25129166666666664,0.252625,0.234
2022-11-08,su,27.370833333333334,77.5,22.916666666666668,33.916666666666664,1010.3416666666667,1012.6416666666668,0.0,56.083333333333336,12.625,33.333333333333336,82.125,194.83333333333334,78.875,115.95833333333333,112.30416666666666,3.2291666666666665,4.166666666666667,178.375,174.875,8.020833333333334,0.15125,0.8641666666666667,28.491666666666664,28.691666666666666,29.125,29.100000000000005,0.25958333333333333,0.25504166666666667,0.25216666666666665,0.234
2022-11-09,su,25.9375,89.25,24.008333333333336,33.479166666666664,1010.1458333333334,1012.4458333333333,0.0,75.04166666666667,21.416666666666668,54.75,95.45833333333333,107.125,34.541666666666664,72.58333333333333,54.520833333333336,3.3249999999999997,4.470833333333333,266.7916666666667,273.5,10.65,0.085,0.3720833333333333,27.2625,28.041666666666668,29.025000000000002,29.100000000000005,0.30795833333333333,0.2770416666666667,0.2525833333333333,0.23408333333333334
2022-11-10,su,27.0125,82.0,23.566666666666666,34.270833333333336,1009.3541666666666,1011.6541666666667,0.0,64.58333333333333,17.875,36.833333333333336,88.91666666666667,245.125,170.58333333333334,74.54166666666667,217.67916666666667,3.345833333333333,4.566666666666666,183.375,185.16666666666666,9.370833333333334,0.18583333333333332,0.6825,28.666666666666668,28.3125,28.829166666666666,29.100000000000005,0.30291666666666667,0.30254166666666665,0.25983333333333336,0.235
2022-11-11,su,27.241666666666664,83.08333333333333,24.025000000000002,34.38333333333333,1008.8041666666667,1011.1041666666666,0.0,61.666666666666664,18.916666666666668,25.458333333333332,98.95833333333333,238.33333333333334,139.20833333333334,99.125,188.67916666666667,4.3999999999999995,5.741666666666666,201.5,217.95833333333334,10.237499999999999,0.18125,0.6470833333333333,29.0625,28.900000000000002,28.825,29.100000000000005,0.29741666666666666,0.2956666666666667,0.26495833333333335,0.235
2022-11-12,su,26.558333333333334,85.95833333333333,23.933333333333334,33.84166666666667,1008.3208333333333,1010.6208333333334,0.0,67.58333333333333,27.083333333333332,22.416666666666668,99.25,178.45833333333334,66.625,111.83333333333333,83.3125,4.458333333333333,5.979166666666667,202.0,205.04166666666666,11.333333333333334,0.13708333333333333,0.5158333333333334,28.370833333333334,28.662499999999998,28.858333333333334,29.100000000000005,0.3175,0.3085,0.26987500000000003,0.23575
2022-11-13,su,26.445833333333336,87.625,24.208333333333332,34.375,1008.625,1010.9250000000001,0.0,77.375,40.125,22.041666666666668,99.95833333333333,155.33333333333334,46.75,108.58333333333333,55.38333333333333,4.795833333333333,6.958333333333333,239.75,241.125,12.441666666666665,0.11958333333333333,0.4375,27.900000000000002,28.21666666666667,28.8,29.100000000000005,0.32354166666666667,0.326125,0.2875,0.23666666666666666
2022-11-14,su,26.458333333333332,88.79166666666667,24.40416666666667,34.1875,1008.6333333333333,1010.9333333333334,0.0,53.583333333333336,19.333333333333332,13.5,93.83333333333333,183.875,87.91666666666667,95.95833333333333,119.87083333333334,4.716666666666667,6.383333333333333,219.0,220.70833333333334,12.612499999999999,0.13999999999999999,0.40625,28.204166666666666,28.2375,28.704166666666666,29.100000000000005,0.33037500000000003,0.3325416666666667,0.30033333333333334,0.23870833333333333
2022-11-15,su,26.670833333333334,86.375,24.150000000000002,34.11666666666667,1008.4875000000001,1010.7875,0.0,61.666666666666664,24.25,17.083333333333332,98.54166666666667,189.875,94.125,95.75,122.12916666666666,4.795833333333333,6.425,155.45833333333334,157.0,11.229166666666666,0.14333333333333334,0.5033333333333333,28.3,28.316666666666666,28.650000000000002,29.100000000000005,0.32183333333333336,0.330125,0.32016666666666665,0.24275
2022-11-16,su,26.320833333333336,89.95833333333333,24.5125,33.604166666666664,1007.9250000000001,1010.225,0.0,65.33333333333333,11.958333333333334,42.208333333333336,99.66666666666667,137.45833333333334,29.916666666666668,107.54166666666667,45.36666666666667,6.595833333333334,9.058333333333334,181.125,178.54166666666666,13.9,0.1075,0.35333333333333333,27.59583333333333,28.020833333333332,28.608333333333334,29.004166666666666,0.32308333333333333,0.3265416666666667,0.31995833333333334,0.24787499999999998
2022-11-17,su,27.333333333333332,81.875,23.8,33.766666666666666,1007.875,1010.1750000000001,0.0,47.75,3.4583333333333335,45.25,57.916666666666664,265.625,200.08333333333334,65.54166666666667,255.54999999999998,7.375,10.679166666666667,186.29166666666666,183.91666666666666,14.433333333333332,0.2041666666666667,0.71375,28.854166666666668,28.4375,28.537499999999998,29.0,0.30495833333333333,0.315375,0.3192916666666667,0.25270833333333337
2022-11-18,su,26.8125,86.41666666666667,24.3,34.09583333333333,1008.0541666666667,1010.3541666666666,0.0,68.125,8.125,51.5,99.91666666666667,182.125,70.41666666666667,111.70833333333333,85.30833333333334,4.8375,7.433333333333334,256.375,239.41666666666666,12.020833333333334,0.14666666666666667,0.5008333333333334,28.462500000000002,28.587500000000002,28.600000000000005,29.0,0.3112916666666667,0.3092916666666667,0.315125,0.25695833333333334
2022-11-19,su,26.59583333333333,85.0,23.77916666666667,31.8625,1008.0124999999999,1010.3125,0.0,70.41666666666667,28.875,36.666666666666664,99.58333333333333,180.375,71.75,108.625,83.84166666666667,7.1000000000000005,9.991666666666667,187.91666666666666,184.375,14.766666666666667,0.13,0.5483333333333333,27.991666666666664,28.241666666666664,28.600000000000005,29.0,0.30904166666666666,0.31475000000000003,0.31295833333333334,0.2605
2022-11-20,su,27.016666666666666,82.54166666666667,23.72083333333333,32.92916666666667,1007.0333333333333,1009.3333333333334,0.0,49.208333333333336,11.458333333333334,26.5,76.41666666666667,257.5833333333333,197.875,59.708333333333336,270.175,7.3374999999999995,10.016666666666667,175.20833333333334,169.70833333333334,18.258333333333333,0.1875,0.6566666666666666,28.40416666666667,28.316666666666666,28.537499999999998,29.0,0.28620833333333334,0.297625,0.31024999999999997,0.26375
2022-11-21,su,27.758333333333336,78.5,23.5125,33.74166666666667,1007.2041666666668,1009.5041666666666,0.0,48.166666666666664,7.583333333333333,25.125,87.45833333333333,262.375,188.95833333333334,73.41666666666667,251.15833333333333,5.7875000000000005,8.304166666666667,158.5,152.95833333333334,13.4375,0.19958333333333333,0.8537499999999999,29.05,28.787499999999998,28.5625,29.0,0.26616666666666666,0.2790416666666667,0.305875,0.26633333333333337
2022-11-22,su,27.787499999999998,79.04166666666667,23.675,34.920833333333334,1007.9499999999999,1010.2416666666667,0.0,46.708333333333336,10.833333333333334,21.5,80.08333333333333,247.83333333333334,167.25,80.58333333333333,222.04999999999998,3.9250000000000003,5.491666666666667,184.20833333333334,180.58333333333334,11.716666666666667,0.18916666666666668,0.8316666666666667,29.120833333333334,28.96666666666667,28.633333333333336,29.0,0.25633333333333336,0.26425000000000004,0.30104166666666665,0.26837500000000003
2022-11-23,su,26.616666666666664,86.95833333333333,24.233333333333334,33.82083333333333,1009.0166666666668,1011.3166666666666,0.0,55.083333333333336,15.166666666666666,21.833333333333332,94.375,197.95833333333334,109.625,88.33333333333333,137.525,5.033333333333333,6.733333333333333,236.29166666666666,252.375,11.308333333333332,0.15,0.4716666666666667,28.59166666666667,28.791666666666668,28.7,29.0,0.27858333333333335,0.26708333333333334,0.2964583333333333,0.2697916666666667
2022-11-24,su,26.40833333333333,86.08333333333333,23.829166666666666,32.71666666666667,1010.0749999999999,1012.375,0.0,68.5,23.166666666666668,43.0,95.75,196.20833333333334,93.20833333333333,103.0,124.77499999999999,5.045833333333333,6.845833333333334,208.625,213.54166666666666,11.612499999999999,0.14875000000000002,0.5016666666666666,28.370833333333334,28.491666666666664,28.7,29.0,0.31575,0.307375,0.29562499999999997,0.271125
2022-11-25,su,26.066666666666666,88.45833333333333,23.945833333333336,32.92916666666667,1010.65,1012.9499999999999,0.0,68.0,12.458333333333334,49.166666666666664,92.45833333333333,170.41666666666666,68.58333333333333,101.83333333333333,91.39166666666667,4.758333333333334,6.404166666666666,236.70833333333334,239.04166666666666,10.237499999999999,0.12875,0.4116666666666667,27.8,28.099999999999998,28.637500000000003,29.0,0.32608333333333334,0.32979166666666665,0.3080833333333333,0.2728333333333333
2022-11-26,su,25.95,87.54166666666667,23.662499999999998,32.725,1010.2375000000001,1012.5375,0.0,66.33333333333333,19.958333333333332,31.958333333333332,98.5,183.04166666666666,80.16666666666667,102.875,105.52916666666665,6.233333333333333,8.416666666666666,177.66666666666666,177.29166666666666,14.079166666666666,0.13833333333333334,0.43583333333333335,27.670833333333334,27.933333333333334,28.537499999999998,28.924999999999997,0.32066666666666666,0.32479166666666665,0.31316666666666665,0.27545833333333336
2022-11-27,su,25.97083333333333,88.45833333333333,23.8875,33.074999999999996,1008.8958333333334,1011.1958333333333,0.0,63.333333333333336,19.541666666666668,28.458333333333332,98.79166666666667,154.20833333333334,39.041666666666664,115.16666666666667,52.208333333333336,4.720833333333333,6.129166666666666,226.29166666666666,231.83333333333334,8.799999999999999,0.11916666666666666,0.3975,27.420833333333334,27.708333333333332,28.4375,28.899999999999995,0.3243333333333333,0.330125,0.32,0.27875
2022-11-28,su,26.412499999999998,86.83333333333333,23.96666666666667,33.72083333333333,1008.6999999999999,1011.0,0.0,59.291666666666664,13.708333333333334,29.833333333333332,96.58333333333333,199.125,88.83333333333333,110.29166666666667,113.425,4.1875,5.425,201.45833333333334,199.95833333333334,9.612499999999999,0.15291666666666667,0.4808333333333333,28.104166666666668,27.96666666666667,28.362499999999997,28.899999999999995,0.31858333333333333,0.3262916666666667,0.3222916666666667,0.2826666666666667
2022-11-29,su,26.620833333333334,87.125,24.254166666666666,32.88333333333333,1008.6083333333332,1010.9083333333333,0.0,54.875,19.291666666666668,16.708333333333332,91.66666666666667,207.70833333333334,106.91666666666667,100.79166666666667,132.94583333333333,4.645833333333333,6.4125000000000005,196.375,196.75,10.65,0.15583333333333332,0.47333333333333333,28.4375,28.325,28.362499999999997,28.899999999999995,0.31954166666666667,0.32325,0.32195833333333335,0.2865
2022-11-30,su,26.3,86.95833333333333,23.891666666666666,32.475,1008.35,1010.65,0.0,59.333333333333336,9.458333333333334,35.5,99.16666666666667,197.20833333333334,91.0,106.20833333333333,116.32916666666667,5.183333333333333,7.120833333333334,195.25,196.54166666666666,11.283333333333333,0.15041666666666667,0.4725,28.266666666666666,28.329166666666666,28.399999999999995,28.899999999999995,0.32616666666666666,0.3345416666666667,0.3255,0.29033333333333333
2022-12-01,su,26.77916666666667,84.16666666666667,23.808333333333334,33.77916666666667,1006.9875000000001,1009.2875,0.0,54.458333333333336,12.041666666666666,29.958333333333332,85.45833333333333,229.54166666666666,154.5,75.04166666666667,204.20416666666665,3.8541666666666665,4.929166666666666,210.16666666666666,201.54166666666666,10.058333333333334,0.17166666666666666,0.5820833333333334,28.5625,28.412499999999998,28.416666666666668,28.899999999999995,0.31204166666666666,0.31983333333333336,0.3252916666666667,0.294375
2022-12-02,su,26.670833333333334,83.75,23.662499999999998,33.887499999999996,1006.7375000000001,1009.0375,0.0,53.791666666666664,19.541666666666668,29.875,61.0,203.66666666666666,125.54166666666667,78.125,166.32083333333333,2.775,3.5500000000000003,217.95833333333334,218.41666666666666,9.370833333333334,0.1525,0.5883333333333334,28.479166666666668,28.458333333333332,28.454166666666666,28.899999999999995,0.29916666666666664,0.3084166666666667,0.32216666666666666,0.2977083333333333
2022-12-03,su,27.058333333333334,82.16666666666667,23.712500000000002,34.4125,1007.25,1009.5500000000001,0.0,54.166666666666664,17.208333333333332,26.958333333333332,74.79166666666667,237.25,161.54166666666666,75.70833333333333,222.65,3.7458333333333336,5.191666666666666,176.16666666666666,181.25,10.270833333333334,0.17958333333333332,0.6641666666666667,28.825,28.662499999999998,28.508333333333336,28.899999999999995,0.28625,0.2896666666666667,0.31779166666666664,0.30016666666666664
2022-12-04,su,27.145833333333332,82.41666666666667,23.804166666666664,34.233333333333334,1008.2624999999999,1010.5625,0.0,67.33333333333333,27.291666666666668,32.666666666666664,84.95833333333333,240.41666666666666,170.54166666666666,69.875,233.84166666666667,2.4166666666666665,3.2375000000000003,131.20833333333334,144.04166666666666,9.116666666666667,0.17625,0.6595833333333333,29.054166666666664,28.866666666666664,28.55416666666667,28.849999999999998,0.28329166666666666,0.2767916666666667,0.312625,0.3017083333333333
2022-12-05,su,26.425,86.79166666666667,24.020833333333332,33.604166666666664,1008.7624999999999,1011.0625,0.0,55.666666666666664,15.791666666666666,25.416666666666668,87.45833333333333,199.45833333333334,120.375,79.08333333333333,164.3375,5.404166666666666,7.454166666666667,239.16666666666666,241.33333333333334,11.654166666666667,0.14708333333333334,0.47208333333333335,28.5,28.7,28.625,28.8,0.310125,0.2972916666666667,0.309125,0.30254166666666665
2022-12-06,su,27.1375,83.08333333333333,23.916666666666668,34.775,1008.0541666666667,1010.3541666666666,0.0,42.208333333333336,13.541666666666666,19.416666666666668,61.708333333333336,256.0833333333333,172.70833333333334,83.375,223.6916666666667,3.5625,4.629166666666666,200.0,201.45833333333334,9.416666666666666,0.19291666666666665,0.6475,28.962500000000002,28.675,28.633333333333336,28.8,0.2927916666666666,0.308625,0.31045833333333334,0.303
2022-12-07,su,27.11304347826087,83.04347826086956,23.90869565217391,35.23913043478261,1007.8217391304348,1010.1217391304348,0.0,60.08695652173913,13.91304347826087,31.652173913043477,96.47826086956522,261.6521739130435,190.17391304347825,71.47826086956522,250.06521739130434,3.1869565217391305,4.073913043478261,170.34782608695653,168.47826086956522,10.691304347826087,0.19826086956521738,0.6465217391304348,29.09130434782609,28.90869565217391,28.686956521739127,28.8,0.2858695652173913,0.291,0.3081304347826087,0.3039565217391304
2022-12-08,su,27.97083333333333,75.83333333333333,23.0625,35.625,1007.9,1010.1958333333333,0.0,33.125,4.375,17.916666666666668,61.333333333333336,293.2083333333333,243.625,49.583333333333336,339.96666666666664,3.595833333333333,5.104166666666667,211.45833333333334,210.83333333333334,10.075000000000001,0.22041666666666668,0.9816666666666668,29.520833333333332,29.208333333333332,28.7375,28.8,0.26458333333333334,0.276,0.3047916666666666,0.304
2022-12-09,su,27.78333333333333,75.29166666666667,22.804166666666664,34.9375,1007.7208333333333,1010.0124999999999,0.0,31.875,5.791666666666667,22.0,44.791666666666664,268.1666666666667,213.5,54.666666666666664,297.15,4.279166666666667,5.529166666666666,227.58333333333334,242.0,11.554166666666667,0.20583333333333334,0.9820833333333333,29.28333333333333,29.195833333333336,28.833333333333332,28.8,0.246125,0.2597916666666667,0.30033333333333334,0.304
2022-12-10,su,27.916666666666668,76.04166666666667,23.070833333333336,35.05416666666667,1008.4083333333333,1010.7083333333334,0.0,44.708333333333336,7.541666666666667,16.916666666666668,92.45833333333333,286.875,233.29166666666666,53.583333333333336,333.25416666666666,4.920833333333333,7.229166666666667,206.33333333333334,210.5,12.195833333333333,0.21666666666666667,0.9683333333333333,29.65416666666667,29.354166666666668,28.920833333333334,28.8,0.23095833333333335,0.24654166666666666,0.2947083333333333,0.304
2022-12-11,su,28.0125,78.04166666666667,23.545833333333334,35.516666666666666,1008.1708333333332,1010.4708333333333,0.0,38.333333333333336,5.208333333333333,16.708333333333332,78.625,292.5416666666667,238.0,54.541666666666664,333.4166666666667,3.9333333333333336,5.1625000000000005,173.91666666666666,178.33333333333334,10.912500000000001,0.22208333333333333,0.91125,29.883333333333336,29.608333333333334,29.020833333333332,28.8,0.22366666666666668,0.23616666666666666,0.28829166666666667,0.30341666666666667
2022-12-12,su,27.895833333333332,79.375,23.787499999999998,35.666666666666664,1008.3000000000001,1010.6,0.0,36.0,7.333333333333333,20.666666666666668,56.666666666666664,279.1666666666667,221.08333333333334,58.083333333333336,309.60833333333335,3.0708333333333333,4.0125,128.75,122.125,8.995833333333334,0.21125000000000002,0.8370833333333333,30.02916666666667,29.733333333333334,29.11666666666667,28.8,0.21916666666666665,0.22858333333333336,0.28179166666666666,0.303
2022-12-13,su,27.625,81.375,24.025000000000002,35.32083333333333,1008.6999999999999,1011.0,0.0,39.833333333333336,9.041666666666666,18.25,69.0,261.625,198.625,63.0,278.8958333333333,3.975,4.8999999999999995,193.625,196.75,9.608333333333333,0.1975,0.7291666666666666,29.84583333333333,29.7375,29.2,28.8125,0.24058333333333334,0.22554166666666667,0.2755,0.303
2022-12-14,su,27.037499999999998,83.625,23.945833333333336,34.19166666666667,1008.8541666666666,1011.1541666666667,0.0,58.958333333333336,23.666666666666668,17.458333333333332,91.125,195.91666666666666,84.08333333333333,111.83333333333333,124.36666666666667,3.8833333333333333,5.041666666666667,162.29166666666666,146.58333333333334,9.112499999999999,0.15,0.61,29.037499999999998,29.316666666666666,29.208333333333332,28.899999999999995,0.27679166666666666,0.237125,0.26987500000000003,0.302375
2022-12-15,su,27.070833333333336,83.125,23.866666666666664,33.854166666666664,1007.3000000000001,1009.6,0.0,50.166666666666664,12.875,17.583333333333332,93.29166666666667,205.33333333333334,84.375,120.95833333333333,118.65833333333335,5.041666666666667,6.7375,179.20833333333334,177.75,11.4375,0.15875,0.6383333333333333,28.729166666666668,28.891666666666666,29.191666666666666,28.899999999999995,0.2932916666666667,0.2777083333333334,0.26637500000000003,0.302
2022-12-16,su,26.295833333333334,86.79166666666667,23.833333333333332,33.05416666666667,1007.1,1009.4,0.0,74.58333333333333,26.25,45.958333333333336,98.0,177.04166666666666,81.0,96.04166666666667,106.30833333333334,4.283333333333333,5.3999999999999995,173.04166666666666,169.125,12.995833333333332,0.13666666666666666,0.4845833333333333,28.2375,28.625,29.108333333333334,28.899999999999995,0.30854166666666666,0.2944583333333333,0.2651666666666667,0.301625
2022-12-17,su,26.77916666666667,83.58333333333333,23.641666666666666,33.612500000000004,1007.0416666666666,1009.3416666666667,0.0,42.666666666666664,7.916666666666667,13.75,90.75,256.5833333333333,184.375,72.20833333333333,250.625,5.341666666666666,7.5,191.125,207.875,12.754166666666668,0.1925,0.6224999999999999,28.78333333333333,28.608333333333334,28.983333333333334,28.899999999999995,0.30824999999999997,0.31120833333333336,0.27237500000000003,0.301
2022-12-18,su,26.991666666666664,80.91666666666667,23.27916666666667,34.891666666666666,1006.275,1008.5666666666666,0.0,31.791666666666668,12.166666666666666,16.666666666666668,35.666666666666664,269.6666666666667,211.66666666666666,58.0,301.59583333333336,3.529166666666667,4.479166666666667,157.29166666666666,158.0,11.129166666666668,0.20375,0.7366666666666667,29.02916666666667,28.883333333333336,28.941666666666666,28.899999999999995,0.285625,0.2973333333333333,0.27545833333333336,0.301
2022-12-19,su,26.775000000000002,83.79166666666667,23.729166666666668,34.36666666666667,1006.5749999999999,1008.875,0.0,36.208333333333336,11.916666666666666,20.416666666666668,44.25,258.2916666666667,202.95833333333334,55.333333333333336,284.425,4.0249999999999995,5.0125,232.58333333333334,236.41666666666666,10.654166666666667,0.19125,0.6004166666666667,29.275000000000002,29.179166666666664,28.958333333333332,28.899999999999995,0.2821666666666667,0.2833333333333333,0.274125,0.3005
2022-12-20,su,27.0,83.41666666666667,23.77916666666667,34.208333333333336,1006.3833333333333,1008.6833333333334,0.0,43.375,14.25,22.916666666666668,62.125,269.375,211.70833333333334,57.666666666666664,293.54583333333335,3.454166666666667,4.375,217.83333333333334,218.75,11.016666666666666,0.20208333333333336,0.6466666666666666,29.316666666666666,29.175,28.991666666666664,28.899999999999995,0.29991666666666666,0.29233333333333333,0.27225000000000005,0.3
2022-12-21,su,27.325,83.79166666666667,24.212500000000002,33.8375,1005.5958333333333,1007.8833333333333,0.0,43.458333333333336,6.375,20.958333333333332,83.625,256.75,188.70833333333334,68.04166666666667,261.52916666666664,7.583333333333333,10.379166666666666,282.9166666666667,284.8333333333333,16.045833333333334,0.19291666666666665,0.6316666666666667,29.2625,29.204166666666666,29.016666666666666,28.899999999999995,0.306875,0.3099166666666667,0.277,0.3
2022-12-22,su,26.87391304347826,84.47826086956522,23.98695652173913,32.37826086956522,1005.2652173913043,1007.5652173913044,0.0,69.3913043478261,7.869565217391305,54.08695652173913,99.52173913043478,173.34782608695653,65.6086956521739,107.73913043478261,91.06521739130434,13.0,19.31304347826087,276.2173913043478,274.9130434782609,23.782608695652176,0.14217391304347826,0.5660869565217391,28.13478260869565,28.656521739130437,29.017391304347825,28.9,0.3025652173913043,0.3042608695652174,0.2808260869565218,0.2996086956521739
2021-08-02,si,26.02916666666667,83.95833333333333,23.075,31.09166666666667,1012.4083333333333,989.1833333333334,0.0,34.916666666666664,21.083333333333332,18.416666666666668,16.25,211.5,153.58333333333334,57.916666666666664,234.19583333333333,10.8125,15.308333333333332,183.45833333333334,177.58333333333334,29.3125,0.14875000000000002,0.5545833333333333,25.754166666666666,25.7625,25.537499999999998,25.891666666666666,0.13091666666666665,0.141,0.16345833333333334,0.241
2021-08-03,si,26.170833333333334,86.08333333333333,23.633333333333336,31.925,1013.5666666666666,990.3249999999999,0.0,41.541666666666664,24.083333333333332,20.166666666666668,26.125,230.95833333333334,179.66666666666666,51.291666666666664,272.03749999999997,9.3375,13.470833333333333,179.45833333333334,171.91666666666666,25.916666666666668,0.16166666666666665,0.49,25.766666666666666,25.670833333333334,25.600000000000005,25.8,0.162125,0.13958333333333336,0.163,0.24083333333333332
2021-08-04,si,26.7625,85.70833333333333,24.125,33.020833333333336,1013.6999999999999,990.5124999999999,0.0,39.541666666666664,19.916666666666668,20.208333333333332,33.916666666666664,245.375,197.125,48.25,296.49583333333334,6.895833333333333,10.679166666666667,173.20833333333334,164.20833333333334,20.837500000000002,0.17625000000000002,0.5204166666666666,26.016666666666666,25.837500000000002,25.600000000000005,25.8,0.17533333333333334,0.13945833333333335,0.16237500000000002,0.24
2021-08-05,si,26.604166666666668,83.33333333333333,23.412499999999998,32.675000000000004,1013.9208333333332,990.6958333333333,0.0,37.958333333333336,14.541666666666666,12.625,57.208333333333336,252.29166666666666,203.83333333333334,48.458333333333336,304.35,6.233333333333333,9.720833333333333,177.375,168.375,18.8125,0.18208333333333335,0.6229166666666667,26.15833333333333,25.96666666666667,25.65833333333333,25.8,0.17041666666666666,0.13825,0.16154166666666667,0.24
2021-08-06,si,26.849999999999998,83.04166666666667,23.633333333333336,33.49583333333333,1013.5583333333334,990.35,0.0,41.333333333333336,14.541666666666666,4.208333333333333,86.66666666666667,246.20833333333334,198.75,47.458333333333336,297.84166666666664,3.216666666666667,5.158333333333333,181.625,122.20833333333333,14.045833333333334,0.17916666666666667,0.625,26.15416666666667,25.97083333333333,25.7,25.8,0.16066666666666665,0.1369166666666667,0.160625,0.23962499999999998
2021-08-07,si,26.95,83.04166666666667,23.741666666666664,33.525,1013.4041666666667,990.1999999999999,0.0,59.458333333333336,33.75,16.708333333333332,66.375,250.5,201.20833333333334,49.291666666666664,301.18333333333334,3.8791666666666664,4.729166666666667,80.79166666666667,93.58333333333333,12.525,0.17916666666666667,0.6291666666666667,26.704166666666666,26.34583333333333,25.791666666666668,25.8,0.15312499999999998,0.13491666666666668,0.15991666666666668,0.239
2021-08-08,si,26.65416666666667,85.33333333333333,23.90416666666667,33.85,1013.1833333333334,990.0083333333333,0.0,41.958333333333336,23.583333333333332,16.708333333333332,35.5,245.5,197.45833333333334,48.041666666666664,291.09583333333336,4.191666666666666,5.8500000000000005,154.25,149.125,13.387500000000001,0.17708333333333334,0.5425,26.650000000000002,26.5125,25.849999999999998,25.8,0.16695833333333332,0.13304166666666667,0.159,0.239
2021-08-09,si,25.754166666666666,88.29166666666667,23.566666666666666,33.637499999999996,1012.4125,989.2416666666667,0.0,59.458333333333336,39.75,12.916666666666666,55.208333333333336,236.54166666666666,179.08333333333334,57.458333333333336,266.04583333333335,3.954166666666667,6.05,164.25,156.75,14.945833333333333,0.17124999999999999,0.42124999999999996,25.916666666666668,26.09166666666667,25.899999999999995,25.8,0.2285,0.14345833333333333,0.15854166666666666,0.23850000000000002
2021-08-10,si,25.995833333333334,84.83333333333333,23.1875,31.825,1012.8208333333333,989.6,0.0,22.416666666666668,20.208333333333332,6.708333333333333,0.4583333333333333,252.29166666666666,203.0,49.291666666666664,300.8291666666667,8.3375,12.445833333333333,177.91666666666666,171.66666666666666,24.575,0.18208333333333335,0.5258333333333333,25.337500000000002,25.695833333333336,25.899999999999995,25.8,0.21683333333333332,0.15133333333333332,0.158,0.238
2021-08-11,si,25.75,82.20833333333333,22.320833333333336,31.0125,1013.5333333333333,990.2916666666666,0.0,18.291666666666668,9.25,6.833333333333333,19.166666666666668,255.29166666666666,206.08333333333334,49.208333333333336,304.47499999999997,9.8375,14.170833333333334,182.08333333333334,173.75,28.141666666666666,0.1875,0.6366666666666666,25.358333333333334,25.400000000000002,25.829166666666666,25.8,0.20241666666666666,0.15558333333333332,0.15754166666666666,0.238
2021-08-12,si,26.28333333333333,85.54166666666667,23.629166666666666,31.929166666666664,1013.7416666666667,990.5291666666667,0.0,42.958333333333336,12.625,25.458333333333332,56.208333333333336,218.41666666666666,162.54166666666666,55.875,231.9958333333333,10.716666666666667,15.758333333333333,178.79166666666666,169.66666666666666,30.816666666666666,0.15958333333333333,0.5075,25.3875,25.516666666666666,25.8,25.8,0.21408333333333332,0.15766666666666665,0.157,0.23754166666666665
2021-08-13,si,26.616666666666664,84.58333333333333,23.787499999999998,32.520833333333336,1012.1791666666667,989.0124999999999,0.0,33.375,15.708333333333334,16.5,30.875,246.625,196.625,50.0,289.8875,8.725,12.433333333333332,182.5,175.41666666666666,22.7625,0.17458333333333334,0.5545833333333333,25.870833333333334,25.695833333333336,25.8,25.8,0.22091666666666665,0.16845833333333335,0.15658333333333332,0.237
2021-08-14,si,26.75,84.20833333333333,23.745833333333334,33.270833333333336,1011.475,988.3166666666666,0.0,24.875,14.041666666666666,13.791666666666666,13.333333333333334,246.16666666666666,192.5,53.666666666666664,277.1666666666667,6.466666666666666,9.5875,185.875,178.41666666666666,18.166666666666668,0.17916666666666667,0.5941666666666666,26.179166666666664,25.954166666666666,25.8,25.8,0.20070833333333335,0.1699166666666667,0.156,0.237
2021-08-15,si,26.7,82.54166666666667,23.329166666666666,33.34583333333333,1012.4541666666668,989.2833333333333,0.0,39.833333333333336,35.625,8.541666666666666,8.875,260.6666666666667,211.375,49.291666666666664,311.09999999999997,4.7375,7.216666666666666,181.25,171.875,17.275000000000002,0.18833333333333335,0.6495833333333333,26.170833333333334,26.087500000000002,25.8125,25.8,0.1925416666666667,0.16841666666666666,0.15545833333333334,0.23658333333333334
2021-08-16,si,26.7,83.29166666666667,23.5125,32.47083333333333,1013.6041666666666,990.4041666666667,0.0,23.125,17.916666666666668,11.625,0.0,255.58333333333334,201.58333333333334,54.0,294.8,7.2375,10.679166666666667,179.29166666666666,170.70833333333334,20.954166666666666,0.18625,0.6154166666666666,26.045833333333334,26.0625,25.862499999999997,25.8,0.18270833333333333,0.16641666666666668,0.15466666666666665,0.236
2021-08-17,si,26.804166666666664,82.04166666666667,23.400000000000002,32.800000000000004,1012.5666666666666,989.3958333333334,0.0,20.416666666666668,9.875,18.833333333333332,0.375,262.8333333333333,215.54166666666666,47.291666666666664,313.7291666666667,8.4,12.158333333333333,182.79166666666666,173.79166666666666,23.254166666666666,0.19291666666666665,0.655,26.15833333333333,25.983333333333334,25.899999999999995,25.8,0.17300000000000001,0.1635,0.154,0.236
2021-08-18,si,26.320833333333336,84.08333333333333,23.337500000000002,32.604166666666664,1011.0666666666666,987.9208333333332,0.0,25.083333333333332,14.333333333333334,17.916666666666668,4.833333333333333,250.83333333333334,198.25,52.583333333333336,285.5833333333333,7.154166666666666,10.4625,178.0,169.125,20.758333333333333,0.18625,0.5704166666666667,26.166666666666668,26.133333333333336,25.899999999999995,25.8,0.18491666666666665,0.1615,0.15362499999999998,0.23558333333333334
2021-08-19,si,26.25,83.0,23.09166666666667,31.833333333333332,1011.1750000000001,988.0166666666668,0.0,57.875,20.708333333333332,28.083333333333332,74.375,239.91666666666666,180.0,59.916666666666664,252.88750000000002,9.9,13.666666666666666,187.5,182.33333333333334,24.495833333333334,0.1758333333333333,0.5983333333333333,25.983333333333334,26.070833333333336,25.899999999999995,25.8,0.19820833333333332,0.161,0.153,0.235
2021-08-20,si,26.075,84.16666666666667,23.166666666666668,31.745833333333334,1011.9,988.725,0.0,72.125,41.958333333333336,25.625,97.375,228.70833333333334,143.66666666666666,85.04166666666667,206.15,8.645833333333334,12.341666666666667,183.54166666666666,177.625,23.22083333333333,0.16958333333333334,0.5470833333333334,25.791666666666668,25.8875,25.899999999999995,25.8,0.20479166666666668,0.16208333333333333,0.153,0.235
2021-08-21,si,26.554166666666664,82.75,23.320833333333336,32.170833333333334,1012.2291666666666,989.0583333333334,0.0,34.583333333333336,16.291666666666668,9.916666666666666,46.166666666666664,251.125,197.54166666666666,53.583333333333336,287.7125,9.316666666666666,13.191666666666668,184.125,177.29166666666666,23.995833333333334,0.18375,0.6216666666666667,25.916666666666668,25.849999999999998,25.899999999999995,25.8,0.20299999999999999,0.16387500000000002,0.15241666666666667,0.23479166666666665
2021-08-22,si,26.474999999999998,81.58333333333333,22.97083333333333,32.025,1012.0708333333333,988.9,0.0,36.416666666666664,18.375,2.75,60.833333333333336,265.5833333333333,214.66666666666666,50.916666666666664,306.84583333333336,10.320833333333335,14.583333333333334,184.625,178.29166666666666,27.308333333333334,0.19499999999999998,0.6716666666666667,26.1875,26.037499999999998,25.899999999999995,25.8,0.19262500000000002,0.16370833333333334,0.152,0.234
2021-08-23,si,25.945833333333336,80.5,22.170833333333334,31.129166666666666,1012.1416666666668,988.9208333333332,0.0,49.125,22.375,1.75,93.95833333333333,265.3333333333333,209.04166666666666,56.291666666666664,302.0125,10.549999999999999,14.9375,182.58333333333334,176.29166666666666,27.433333333333334,0.19125,0.70125,25.804166666666664,25.912499999999998,25.899999999999995,25.8,0.17695833333333333,0.16145833333333334,0.151375,0.234
2021-08-24,si,25.933333333333334,79.54166666666667,21.983333333333334,30.412499999999998,1012.3458333333333,989.1083333333332,0.0,35.166666666666664,24.5,6.916666666666667,29.541666666666668,261.2083333333333,204.875,56.333333333333336,295.80833333333334,11.6,16.1875,185.375,180.5,28.766666666666666,0.18708333333333335,0.73,25.820833333333336,25.825,25.899999999999995,25.8,0.16416666666666668,0.15808333333333333,0.1505,0.23358333333333334
2021-08-25,si,26.304166666666664,75.5,21.495833333333334,30.09583333333333,1012.1083333333332,988.875,0.0,16.791666666666668,15.583333333333334,0.0,8.75,276.3333333333333,226.125,50.208333333333336,325.37916666666666,12.204166666666666,17.016666666666666,185.91666666666666,181.91666666666666,30.5125,0.20125,0.8779166666666667,26.070833333333336,25.958333333333332,25.899999999999995,25.8,0.15225,0.154375,0.14962499999999998,0.233
2021-08-26,si,26.25,73.70833333333333,21.079166666666666,29.65416666666667,1011.4,988.1416666666668,0.0,22.583333333333332,11.416666666666666,0.3333333333333333,39.875,273.1666666666667,220.29166666666666,52.875,316.4583333333333,11.629166666666668,16.058333333333334,189.625,186.04166666666666,29.65833333333333,0.1925,0.93125,26.34583333333333,26.175,25.899999999999995,25.8,0.13966666666666666,0.15045833333333333,0.149,0.233
2021-08-27,si,26.633333333333336,77.29166666666667,22.208333333333332,30.541666666666668,1011.5416666666666,988.3083333333334,0.0,36.75,19.25,16.875,30.875,263.4583333333333,206.04166666666666,57.416666666666664,293.55833333333334,11.987499999999999,16.51666666666667,185.25,181.0,29.958333333333332,0.18458333333333332,0.8345833333333333,26.5,26.25,25.94583333333333,25.8,0.12966666666666668,0.14654166666666665,0.14833333333333332,0.23229166666666667
2021-08-28,si,26.804166666666664,80.20833333333333,23.008333333333336,32.041666666666664,1010.7208333333333,987.5749999999999,0.0,34.166666666666664,15.208333333333334,26.125,16.041666666666668,255.29166666666666,196.79166666666666,58.5,283.26666666666665,8.845833333333333,12.733333333333334,179.375,171.875,25.558333333333334,0.18833333333333335,0.7270833333333333,26.825,26.558333333333334,26.004166666666666,25.866666666666664,0.12454166666666666,0.14341666666666666,0.1475,0.232
2021-08-29,si,27.09583333333333,80.70833333333333,23.3875,32.25,1010.7208333333333,987.5875,0.0,25.25,16.0,15.0,5.875,265.7083333333333,217.875,47.833333333333336,305.84166666666664,10.15,14.229166666666666,183.04166666666666,177.08333333333334,26.370833333333334,0.1975,0.7275,26.795833333333334,26.587500000000002,26.087500000000002,25.899999999999995,0.12529166666666666,0.14045833333333332,0.14666666666666664,0.23170833333333332
2021-08-30,si,27.016666666666666,81.0,23.40833333333333,32.49166666666667,1011.0375,987.9083333333333,0.0,53.75,32.791666666666664,12.291666666666666,70.375,258.8333333333333,190.58333333333334,68.25,272.3125,8.725,12.700000000000001,179.95833333333334,172.16666666666666,25.97083333333333,0.19333333333333333,0.7012499999999999,26.4875,26.5,26.100000000000005,25.899999999999995,0.12291666666666667,0.1375,0.146,0.231
2021-08-31,si,26.558333333333334,80.08333333333333,22.695833333333336,31.849999999999998,1011.6999999999999,988.525,0.0,13.208333333333334,2.7916666666666665,1.2083333333333333,33.208333333333336,280.8333333333333,234.75,46.083333333333336,333.09583333333336,8.916666666666666,12.716666666666667,186.83333333333334,179.125,23.558333333333334,0.20541666666666666,0.7374999999999999,26.425,26.416666666666668,26.125,25.899999999999995,0.12,0.13458333333333336,0.1455,0.231
2021-09-01,si,26.266666666666666,79.79166666666667,22.337500000000002,31.333333333333332,1011.9708333333333,988.7583333333333,0.0,19.875,8.583333333333334,0.0,40.375,285.4166666666667,236.83333333333334,48.583333333333336,336.89166666666665,10.762500000000001,14.9375,185.29166666666666,179.70833333333334,25.704166666666666,0.20875,0.7400000000000001,26.21666666666667,26.22083333333333,26.150000000000002,25.899999999999995,0.11183333333333334,0.13154166666666667,0.14462499999999998,0.23054166666666667
2021-09-02,si,26.520833333333332,73.58333333333333,21.295833333333334,29.65416666666667,1012.4208333333332,989.1541666666667,0.0,32.833333333333336,26.166666666666668,1.5833333333333333,27.583333333333332,267.9166666666667,208.16666666666666,59.75,295.2,12.887500000000001,17.808333333333334,188.66666666666666,184.83333333333334,31.545833333333334,0.19083333333333333,0.9525,26.520833333333332,26.320833333333336,26.150000000000002,25.899999999999995,0.104375,0.1285,0.144,0.23
2021-09-03,si,26.645833333333332,74.16666666666667,21.5625,29.78333333333333,1011.8166666666666,988.5708333333333,0.0,48.125,24.25,0.4583333333333333,86.54166666666667,269.0833333333333,209.625,59.458333333333336,292.70416666666665,13.729166666666666,19.075,187.70833333333334,183.75,33.895833333333336,0.19333333333333336,0.9358333333333334,26.90416666666667,26.604166666666668,26.2,25.899999999999995,0.09858333333333334,0.1255,0.143375,0.23
2021-09-04,si,26.479166666666668,79.45833333333333,22.599999999999998,30.608333333333334,1012.0583333333334,988.8333333333334,0.0,48.666666666666664,27.541666666666668,11.5,56.625,245.16666666666666,167.41666666666666,77.75,243.71666666666667,12.070833333333333,16.516666666666666,189.66666666666666,185.20833333333334,29.491666666666664,0.1758333333333333,0.7220833333333333,26.8125,26.708333333333332,26.2,25.899999999999995,0.09933333333333333,0.12291666666666667,0.1425,0.22916666666666666
2021-09-05,si,26.90416666666667,80.04166666666667,23.083333333333332,31.712500000000002,1012.1583333333333,988.9833333333332,0.0,46.875,15.166666666666666,13.916666666666666,82.625,277.375,225.16666666666666,52.208333333333336,309.24583333333334,10.3375,14.558333333333332,188.20833333333334,181.66666666666666,27.866666666666664,0.20583333333333334,0.7374999999999999,26.933333333333334,26.71666666666667,26.254166666666666,25.899999999999995,0.10275,0.120875,0.142,0.229
2021-09-06,si,27.004166666666666,80.70833333333333,23.270833333333332,33.06666666666667,1012.3708333333334,989.2208333333333,0.0,38.583333333333336,12.75,9.291666666666666,71.375,269.2916666666667,213.79166666666666,55.5,295.19166666666666,6.970833333333334,10.354166666666666,180.125,172.83333333333334,21.59166666666667,0.19874999999999998,0.7295833333333334,26.916666666666668,26.7,26.3,25.899999999999995,0.10049999999999999,0.11841666666666667,0.141375,0.22883333333333333
2021-09-07,si,26.662499999999998,84.45833333333333,23.78333333333333,32.59583333333333,1012.2458333333334,989.1041666666666,0.0,34.041666666666664,12.916666666666666,15.375,43.833333333333336,254.125,192.125,62.0,263.95416666666665,9.416666666666666,13.75,180.95833333333334,171.95833333333334,28.287499999999998,0.19208333333333336,0.5579166666666667,26.45,26.633333333333336,26.3,25.899999999999995,0.11454166666666667,0.1165,0.141,0.228
2021-09-08,si,26.21666666666667,83.16666666666667,23.0125,32.3125,1011.7041666666668,988.5958333333333,0.0,22.5,5.208333333333333,13.333333333333334,32.541666666666664,269.2083333333333,215.625,53.583333333333336,299.5125,9.795833333333333,14.275,178.16666666666666,169.625,28.479166666666668,0.21250000000000002,0.6124999999999999,26.133333333333336,26.308333333333334,26.3,25.899999999999995,0.13533333333333333,0.11512499999999999,0.14041666666666666,0.228
2021-09-09,si,26.620833333333334,82.625,23.370833333333334,32.34583333333333,1012.3083333333334,989.1374999999999,0.0,35.083333333333336,7.291666666666667,16.375,63.0,278.2916666666667,226.375,51.916666666666664,314.5625,7.675,11.549999999999999,178.58333333333334,168.5,23.420833333333334,0.20791666666666667,0.62375,25.97083333333333,26.120833333333334,26.3,25.899999999999995,0.141125,0.11354166666666667,0.14,0.228
2021-09-10,si,27.02916666666667,82.58333333333333,23.691666666666666,32.858333333333334,1012.4291666666667,989.2666666666668,0.0,35.375,9.375,32.083333333333336,25.5,230.66666666666666,169.0,61.666666666666664,226.5583333333333,8.674999999999999,12.466666666666667,181.20833333333334,173.58333333333334,23.150000000000002,0.17333333333333334,0.6508333333333333,26.125,26.09583333333333,26.224999999999998,25.899999999999995,0.14441666666666667,0.1125,0.139375,0.22733333333333336
2021-09-11,si,26.325,89.29166666666667,24.379166666666666,32.175000000000004,1011.5625,988.3666666666667,0.0,75.04166666666667,29.625,58.5,70.75,173.54166666666666,91.66666666666667,81.875,125.075,6.591666666666666,9.741666666666667,184.375,175.54166666666666,20.845833333333335,0.12833333333333333,0.37625,25.583333333333332,25.9375,26.2,25.899999999999995,0.197875,0.116375,0.139,0.227
2021-09-12,si,25.825,88.75,23.770833333333332,32.295833333333334,1011.025,987.8083333333334,0.0,82.875,12.833333333333334,87.91666666666667,65.0,113.45833333333333,42.625,70.83333333333333,65.3875,3.6958333333333333,5.7,153.58333333333334,146.04166666666666,14.954166666666666,0.08583333333333333,0.3870833333333334,25.208333333333332,25.554166666666664,26.137500000000003,25.899999999999995,0.245125,0.14316666666666666,0.139,0.227
2021-09-13,si,25.912499999999998,90.5,24.179166666666664,32.50833333333333,1011.6625,988.4125,0.0,62.166666666666664,17.333333333333332,51.75,52.083333333333336,140.45833333333334,68.75,71.70833333333333,111.29583333333333,4.316666666666666,5.716666666666666,77.83333333333333,72.125,15.041666666666666,0.09708333333333334,0.33166666666666667,25.504166666666666,25.52916666666667,26.041666666666668,25.916666666666668,0.28154166666666663,0.19966666666666666,0.1391666666666667,0.227
2021-09-14,si,26.65833333333333,87.875,24.454166666666666,33.9625,1012.3083333333334,989.1208333333334,0.0,61.791666666666664,43.791666666666664,12.5,53.583333333333336,269.0416666666667,209.79166666666666,59.25,280.625,3.6833333333333336,4.729166666666667,184.375,174.91666666666666,15.529166666666667,0.19500000000000003,0.44083333333333335,26.270833333333332,26.0625,26.0,25.9875,0.2617916666666667,0.229,0.14025,0.22683333333333333
2021-09-15,si,26.7375,86.16666666666667,24.1875,33.5625,1012.8916666666668,989.7083333333334,0.0,61.791666666666664,38.916666666666664,9.166666666666666,74.625,279.7083333333333,218.54166666666666,61.166666666666664,300.175,6.6875,9.529166666666667,180.75,176.66666666666666,18.129166666666666,0.1991666666666667,0.5054166666666667,26.008333333333336,25.991666666666664,26.0,26.0,0.2575,0.23670833333333333,0.141875,0.226
2021-09-16,si,26.75,85.29166666666667,24.0125,33.30416666666667,1012.1541666666667,989.0166666666668,0.0,36.25,12.583333333333334,10.041666666666666,62.916666666666664,280.9166666666667,225.91666666666666,55.0,311.65000000000003,8.950000000000001,12.779166666666667,178.75,172.08333333333334,24.166666666666668,0.2041666666666667,0.5408333333333334,26.40416666666667,26.191666666666666,26.0,26.0,0.24445833333333333,0.2344166666666667,0.14366666666666664,0.226
2021-09-17,si,26.808333333333334,84.25,23.84583333333333,32.795833333333334,1011.5500000000001,988.4250000000001,0.0,29.791666666666668,11.208333333333334,10.916666666666666,43.458333333333336,279.9166666666667,222.79166666666666,57.125,306.5625,10.241666666666667,14.804166666666667,179.125,171.08333333333334,27.3625,0.205,0.58625,26.691666666666666,26.491666666666664,26.045833333333334,26.0,0.22987500000000002,0.2275,0.14483333333333334,0.226
2021-09-18,si,26.8,84.125,23.84166666666667,32.96666666666667,1012.0625,988.9166666666666,0.0,28.0,8.083333333333334,11.333333333333334,45.958333333333336,278.4166666666667,225.375,53.041666666666664,307.37083333333334,9.691666666666666,14.066666666666668,179.16666666666666,171.29166666666666,27.78333333333333,0.20125,0.57875,26.3625,26.445833333333336,26.100000000000005,26.0,0.21954166666666666,0.21991666666666668,0.14533333333333331,0.22554166666666667
2021-09-19,si,26.358333333333334,83.95833333333333,23.295833333333334,32.25416666666667,1012.5875,989.4166666666666,0.0,25.208333333333332,10.458333333333334,9.083333333333334,34.458333333333336,292.6666666666667,244.33333333333334,48.333333333333336,335.57916666666665,10.829166666666666,15.391666666666666,184.33333333333334,178.0,30.041666666666668,0.21125000000000002,0.5916666666666667,26.141666666666666,26.145833333333332,26.100000000000005,26.0,0.20908333333333332,0.21295833333333333,0.146,0.225
2021-09-20,si,26.179166666666664,85.54166666666667,23.495833333333334,31.995833333333334,1012.1958333333333,988.9875000000001,0.0,42.25,21.625,28.375,28.541666666666668,249.83333333333334,184.66666666666666,65.16666666666667,246.22083333333333,9.6,13.404166666666667,182.75,178.41666666666666,26.849999999999998,0.17500000000000002,0.51125,25.97083333333333,26.083333333333332,26.100000000000005,26.0,0.2315,0.209875,0.146,0.225
2021-09-21,si,26.729166666666668,83.16666666666667,23.554166666666664,33.0875,1011.6125000000001,988.4541666666668,0.0,51.791666666666664,10.583333333333334,40.5,59.791666666666664,206.0,108.75,97.25,161.54166666666666,5.758333333333333,8.329166666666667,186.625,182.29166666666666,17.712500000000002,0.15166666666666667,0.6175,25.97083333333333,26.016666666666666,26.100000000000005,26.0,0.24179166666666665,0.22012500000000002,0.14670833333333333,0.225
2021-09-23,si,26.416666666666668,87.25,24.09583333333333,33.19583333333333,1012.1708333333332,989.0416666666666,0.0,67.70833333333333,12.041666666666666,55.708333333333336,78.20833333333333,142.0,59.125,82.875,91.76666666666667,6.104166666666667,9.445833333333333,177.58333333333334,167.79166666666666,22.020833333333332,0.11208333333333333,0.45083333333333336,26.170833333333334,26.370833333333334,26.100000000000005,26.0,0.234625,0.21279166666666668,0.14716666666666667,0.224
2021-09-24,si,26.925,83.375,23.808333333333334,33.80416666666667,1011.5875,988.4499999999999,0.0,63.125,8.791666666666666,60.0,65.875,228.33333333333334,140.79166666666666,87.54166666666667,197.44583333333333,4.0375,6.145833333333333,225.0,222.04166666666666,16.575,0.1679166666666667,0.6045833333333334,26.2,26.108333333333334,26.100000000000005,26.0,0.23370833333333332,0.21466666666666667,0.148,0.224
2021-09-25,si,26.40416666666667,83.95833333333333,23.395833333333332,33.104166666666664,1010.4625,987.3458333333333,0.0,43.166666666666664,19.125,37.416666666666664,12.0,267.25,209.70833333333334,57.541666666666664,286.1458333333333,5.529166666666666,8.6625,172.66666666666666,165.33333333333334,16.9375,0.19583333333333333,0.5770833333333333,26.337500000000002,26.2375,26.100000000000005,26.0,0.218,0.21062499999999998,0.148,0.224
2021-09-26,si,26.254166666666666,86.83333333333333,23.78333333333333,33.2125,1010.15,987.0708333333333,0.0,27.541666666666668,17.333333333333332,12.791666666666666,14.166666666666666,289.875,235.66666666666666,54.208333333333336,318.6125,7.504166666666666,11.158333333333333,178.58333333333334,170.16666666666666,21.583333333333332,0.21291666666666664,0.48625,26.541666666666668,26.445833333333336,26.133333333333336,26.0,0.24379166666666666,0.2117083333333333,0.148,0.22345833333333334
2021-09-27,si,26.545833333333334,81.45833333333333,23.004166666666666,32.0,1010.2333333333332,987.1166666666667,0.0,41.375,23.75,0.4166666666666667,65.58333333333333,299.75,248.25,51.5,336.23333333333335,10.4,14.762500000000001,181.95833333333334,175.70833333333334,27.8125,0.21708333333333332,0.6766666666666666,26.420833333333334,26.325,26.179166666666664,26.0,0.22291666666666665,0.21108333333333332,0.14862499999999998,0.223
2021-09-28,si,26.695833333333336,80.79166666666667,23.083333333333332,31.150000000000002,1010.6333333333333,987.4666666666667,0.0,64.54166666666667,48.75,10.083333333333334,54.625,279.125,215.41666666666666,63.708333333333336,293.275,11.354166666666666,15.766666666666666,188.25,183.375,29.133333333333336,0.19875,0.6895833333333333,26.604166666666668,26.483333333333334,26.2,26.0,0.209,0.20575,0.14866666666666664,0.223
2021-09-29,si,26.808333333333334,83.66666666666667,23.758333333333336,32.324999999999996,1010.7666666666668,987.6125000000001,0.0,29.875,22.083333333333332,6.458333333333333,20.041666666666668,290.8333333333333,236.125,54.708333333333336,321.55,9.583333333333334,13.204166666666666,186.625,181.04166666666666,25.245833333333334,0.2041666666666667,0.5975,26.825,26.650000000000002,26.224999999999998,26.0,0.202875,0.20079166666666667,0.1485,0.223
2021-09-30,si,26.454166666666666,86.54166666666667,23.954166666666666,32.487500000000004,1011.0916666666667,987.9333333333334,0.0,34.25,32.708333333333336,5.291666666666667,5.25,282.4166666666667,222.54166666666666,59.875,304.8041666666667,9.329166666666667,12.995833333333332,186.20833333333334,180.58333333333334,24.520833333333332,0.19833333333333333,0.4970833333333333,26.608333333333334,26.599999999999998,26.3,26.0,0.19516666666666668,0.19600000000000004,0.14829166666666665,0.22224999999999998
2021-10-01,si,26.666666666666668,81.625,23.1375,31.974999999999998,1011.6833333333334,988.5,0.0,32.041666666666664,19.166666666666668,6.25,36.708333333333336,290.0,233.29166666666666,56.708333333333336,318.33750000000003,10.454166666666667,14.366666666666667,188.75,184.79166666666666,26.150000000000002,0.20333333333333334,0.6862499999999999,26.65833333333333,26.479166666666668,26.3,26.0,0.18495833333333334,0.19087500000000002,0.148,0.222
2021-10-02,si,26.962500000000002,78.70833333333333,22.820833333333336,32.074999999999996,1011.3625000000001,988.1999999999999,0.0,52.916666666666664,35.958333333333336,6.958333333333333,54.25,300.0416666666667,245.58333333333334,54.458333333333336,330.375,9.9125,13.533333333333333,193.625,190.875,24.275000000000002,0.21708333333333332,0.7958333333333334,26.791666666666668,26.633333333333336,26.3,26.0,0.17325000000000002,0.18533333333333335,0.14754166666666665,0.222
2021-10-03,si,26.891666666666666,80.29166666666667,23.129166666666666,31.991666666666664,1010.7208333333333,987.5875,0.0,30.958333333333332,18.333333333333332,10.291666666666666,27.208333333333332,286.4583333333333,231.41666666666666,55.041666666666664,316.18333333333334,10.770833333333334,14.758333333333333,186.95833333333334,184.08333333333334,26.224999999999998,0.21208333333333332,0.7220833333333333,27.079166666666666,26.900000000000002,26.366666666666664,26.0,0.16504166666666667,0.17966666666666664,0.147,0.22145833333333334
2021-10-04,si,26.954166666666666,79.16666666666667,22.97083333333333,31.59166666666667,1010.3333333333334,987.1916666666666,0.0,54.666666666666664,30.541666666666668,16.833333333333332,62.041666666666664,277.2083333333333,208.83333333333334,68.375,278.4125,10.1875,13.879166666666668,191.70833333333334,188.25,24.97083333333333,0.20541666666666666,0.7616666666666667,27.016666666666666,26.895833333333332,26.412499999999998,26.0,0.16533333333333333,0.1748333333333333,0.14645833333333333,0.221
2021-10-05,si,26.770833333333332,80.16666666666667,23.004166666666666,31.195833333333336,1009.4291666666667,986.2958333333332,0.0,39.666666666666664,29.041666666666668,8.5,27.875,262.375,195.25,67.125,263.41249999999997,12.045833333333334,16.3625,190.95833333333334,186.83333333333334,27.854166666666668,0.19458333333333333,0.7129166666666666,26.7625,26.72083333333333,26.454166666666666,26.0,0.17320833333333333,0.17141666666666666,0.146,0.221
2021-10-06,si,26.504166666666666,77.375,22.191666666666666,30.179166666666664,1009.8833333333333,986.7083333333334,0.0,38.416666666666664,28.958333333333332,1.2083333333333333,40.0,280.875,205.20833333333334,75.66666666666667,286.2083333333333,12.454166666666666,17.220833333333335,189.04166666666666,185.58333333333334,31.224999999999998,0.2058333333333333,0.7958333333333334,26.8125,26.770833333333332,26.5,26.0,0.17341666666666666,0.167875,0.14554166666666665,0.221
2021-10-07,si,26.65416666666667,74.45833333333333,21.645833333333332,30.537499999999998,1010.4416666666666,987.2583333333333,0.0,22.0,14.041666666666666,0.20833333333333334,30.708333333333332,309.4166666666667,259.625,49.791666666666664,353.44583333333327,9.85,13.904166666666667,190.66666666666666,187.04166666666666,25.254166666666666,0.22875,0.9241666666666667,26.900000000000002,26.75,26.5,26.0625,0.16629166666666667,0.164,0.145,0.22020833333333334
2021-10-08,si,27.079166666666666,75.79166666666667,22.34166666666667,30.9875,1011.1791666666667,987.9916666666667,0.0,41.458333333333336,30.5,0.3333333333333333,46.083333333333336,306.5416666666667,251.04166666666666,55.5,342.8208333333334,12.200000000000001,16.633333333333333,189.41666666666666,186.33333333333334,28.995833333333334,0.22124999999999997,0.9,27.308333333333334,26.954166666666666,26.5,26.100000000000005,0.15183333333333335,0.1595,0.144375,0.22
2021-10-09,si,27.3875,75.33333333333333,22.508333333333336,31.599999999999998,1011.0416666666666,987.8791666666666,0.0,32.625,26.041666666666668,2.5,25.375,300.7916666666667,241.54166666666666,59.25,329.45,12.741666666666667,17.491666666666667,188.625,185.29166666666666,30.170833333333334,0.21875,0.9425,27.6375,27.241666666666664,26.541666666666668,26.100000000000005,0.139375,0.15495833333333334,0.14345833333333333,0.22
2021-10-10,si,27.825,76.16666666666667,23.125,32.083333333333336,1010.4708333333333,987.3666666666667,0.0,38.791666666666664,23.208333333333332,0.625,58.333333333333336,302.75,246.20833333333334,56.541666666666664,336.18333333333334,12.070833333333333,16.224999999999998,191.41666666666666,187.79166666666666,28.95,0.22208333333333333,0.9333333333333332,28.041666666666668,27.5625,26.633333333333336,26.100000000000005,0.12854166666666667,0.1505,0.1425833333333333,0.21908333333333332
2021-10-11,si,27.683333333333334,72.20833333333333,22.099999999999998,31.1125,1010.1625,987.0124999999999,0.0,32.875,21.541666666666668,0.125,44.916666666666664,307.1666666666667,249.16666666666666,58.0,339.27916666666664,11.666666666666666,15.725,193.58333333333334,190.75,28.016666666666666,0.22291666666666665,1.07125,28.0625,27.708333333333332,26.733333333333334,26.100000000000005,0.11795833333333333,0.146,0.14166666666666664,0.219
2021-10-12,si,27.46666666666667,73.625,22.170833333333334,31.391666666666666,1009.5833333333334,986.4499999999999,0.0,22.875,5.375,0.0,60.041666666666664,318.9583333333333,274.5,44.458333333333336,372.32916666666665,11.091666666666667,15.041666666666666,196.54166666666666,192.79166666666666,27.833333333333332,0.23291666666666666,1.0175,28.054166666666664,27.741666666666664,26.825,26.100000000000005,0.10820833333333334,0.141625,0.141,0.2187083333333333
2021-10-13,si,27.45,71.70833333333333,21.662499999999998,31.02916666666667,1009.3791666666666,986.2416666666667,0.0,44.583333333333336,24.416666666666668,0.0,77.04166666666667,317.4583333333333,271.0833333333333,46.375,365.84999999999997,11.225,15.133333333333333,194.75,191.375,26.758333333333336,0.2325,1.09125,28.025000000000002,27.7,26.899999999999995,26.100000000000005,0.09925,0.13704166666666667,0.14033333333333334,0.218
2021-10-14,si,27.391666666666666,76.41666666666667,22.695833333333336,31.7375,1009.8166666666666,986.6791666666667,0.0,39.791666666666664,12.875,1.0,91.45833333333333,299.5,231.04166666666666,68.45833333333333,308.4375,9.304166666666667,12.695833333333333,189.45833333333334,185.45833333333334,23.6375,0.21791666666666668,0.9108333333333333,27.933333333333334,27.775000000000002,26.995833333333334,26.100000000000005,0.09241666666666666,0.13320833333333335,0.13941666666666666,0.218
2021-10-15,si,27.429166666666664,80.41666666666667,23.6125,33.6,1009.0749999999999,986.0208333333334,0.0,23.083333333333332,9.875,3.9583333333333335,39.333333333333336,293.8333333333333,214.29166666666666,79.54166666666667,293.8,6.75,9.366666666666667,196.20833333333334,191.04166666666666,20.045833333333334,0.22124999999999997,0.7579166666666667,27.55,27.46666666666667,27.0,26.1875,0.08883333333333332,0.12966666666666668,0.13854166666666667,0.21762499999999999
2021-10-16,si,27.808333333333334,83.66666666666667,24.724999999999998,34.387499999999996,1009.4416666666666,986.4375,0.0,32.416666666666664,21.458333333333332,13.416666666666666,16.541666666666668,297.7083333333333,245.58333333333334,52.125,329.6666666666667,7.7375,10.604166666666666,193.0,189.16666666666666,21.358333333333334,0.22291666666666668,0.6366666666666666,27.90833333333333,27.59166666666667,27.0,26.2,0.09079166666666666,0.12695833333333334,0.138,0.217
2021-10-17,si,27.741666666666664,83.79166666666667,24.695833333333336,34.00833333333333,1010.3666666666667,987.275,0.0,54.25,32.541666666666664,9.875,69.875,290.4166666666667,230.125,60.291666666666664,304.49583333333334,7.3999999999999995,10.35,187.875,183.375,20.179166666666667,0.20958333333333334,0.62,27.7,27.650000000000002,27.0625,26.2,0.1595,0.12708333333333333,0.13741666666666666,0.217
2021-10-18,si,27.3125,86.91666666666667,24.879166666666666,34.645833333333336,1011.5041666666666,988.4,0.0,34.416666666666664,26.458333333333332,7.541666666666667,19.875,296.0833333333333,245.5,50.583333333333336,331.4916666666667,4.3625,5.341666666666666,101.33333333333333,92.04166666666667,16.654166666666665,0.21416666666666664,0.49541666666666667,27.116666666666664,27.183333333333334,27.05416666666667,26.2,0.21695833333333334,0.1386666666666667,0.137,0.217
2021-10-19,si,27.195833333333336,87.20833333333333,24.854166666666668,34.979166666666664,1014.125,990.9916666666667,0.0,51.541666666666664,24.625,16.208333333333332,75.875,288.8333333333333,223.70833333333334,65.125,298.40833333333336,5.870833333333334,7.9750000000000005,179.58333333333334,175.79166666666666,17.833333333333332,0.21458333333333335,0.47541666666666665,27.429166666666664,27.325,27.0,26.2,0.2325,0.14833333333333332,0.137,0.217
2021-10-20,si,27.729166666666668,83.75,24.662499999999998,34.887499999999996,1013.0208333333334,989.9375,0.0,36.041666666666664,15.458333333333334,11.875,49.666666666666664,293.25,236.5,56.75,316.72083333333336,10.450000000000001,14.354166666666666,190.20833333333334,185.08333333333334,26.958333333333332,0.21833333333333335,0.625,27.758333333333336,27.420833333333334,27.016666666666666,26.2,0.22175,0.16358333333333333,0.137,0.21641666666666667
2021-10-21,si,27.858333333333334,84.5,24.9375,35.708333333333336,1012.2333333333332,989.2083333333334,0.0,44.541666666666664,14.708333333333334,9.958333333333334,85.58333333333333,301.125,245.5,55.625,325.8958333333333,8.9375,12.583333333333334,189.0,181.95833333333334,25.358333333333334,0.22958333333333333,0.6054166666666666,28.02916666666667,27.791666666666668,27.100000000000005,26.3,0.20270833333333335,0.165625,0.1365,0.216
2021-10-22,si,27.954166666666666,81.95833333333333,24.537499999999998,34.550000000000004,1012.7624999999999,989.6833333333334,0.0,46.625,17.875,12.625,76.875,299.875,243.41666666666666,56.458333333333336,331.09999999999997,10.129166666666666,14.079166666666666,184.91666666666666,180.70833333333334,25.5125,0.22333333333333336,0.7045833333333333,27.825,27.629166666666666,27.100000000000005,26.3,0.19516666666666668,0.16495833333333335,0.136,0.216
2021-10-23,si,28.0125,80.79166666666667,24.2625,34.4375,1012.6,989.5458333333332,0.0,23.625,11.166666666666666,0.9166666666666666,43.208333333333336,310.4583333333333,256.0833333333333,54.375,348.12916666666666,9.833333333333334,13.416666666666666,194.08333333333334,191.25,23.441666666666666,0.24125,0.7708333333333334,28.075,27.825,27.133333333333336,26.3,0.17966666666666667,0.16204166666666667,0.13554166666666667,0.216
2021-10-24,si,27.8,78.70833333333333,23.59166666666667,34.074999999999996,1011.5416666666666,988.4791666666666,0.0,36.25,12.25,0.25,83.41666666666667,314.7916666666667,260.2916666666667,54.5,352.625,8.458333333333334,11.708333333333334,196.125,193.25,21.71666666666667,0.23875,0.8495833333333334,28.15833333333333,27.954166666666666,27.2,26.3,0.16316666666666668,0.15808333333333333,0.135,0.21525000000000002
2021-10-25,si,27.65416666666667,78.5,23.458333333333332,34.225,1010.8083333333334,987.7708333333334,0.0,41.583333333333336,21.375,7.541666666666667,61.291666666666664,317.75,271.375,46.375,366.47499999999997,8.379166666666666,11.4125,197.45833333333334,195.04166666666666,21.5625,0.24291666666666667,0.8358333333333333,27.775000000000002,27.745833333333334,27.22083333333333,26.3,0.15212499999999998,0.15408333333333332,0.13445833333333335,0.215
2021-10-26,si,27.491666666666664,81.16666666666667,23.90416666666667,33.579166666666666,1010.7958333333332,987.7041666666668,0.0,49.791666666666664,16.208333333333332,24.75,68.20833333333333,300.875,248.66666666666666,52.208333333333336,321.72083333333336,7.529166666666666,10.641666666666667,187.04166666666666,184.125,20.041666666666668,0.22333333333333336,0.7200000000000001,27.541666666666668,27.575,27.25,26.333333333333332,0.17933333333333334,0.15162499999999998,0.134,0.215
2021-10-27,si,27.09166666666667,88.25,24.9375,33.4125,1011.3166666666666,988.1625,0.0,50.833333333333336,18.25,16.291666666666668,84.41666666666667,242.41666666666666,151.75,90.66666666666667,202.7458333333333,5.541666666666667,7.8125,194.875,189.04166666666666,17.554166666666667,0.17458333333333334,0.43416666666666665,27.087500000000002,27.266666666666666,27.212500000000002,26.399999999999995,0.24079166666666665,0.16158333333333333,0.134,0.215
2021-10-28,si,27.616666666666664,85.79166666666667,25.004166666666666,34.583333333333336,1011.2875,988.1958333333333,0.0,56.708333333333336,23.083333333333332,13.541666666666666,94.0,278.3333333333333,206.875,71.45833333333333,268.6166666666667,6.716666666666666,9.333333333333334,187.91666666666666,181.70833333333334,18.133333333333333,0.20541666666666666,0.53875,27.433333333333334,27.308333333333334,27.2,26.399999999999995,0.246125,0.18600000000000003,0.134,0.21433333333333335
2021-10-29,si,27.412499999999998,85.95833333333333,24.808333333333334,34.475,1012.125,989.0333333333333,0.0,71.875,38.583333333333336,17.75,91.20833333333333,272.0,203.625,68.375,269.50416666666666,8.762500000000001,11.9375,191.54166666666666,186.58333333333334,21.004166666666666,0.19958333333333333,0.5295833333333333,27.058333333333334,27.150000000000002,27.162499999999998,26.399999999999995,0.23879166666666665,0.19662500000000002,0.134,0.214
2021-10-30,si,26.833333333333332,90.04166666666667,25.004166666666666,33.641666666666666,1012.4166666666666,989.2666666666668,0.0,64.66666666666667,32.958333333333336,12.708333333333334,95.75,224.0,138.75,85.25,179.60833333333335,6.079166666666667,8.404166666666667,195.70833333333334,188.625,16.054166666666667,0.16083333333333333,0.3745833333333333,27.204166666666666,27.145833333333332,27.100000000000005,26.399999999999995,0.27720833333333333,0.21941666666666668,0.13433333333333333,0.214
2021-10-31,si,26.400000000000002,90.66666666666667,24.704166666666666,34.63333333333333,1011.3625000000001,988.2791666666667,0.0,67.29166666666667,40.125,24.458333333333332,59.375,262.7083333333333,192.79166666666666,69.91666666666667,257.5208333333333,4.354166666666667,6.483333333333333,171.875,165.58333333333334,16.308333333333334,0.19499999999999998,0.3383333333333333,26.629166666666666,26.90833333333333,27.100000000000005,26.399999999999995,0.27591666666666664,0.24833333333333332,0.13683333333333333,0.214
2021-11-01,si,26.291666666666668,91.0,24.662499999999998,33.454166666666666,1011.5333333333333,988.3708333333334,0.0,70.79166666666667,39.916666666666664,35.291666666666664,93.41666666666667,178.25,77.125,101.125,93.65416666666668,3.795833333333333,5.595833333333334,167.95833333333334,169.54166666666666,14.958333333333334,0.13166666666666668,0.32541666666666663,25.995833333333334,26.40833333333333,26.991666666666664,26.399999999999995,0.30866666666666664,0.28175,0.142375,0.214
2021-11-02,si,26.712500000000002,88.58333333333333,24.666666666666668,33.579166666666666,1011.1458333333334,988.0166666666668,0.0,65.95833333333333,34.5,19.541666666666668,86.5,250.08333333333334,157.45833333333334,92.625,206.26250000000002,6.875,9.695833333333333,184.79166666666666,179.25,17.525000000000002,0.18041666666666667,0.4075,26.349999999999998,26.370833333333334,26.84166666666667,26.416666666666668,0.3030833333333333,0.2917916666666666,0.15545833333333334,0.214
2021-11-03,si,27.620833333333334,84.20833333333333,24.629166666666666,34.8125,1010.3125,987.25,0.0,53.041666666666664,25.0,23.041666666666668,70.20833333333333,309.0833333333333,256.4166666666667,52.666666666666664,343.64166666666665,4.6875,7.504166666666666,173.25,165.45833333333334,16.833333333333332,0.2304166666666667,0.61375,27.133333333333336,26.816666666666666,26.8,26.5,0.279375,0.2800416666666667,0.16637500000000002,0.214
2021-11-04,si,26.59166666666667,90.91666666666667,24.9375,33.96666666666667,1010.1125000000001,987.0083333333333,0.0,67.70833333333333,30.333333333333332,32.916666666666664,95.54166666666667,220.33333333333334,124.08333333333333,96.25,156.77083333333334,5.654166666666666,8.004166666666666,176.20833333333334,168.625,16.941666666666666,0.16333333333333333,0.3333333333333333,26.491666666666664,26.758333333333336,26.8,26.5,0.30158333333333337,0.2844583333333333,0.17308333333333334,0.21329166666666666
2021-11-05,si,26.733333333333334,91.5,25.224999999999998,33.608333333333334,1009.5583333333334,986.4375,0.0,57.875,18.375,23.666666666666668,96.83333333333333,208.79166666666666,96.95833333333333,111.83333333333333,125.2625,4.808333333333334,6.045833333333333,101.08333333333333,99.20833333333333,19.883333333333333,0.15083333333333335,0.30875,26.354166666666668,26.433333333333334,26.729166666666668,26.5,0.31625,0.307375,0.19016666666666668,0.213
2021-11-06,si,27.21666666666667,89.0,25.208333333333332,35.112500000000004,1007.9291666666667,984.9208333333332,0.0,51.958333333333336,19.25,20.166666666666668,79.20833333333333,295.625,226.91666666666666,68.70833333333333,307.43333333333334,4.175,5.641666666666667,180.79166666666666,166.75,15.029166666666667,0.21666666666666667,0.41208333333333336,26.770833333333332,26.683333333333334,26.7,26.5,0.30395833333333333,0.2989583333333333,0.203875,0.213
2021-11-07,si,27.916666666666668,83.08333333333333,24.675,35.725,1007.3958333333334,984.4499999999999,0.0,47.541666666666664,25.041666666666668,7.916666666666667,68.20833333333333,318.625,272.7083333333333,45.916666666666664,368.6958333333334,3.0708333333333333,3.733333333333333,184.04166666666666,180.91666666666666,12.299999999999999,0.23875000000000002,0.6704166666666667,27.037499999999998,26.84583333333333,26.7,26.5,0.27979166666666666,0.288375,0.21441666666666667,0.213
2021-11-08,si,27.495833333333334,86.66666666666667,25.020833333333332,34.93333333333333,1008.6583333333333,985.6458333333334,0.0,51.75,21.416666666666668,8.333333333333334,95.08333333333333,274.375,199.875,74.5,258.3125,3.5041666666666664,5.066666666666666,202.75,212.29166666666666,12.541666666666666,0.20458333333333334,0.5029166666666667,26.991666666666664,26.974999999999998,26.712500000000002,26.5,0.2794583333333333,0.27429166666666666,0.21895833333333334,0.213
2021-11-09,si,27.354166666666668,88.875,25.308333333333334,35.44166666666667,1008.4666666666667,985.4708333333333,0.0,55.5,17.791666666666668,19.416666666666668,93.08333333333333,255.125,160.70833333333334,94.41666666666667,207.97083333333333,4.454166666666667,6.658333333333334,190.29166666666666,183.70833333333334,14.424999999999999,0.19041666666666668,0.42291666666666666,26.875,26.8125,26.71666666666667,26.5,0.28875,0.2771666666666667,0.22266666666666668,0.213
2021-11-10,si,26.883333333333336,89.33333333333333,24.891666666666666,34.32083333333333,1009.4375,986.3916666666668,0.0,79.25,56.333333333333336,27.333333333333332,84.41666666666667,235.70833333333334,156.625,79.08333333333333,191.98749999999998,8.275,11.4125,191.29166666666666,188.79166666666666,22.7625,0.17625,0.4083333333333334,26.912499999999998,26.916666666666668,26.745833333333334,26.5,0.32725,0.31679166666666664,0.23358333333333334,0.213
2021-11-11,si,26.59583333333333,91.33333333333333,24.995833333333334,32.641666666666666,1009.2833333333333,986.1541666666667,0.0,91.625,68.04166666666667,28.666666666666668,99.79166666666667,143.04166666666666,28.041666666666668,115.0,35.00416666666667,8.829166666666667,12.387500000000001,189.54166666666666,183.54166666666666,24.224999999999998,0.10708333333333332,0.3279166666666667,26.5625,26.6875,26.72083333333333,26.5,0.335875,0.3320416666666667,0.257625,0.21325000000000002
2021-11-12,si,26.71666666666667,88.95833333333333,24.712500000000002,33.12083333333333,1010.25,987.1166666666667,0.0,73.08333333333333,34.625,31.416666666666668,99.20833333333333,194.45833333333334,71.16666666666667,123.29166666666667,86.65833333333335,8.566666666666666,11.833333333333334,198.375,196.33333333333334,23.0125,0.14166666666666666,0.39875,26.5125,26.55,26.7,26.5,0.3207083333333333,0.31783333333333336,0.27687500000000004,0.21424999999999997
2021-11-13,si,26.579166666666666,88.54166666666667,24.458333333333332,34.24583333333333,1009.975,986.8958333333334,0.0,81.33333333333333,27.375,51.083333333333336,99.20833333333333,212.625,92.66666666666667,119.95833333333333,128.34583333333333,5.391666666666667,7.741666666666666,178.54166666666666,175.875,17.650000000000002,0.15625,0.42375,26.541666666666668,26.583333333333332,26.7,26.5,0.32066666666666666,0.316625,0.28641666666666665,0.21558333333333332
2021-11-14,si,26.308333333333334,91.875,24.804166666666664,33.612500000000004,1010.3000000000001,987.1583333333333,0.0,72.20833333333333,20.958333333333332,44.666666666666664,99.41666666666667,177.04166666666666,56.375,120.66666666666667,67.10416666666667,2.7708333333333335,3.966666666666667,218.41666666666666,174.58333333333334,12.516666666666666,0.13291666666666666,0.30833333333333335,26.354166666666668,26.474999999999998,26.620833333333334,26.5,0.3302083333333333,0.3293333333333333,0.29633333333333334,0.21766666666666667
2021-11-15,si,25.804166666666664,93.375,24.59583333333333,33.770833333333336,1009.8791666666666,986.7541666666666,0.0,78.83333333333333,24.958333333333332,54.75,95.5,240.66666666666666,146.54166666666666,94.125,191.9416666666667,3.641666666666667,5.108333333333333,139.75,124.375,13.758333333333333,0.1725,0.24,26.079166666666666,26.2625,26.600000000000005,26.5,0.3280416666666667,0.3275416666666667,0.30691666666666667,0.220625
2021-11-16,si,25.920833333333334,94.04166666666667,24.854166666666668,33.61666666666667,1009.9250000000001,986.7958333333332,0.0,83.70833333333333,23.291666666666668,65.125,86.54166666666667,139.45833333333334,46.5,92.95833333333333,76.50833333333334,3.2541666666666664,4.445833333333334,99.08333333333333,111.95833333333333,13.820833333333333,0.10208333333333335,0.2091666666666667,25.583333333333332,25.895833333333332,26.5,26.5,0.3289166666666667,0.33383333333333337,0.3169166666666667,0.2247916666666667
2021-11-17,si,26.520833333333332,90.45833333333333,24.804166666666664,34.4125,1009.9375,986.8458333333333,0.0,64.25,26.5,39.125,84.58333333333333,243.41666666666666,159.66666666666666,83.75,204.44583333333333,3.483333333333333,4.870833333333333,177.70833333333334,177.95833333333334,14.895833333333334,0.17958333333333332,0.34625,26.145833333333332,26.075,26.399999999999995,26.5,0.3216666666666667,0.32233333333333336,0.31783333333333336,0.22987500000000002
2021-11-18,si,27.0,87.79166666666667,24.754166666666666,35.18333333333333,1008.5416666666666,985.5208333333334,0.0,74.29166666666667,44.666666666666664,32.416666666666664,75.04166666666667,265.4166666666667,171.0,94.41666666666667,231.79583333333335,3.1625,4.629166666666666,171.45833333333334,170.66666666666666,14.016666666666666,0.19833333333333333,0.45416666666666666,26.78333333333333,26.5625,26.399999999999995,26.5,0.32475000000000004,0.3280416666666667,0.31820833333333337,0.23479166666666665
2021-11-19,si,27.334782608695654,85.82608695652173,24.70434782608696,34.79565217391304,1007.4869565217392,984.491304347826,0.0,68.17391304347827,29.26086956521739,25.434782608695652,98.04347826086956,262.5652173913044,176.47826086956522,86.08695652173913,229.5,3.9695652173913043,5.860869565217392,164.95652173913044,159.7826086956522,13.978260869565217,0.1947826086956522,0.53,26.847826086956523,26.660869565217393,26.430434782608696,26.5,0.31582608695652176,0.3243913043478261,0.3186086956521739,0.23965217391304347
2021-11-20,si,25.483333333333334,95.5,24.670833333333334,31.849999999999998,1008.2875,985.1166666666667,0.0,82.70833333333333,23.333333333333332,67.04166666666667,98.29166666666667,87.20833333333333,13.5,73.70833333333333,26.77916666666667,5.508333333333333,7.616666666666667,77.95833333333333,73.375,17.583333333333332,0.0625,0.15708333333333332,25.258333333333336,25.945833333333336,26.45,26.5,0.33308333333333334,0.33516666666666667,0.3222083333333334,0.24487499999999998
2021-11-21,si,26.266666666666666,90.95833333333333,24.608333333333334,34.520833333333336,1009.3458333333333,986.2916666666666,0.0,58.041666666666664,21.25,19.833333333333332,98.66666666666667,204.95833333333334,81.91666666666667,123.04166666666667,104.75416666666666,4.254166666666666,5.820833333333333,70.58333333333333,70.375,17.820833333333333,0.15416666666666667,0.3283333333333333,25.599999999999998,25.695833333333336,26.316666666666666,26.5,0.32483333333333336,0.33016666666666666,0.325875,0.25075
2021-11-22,si,26.929166666666664,87.625,24.675,35.13333333333333,1008.775,985.7624999999999,0.0,53.833333333333336,15.875,20.416666666666668,90.875,279.5833333333333,211.5,68.08333333333333,277.8875,5.070833333333334,6.720833333333334,45.625,59.166666666666664,14.645833333333334,0.20583333333333334,0.455,26.287499999999998,26.09583333333333,26.241666666666664,26.5,0.30720833333333336,0.31466666666666665,0.3225,0.25645833333333334
2021-11-23,si,26.454166666666666,91.91666666666667,25.0,34.9,1008.8541666666666,985.7958333333332,0.0,68.70833333333333,40.583333333333336,14.541666666666666,93.41666666666667,239.41666666666666,152.875,86.54166666666667,201.4333333333333,4.704166666666667,6.329166666666667,201.20833333333334,198.70833333333334,14.904166666666667,0.17458333333333334,0.2916666666666667,26.224999999999998,26.22083333333333,26.2625,26.5,0.321375,0.31983333333333336,0.31908333333333333,0.26108333333333333
2021-11-24,si,26.7,89.875,24.849999999999998,33.670833333333334,1009.2541666666666,986.1625,0.0,67.70833333333333,35.0,20.833333333333332,89.91666666666667,192.33333333333334,72.29166666666667,120.04166666666667,100.2625,5.058333333333334,7.058333333333334,202.25,198.0,15.833333333333334,0.1425,0.3745833333333333,26.474999999999998,26.3625,26.3,26.5,0.34029166666666666,0.345875,0.32808333333333334,0.266
2021-11-25,si,27.120833333333334,86.875,24.72083333333333,34.11666666666667,1009.0500000000001,985.9916666666667,0.0,60.625,35.041666666666664,24.458333333333332,72.29166666666667,260.9166666666667,186.25,74.66666666666667,249.70416666666665,5.233333333333333,7.141666666666667,195.125,193.54166666666666,16.2,0.19333333333333333,0.4825,26.766666666666666,26.599999999999998,26.325,26.5,0.31625,0.324875,0.332,0.2727916666666667
2021-11-26,si,26.816666666666666,89.75,24.929166666666664,33.824999999999996,1009.0833333333334,986.0041666666666,0.0,75.25,35.041666666666664,31.208333333333332,92.5,202.16666666666666,90.625,111.54166666666667,129.0625,6.4375,9.041666666666666,194.54166666666666,194.125,17.741666666666667,0.14708333333333334,0.3833333333333333,26.508333333333336,26.516666666666666,26.399999999999995,26.5,0.31908333333333333,0.31708333333333333,0.3272083333333334,0.2786666666666667
2021-11-27,si,26.116666666666664,92.45833333333333,24.729166666666668,34.670833333333334,1009.025,985.9666666666667,0.0,68.83333333333333,32.291666666666664,30.333333333333332,98.04166666666667,248.04166666666666,160.0,88.04166666666667,206.04999999999998,5.004166666666666,6.979166666666667,198.41666666666666,197.54166666666666,16.400000000000002,0.18291666666666664,0.2775,26.27916666666667,26.34166666666667,26.399999999999995,26.5,0.3245416666666667,0.3262916666666667,0.3250416666666667,0.28341666666666665
2021-11-28,si,25.679166666666664,95.66666666666667,24.883333333333336,32.12083333333333,1009.475,986.3249999999999,0.0,88.875,49.708333333333336,58.875,99.83333333333333,69.5,2.0833333333333335,67.41666666666667,2.529166666666667,7.120833333333334,9.858333333333333,188.29166666666666,186.41666666666666,17.908333333333335,0.05958333333333333,0.16083333333333333,25.662499999999998,26.03333333333333,26.391666666666666,26.5,0.35433333333333333,0.3514166666666667,0.3360416666666666,0.28829166666666667
2021-11-29,si,25.8625,89.5,23.941666666666666,31.9875,1009.1708333333332,986.0375,0.0,72.83333333333333,13.041666666666666,56.916666666666664,99.95833333333333,159.625,46.125,113.5,58.87916666666666,6.933333333333334,9.762500000000001,189.70833333333334,185.95833333333334,19.304166666666667,0.12458333333333334,0.37166666666666665,25.758333333333336,25.8,26.3,26.5,0.32166666666666666,0.3323333333333333,0.35862499999999997,0.30316666666666664
2021-11-30,si,25.558333333333334,94.125,24.508333333333336,32.541666666666664,1009.1541666666667,986.0041666666666,0.0,74.16666666666667,18.666666666666668,57.875,99.70833333333333,114.79166666666667,9.583333333333334,105.20833333333333,12.041666666666666,5.2749999999999995,7.5375000000000005,159.45833333333334,155.91666666666666,14.1,0.085,0.20333333333333334,25.175,25.566666666666666,26.208333333333332,26.5,0.31916666666666665,0.302625,0.3434166666666667,0.31420833333333337
2021-12-01,si,25.483333333333334,95.625,24.683333333333334,33.00416666666667,1009.7624999999999,986.6041666666666,0.0,79.5,17.291666666666668,62.541666666666664,99.79166666666667,126.0,24.041666666666668,101.95833333333333,29.662499999999998,2.3874999999999997,3.2375000000000003,200.95833333333334,200.125,12.1,0.09583333333333333,0.1525,25.03333333333333,25.337500000000002,26.079166666666666,26.483333333333334,0.3307083333333333,0.32325,0.33641666666666664,0.319125
2021-12-02,si,26.587500000000002,89.45833333333333,24.641666666666666,34.30416666666667,1009.9250000000001,986.8458333333333,0.0,57.166666666666664,23.708333333333332,16.791666666666668,92.33333333333333,259.9166666666667,167.75,92.16666666666667,208.04999999999998,4.054166666666666,5.191666666666666,217.70833333333334,217.75,13.741666666666667,0.19166666666666665,0.3941666666666666,26.166666666666668,25.816666666666666,26.0,26.399999999999995,0.321125,0.31975000000000003,0.3333333333333333,0.322125
2021-12-04,si,26.491666666666664,90.08333333333333,24.708333333333332,35.275,1009.8916666666668,986.8541666666666,0.0,70.16666666666667,42.833333333333336,21.833333333333332,92.5,281.7916666666667,203.5,78.29166666666667,259.8333333333333,4.8625,6.920833333333333,119.0,115.95833333333333,18.075,0.20750000000000002,0.35250000000000004,26.3,26.304166666666664,26.11666666666667,26.399999999999995,0.3189166666666667,0.322875,0.32937500000000003,0.325
2021-12-05,si,26.291666666666668,92.5,24.920833333333334,34.333333333333336,1009.5583333333334,986.4916666666667,0.0,63.083333333333336,14.541666666666666,34.041666666666664,98.41666666666667,260.375,179.0,81.375,218.79583333333335,5.033333333333333,6.8875,186.0,182.25,17.025000000000002,0.19416666666666668,0.2758333333333333,26.291666666666668,26.275000000000002,26.183333333333334,26.399999999999995,0.316,0.3212916666666667,0.3285,0.3259166666666667
2021-12-06,si,25.979166666666668,94.45833333333333,25.004166666666666,33.625,1009.6916666666666,986.5833333333334,0.0,79.58333333333333,3.2916666666666665,77.875,99.75,105.125,17.583333333333332,87.54166666666667,23.42916666666667,4.395833333333333,6.375,219.375,235.875,20.425,0.08208333333333333,0.19416666666666668,25.47083333333333,25.825,26.191666666666666,26.399999999999995,0.3322916666666667,0.33187500000000003,0.329,0.326
2021-12-07,si,27.412499999999998,84.66666666666667,24.5125,34.875,1010.1625,987.1333333333333,0.0,46.625,2.7083333333333335,34.833333333333336,77.625,227.95833333333334,147.58333333333334,80.375,195.6,3.7583333333333333,5.091666666666667,149.375,135.25,12.854166666666666,0.17416666666666666,0.5891666666666667,26.599999999999998,26.145833333333332,26.11666666666667,26.399999999999995,0.29754166666666665,0.31475000000000003,0.32995833333333335,0.327
2021-12-08,si,27.479166666666668,86.75,25.004166666666666,35.6875,1010.3625000000001,987.35,0.0,35.166666666666664,18.458333333333332,7.875,45.583333333333336,311.0416666666667,265.1666666666667,45.875,359.7291666666667,3.754166666666667,5.4375,208.58333333333334,205.0,13.816666666666668,0.2354166666666667,0.5170833333333333,27.079166666666666,26.820833333333336,26.229166666666668,26.399999999999995,0.2945,0.29029166666666667,0.32483333333333336,0.327
2021-12-09,si,27.454166666666666,85.66666666666667,24.7375,34.487500000000004,1010.5583333333334,987.5291666666667,0.0,34.625,9.5,14.791666666666666,57.083333333333336,292.6666666666667,236.08333333333334,56.583333333333336,335.18333333333334,7.0874999999999995,9.995833333333334,199.91666666666666,196.625,20.287499999999998,0.22166666666666668,0.5645833333333333,27.308333333333334,26.954166666666666,26.333333333333332,26.399999999999995,0.28120833333333334,0.28675,0.31820833333333337,0.327
2021-12-10,si,27.349999999999998,86.08333333333333,24.770833333333332,34.6625,1010.3291666666668,987.2833333333333,0.0,65.875,35.708333333333336,29.166666666666668,59.458333333333336,264.875,199.45833333333334,65.41666666666667,280.075,6.8999999999999995,9.770833333333334,208.125,208.25,22.104166666666668,0.19625,0.5275,27.02916666666667,26.9875,26.44583333333333,26.399999999999995,0.26766666666666666,0.2710416666666667,0.309625,0.3264166666666667
2021-12-11,si,27.066666666666666,86.95833333333333,24.691666666666666,33.75833333333333,1010.2916666666666,987.1875,0.0,70.29166666666667,29.458333333333332,30.916666666666668,89.66666666666667,253.33333333333334,171.66666666666666,81.66666666666667,234.22916666666666,6.129166666666666,8.775,216.5,214.41666666666666,23.47083333333333,0.18166666666666667,0.47833333333333333,26.6375,26.7,26.5,26.399999999999995,0.2735416666666667,0.2647916666666667,0.300125,0.326
2021-12-12,si,27.254166666666666,86.16666666666667,24.641666666666666,34.02916666666667,1009.8708333333334,986.8125,0.0,67.79166666666667,28.0,40.75,65.33333333333333,264.1666666666667,196.16666666666666,68.0,258.8041666666667,6.670833333333333,9.483333333333333,207.5,207.58333333333334,20.879166666666666,0.19708333333333336,0.5320833333333334,26.766666666666666,26.6125,26.504166666666666,26.399999999999995,0.28770833333333334,0.27075,0.29075,0.32525
2021-12-13,si,26.741666666666664,89.91666666666667,24.912499999999998,35.699999999999996,1008.5416666666666,985.5541666666667,0.0,66.25,38.541666666666664,26.875,51.666666666666664,275.75,211.20833333333334,64.54166666666667,282.74583333333334,4.204166666666667,6.604166666666667,210.25,210.16666666666666,16.974999999999998,0.2070833333333333,0.3725,26.95,26.879166666666666,26.558333333333334,26.399999999999995,0.305125,0.29262499999999997,0.282875,0.3245
2021-12-14,si,26.90416666666667,89.33333333333333,24.912499999999998,34.75,1008.3666666666667,985.3458333333333,0.0,62.583333333333336,33.25,24.125,73.875,266.5833333333333,198.33333333333334,68.25,263.31666666666666,4.816666666666666,7.0249999999999995,210.125,208.08333333333334,17.020833333333332,0.19708333333333336,0.40375,26.829166666666666,26.775000000000002,26.600000000000005,26.399999999999995,0.328625,0.32279166666666664,0.28229166666666666,0.3237083333333333
2021-12-15,si,26.133333333333336,93.79166666666667,25.02916666666667,34.05416666666667,1008.8208333333333,985.7416666666667,0.0,93.54166666666667,52.416666666666664,70.16666666666667,96.875,175.79166666666666,65.20833333333333,110.58333333333333,90.0125,3.4416666666666664,4.945833333333334,193.5,187.08333333333334,13.258333333333333,0.12875,0.22041666666666668,26.5,26.616666666666664,26.600000000000005,26.399999999999995,0.34770833333333334,0.3458333333333334,0.305125,0.323
2021-12-16,si,26.22083333333333,93.20833333333333,25.020833333333332,34.93333333333333,1009.1791666666667,986.1208333333334,0.0,63.0,24.791666666666668,29.041666666666668,83.45833333333333,240.70833333333334,159.79166666666666,80.91666666666667,210.77083333333334,3.2375000000000003,4.579166666666667,135.79166666666666,134.70833333333334,14.216666666666667,0.17916666666666667,0.24125,26.241666666666664,26.366666666666664,26.600000000000005,26.399999999999995,0.3340416666666666,0.3403333333333333,0.32358333333333333,0.323
2021-12-17,si,27.170833333333334,88.70833333333333,25.099999999999998,36.208333333333336,1008.8583333333332,985.8708333333334,0.0,57.708333333333336,25.875,18.416666666666668,91.70833333333333,282.875,214.45833333333334,68.41666666666667,291.78749999999997,3.2458333333333336,4.045833333333333,130.08333333333334,126.5,14.295833333333334,0.21083333333333332,0.42416666666666664,26.65416666666667,26.491666666666664,26.508333333333336,26.399999999999995,0.30316666666666664,0.31808333333333333,0.33116666666666666,0.32416666666666666
2021-12-18,si,28.008333333333336,83.91666666666667,24.979166666666668,36.862500000000004,1009.3666666666667,986.4,0.0,67.04166666666667,39.083333333333336,37.5,77.375,305.5,254.95833333333334,50.541666666666664,350.24583333333334,3.1916666666666664,4.408333333333333,161.91666666666666,158.54166666666666,14.9125,0.23166666666666666,0.6295833333333333,27.304166666666664,26.920833333333334,26.53333333333333,26.399999999999995,0.27825,0.2890833333333333,0.326375,0.325
2021-12-19,si,27.375,88.08333333333333,25.129166666666666,35.229166666666664,1010.375,987.3083333333334,0.0,67.66666666666667,26.791666666666668,33.333333333333336,97.375,232.375,138.95833333333334,93.41666666666667,173.1,4.7625,6.854166666666667,163.41666666666666,164.125,17.712500000000002,0.17458333333333334,0.4666666666666666,27.400000000000002,27.224999999999998,26.637500000000003,26.399999999999995,0.3015,0.282625,0.31954166666666667,0.325
2021-12-20,si,26.416666666666668,92.29166666666667,25.045833333333334,34.72083333333333,1011.6833333333334,988.5708333333333,0.0,70.04166666666667,29.416666666666668,31.666666666666668,96.91666666666667,205.91666666666666,108.16666666666667,97.75,145.925,3.5083333333333333,4.770833333333333,116.375,119.58333333333333,15.012500000000001,0.15208333333333332,0.2775,26.541666666666668,26.808333333333334,26.7,26.399999999999995,0.31845833333333334,0.31104166666666666,0.314625,0.325
2021-12-21,si,26.270833333333332,89.04166666666667,24.254166666666666,33.27916666666667,1012.2125,989.0875,0.0,86.91666666666667,20.583333333333332,80.70833333333333,96.91666666666667,157.70833333333334,50.541666666666664,107.16666666666667,63.5625,8.058333333333334,11.375,81.0,49.625,22.0625,0.12125000000000001,0.39291666666666664,26.1375,26.349999999999998,26.645833333333332,26.399999999999995,0.31395833333333334,0.3229166666666667,0.316875,0.32445833333333335
2021-12-23,si,27.5625,87.04166666666667,25.15833333333333,35.40416666666667,1010.0666666666666,987.0500000000001,0.0,60.875,11.458333333333334,39.375,89.66666666666667,254.91666666666666,168.91666666666666,86.0,224.14583333333334,3.8208333333333333,5.375,233.04166666666666,228.58333333333334,13.291666666666666,0.19291666666666665,0.49625,27.208333333333332,27.212500000000002,26.7,26.479166666666668,0.29970833333333335,0.29491666666666666,0.3077083333333333,0.324
2021-12-24,si,27.570833333333336,85.45833333333333,24.854166666666668,34.795833333333334,1009.7458333333334,986.7125,0.0,35.416666666666664,14.5,15.0,44.333333333333336,276.0833333333333,213.58333333333334,62.5,296.66249999999997,4.058333333333334,5.375,232.625,232.375,14.729166666666666,0.2041666666666667,0.555,27.270833333333332,27.075,26.729166666666668,26.5,0.30245833333333333,0.305875,0.3027083333333333,0.3234166666666667
2021-12-25,si,27.3875,87.5,25.1125,34.958333333333336,1010.0833333333334,987.0333333333333,0.0,59.041666666666664,13.75,29.541666666666668,96.25,260.0833333333333,180.375,79.70833333333333,239.79583333333335,4.529166666666667,6.583333333333333,235.29166666666666,235.41666666666666,16.349999999999998,0.19458333333333333,0.4666666666666666,27.129166666666666,27.079166666666666,26.8,26.5,0.29941666666666666,0.30316666666666664,0.2980833333333333,0.323
2021-12-26,si,27.741666666666664,83.16666666666667,24.599999999999998,34.34583333333333,1010.9541666666668,987.9,0.0,64.33333333333333,20.875,27.458333333333332,98.29166666666667,274.125,213.0,61.125,289.1041666666667,8.479166666666666,11.808333333333332,212.25,210.58333333333334,26.041666666666668,0.20541666666666666,0.6420833333333333,27.224999999999998,27.03333333333333,26.8,26.5,0.2850833333333333,0.2959583333333333,0.29275,0.322375
2021-12-27,si,27.641666666666666,84.70833333333333,24.770833333333332,34.108333333333334,1011.1958333333333,988.1,0.0,64.29166666666667,28.208333333333332,17.208333333333332,98.16666666666667,259.9583333333333,183.16666666666666,76.79166666666667,254.71666666666667,7.591666666666666,10.658333333333333,218.91666666666666,216.375,27.016666666666666,0.18958333333333333,0.585,27.395833333333332,27.287499999999998,26.84166666666667,26.5,0.28179166666666666,0.2854583333333333,0.28583333333333333,0.32175000000000004
2021-12-28,si,27.383333333333336,85.66666666666667,24.71666666666667,33.800000000000004,1010.375,987.3000000000001,0.0,57.0,20.5,26.75,74.83333333333333,261.1666666666667,193.58333333333334,67.58333333333333,258.2708333333333,6.1000000000000005,8.862499999999999,217.375,217.04166666666666,22.579166666666666,0.19499999999999998,0.5404166666666667,27.1875,27.183333333333334,26.899999999999995,26.5,0.28379166666666666,0.2831666666666666,0.27887500000000004,0.321
2021-12-29,si,26.633333333333336,88.70833333333333,24.579166666666666,34.52916666666667,1010.4541666666668,987.3916666666668,0.0,62.0,26.125,19.958333333333332,90.54166666666667,251.70833333333334,162.875,88.83333333333333,221.01250000000002,4.208333333333333,5.808333333333334,234.20833333333334,231.875,15.975,0.18625,0.4066666666666667,26.620833333333334,26.808333333333334,26.899999999999995,26.5,0.30691666666666667,0.2960833333333333,0.2733333333333334,0.32004166666666667
2021-12-30,si,26.224999999999998,90.33333333333333,24.4875,33.9125,1010.5041666666666,987.3916666666668,0.0,63.541666666666664,28.125,20.5,96.75,196.08333333333334,99.54166666666667,96.54166666666667,127.97083333333335,4.091666666666667,6.2124999999999995,245.45833333333334,231.45833333333334,14.658333333333333,0.1475,0.3416666666666666,26.025000000000002,26.375,26.820833333333336,26.5,0.31279166666666663,0.3107083333333333,0.2744166666666667,0.3192916666666667
2021-12-31,si,26.53333333333333,89.0,24.537499999999998,33.7625,1010.3874999999999,987.2708333333334,0.0,49.208333333333336,11.833333333333334,14.458333333333334,99.375,227.95833333333334,115.125,112.83333333333333,157.06666666666666,3.4125,4.779166666666667,252.375,239.66666666666666,14.070833333333333,0.17,0.3954166666666667,26.15416666666667,26.258333333333336,26.712500000000002,26.5,0.30766666666666664,0.30775,0.2765416666666667,0.318625
2022-01-01,si,26.09583333333333,91.20833333333333,24.504166666666666,33.887499999999996,1010.35,987.2458333333334,0.0,61.416666666666664,25.125,17.583333333333332,99.58333333333333,245.95833333333334,156.83333333333334,89.125,207.86249999999998,4.508333333333334,7.233333333333333,193.58333333333334,158.41666666666666,15.058333333333332,0.18125,0.30875,26.020833333333332,26.2,26.61666666666667,26.5,0.3164166666666667,0.31466666666666665,0.27875,0.318
2022-01-02,si,25.5625,94.875,24.645833333333332,33.30833333333333,1010.125,986.9916666666667,0.0,59.208333333333336,22.583333333333332,16.0,99.70833333333333,174.66666666666666,60.75,113.91666666666667,77.34583333333333,3.454166666666667,5.5,234.08333333333334,184.75,9.825000000000001,0.13,0.18125,25.8125,26.075,26.525000000000002,26.5,0.330625,0.327375,0.2859583333333333,0.31716666666666665
2022-01-03,si,25.837500000000002,92.5,24.4875,33.77916666666667,1010.1333333333333,987.0375,0.0,77.75,21.125,50.916666666666664,99.41666666666667,195.25,93.45833333333333,101.79166666666667,122.29583333333333,5.55,7.829166666666667,245.79166666666666,246.33333333333334,15.512500000000001,0.145,0.2625,25.724999999999998,25.84583333333333,26.424999999999997,26.5,0.32354166666666667,0.325125,0.2985,0.317
2022-01-04,si,26.162499999999998,89.58333333333333,24.270833333333332,33.550000000000004,1010.8416666666667,987.7208333333333,0.0,73.83333333333333,28.416666666666668,34.291666666666664,99.66666666666667,177.41666666666666,49.5,127.91666666666667,60.949999999999996,4.979166666666667,6.908333333333334,242.45833333333334,243.95833333333334,14.283333333333333,0.13333333333333333,0.3675,25.875,25.97083333333333,26.325,26.5,0.3133333333333333,0.31854166666666667,0.3045,0.317
2022-01-05,si,25.900000000000002,90.08333333333333,24.087500000000002,33.6625,1011.025,987.9,0.0,84.875,19.041666666666668,73.20833333333333,99.58333333333333,172.33333333333334,70.16666666666667,102.16666666666667,90.28750000000001,2.904166666666667,3.9166666666666665,242.5,244.41666666666666,11.049999999999999,0.13,0.355,25.75,25.929166666666664,26.3,26.5,0.314375,0.3154166666666667,0.30520833333333336,0.3164166666666667
2022-01-06,si,26.504166666666666,86.66666666666667,24.045833333333334,34.0625,1011.3416666666667,988.25,0.0,64.20833333333333,1.7916666666666667,60.916666666666664,86.45833333333333,237.66666666666666,156.04166666666666,81.625,202.29583333333335,3.25,3.875,157.20833333333334,159.29166666666666,10.570833333333333,0.17833333333333334,0.48041666666666666,25.995833333333334,25.945833333333336,26.21666666666667,26.5,0.28858333333333336,0.3052916666666667,0.30524999999999997,0.316
2022-01-07,si,26.662499999999998,84.625,23.795833333333334,33.4625,1011.6875,988.5416666666666,0.0,45.791666666666664,10.791666666666666,26.625,66.875,272.125,212.45833333333334,59.666666666666664,290.2083333333333,5.158333333333333,6.9125000000000005,191.83333333333334,188.91666666666666,16.908333333333335,0.19458333333333333,0.5583333333333333,26.195833333333336,26.150000000000002,26.2,26.5,0.2843333333333333,0.28875,0.30116666666666664,0.316
2022-01-08,si,27.066666666666666,81.0,23.416666666666668,33.84166666666667,1010.8708333333334,987.7916666666666,0.0,44.291666666666664,3.0416666666666665,23.25,92.125,288.5833333333333,215.29166666666666,73.29166666666667,293.5625,3.8333333333333335,4.983333333333333,209.33333333333334,203.375,12.9125,0.21541666666666667,0.71125,26.6125,26.333333333333332,26.224999999999998,26.5,0.27395833333333336,0.28291666666666665,0.296,0.3155833333333333
2022-01-09,si,26.429166666666664,87.33333333333333,24.1125,33.487500000000004,1009.9541666666668,986.85,0.0,56.5,11.125,37.083333333333336,86.375,255.33333333333334,183.875,71.45833333333333,245.26250000000002,4.791666666666667,6.891666666666667,146.70833333333334,148.54166666666666,12.216666666666667,0.18791666666666665,0.45333333333333337,26.337500000000002,26.458333333333332,26.3,26.5,0.29754166666666665,0.29025,0.29075,0.315
2022-01-10,si,26.045833333333334,92.20833333333333,24.629166666666666,34.40416666666667,1009.6916666666666,986.6416666666668,0.0,47.416666666666664,8.666666666666666,22.666666666666668,86.625,273.75,207.70833333333334,66.04166666666667,279.7708333333333,4.6000000000000005,6.133333333333333,92.79166666666667,103.70833333333333,14.241666666666667,0.2025,0.2804166666666667,26.175,26.22083333333333,26.3,26.5,0.32083333333333336,0.3193333333333333,0.29275,0.315
2022-01-11,si,25.5125,95.66666666666667,24.745833333333334,33.84583333333333,1011.2041666666668,988.0541666666667,0.0,92.875,28.791666666666668,78.75,99.83333333333333,147.54166666666666,54.541666666666664,93.0,70.25416666666666,5.2625,7.4750000000000005,76.04166666666667,75.33333333333333,14.075000000000001,0.11125,0.14958333333333332,25.633333333333336,25.945833333333336,26.3,26.5,0.33241666666666664,0.3295416666666667,0.3007916666666666,0.3140833333333333
2022-01-12,si,26.47083333333333,89.125,24.508333333333336,33.579166666666666,1010.9708333333333,987.8208333333333,0.0,89.33333333333333,19.75,77.66666666666667,91.875,211.33333333333334,113.45833333333333,97.875,140.79166666666666,3.6458333333333335,4.954166666666667,208.375,211.25,13.295833333333334,0.15666666666666665,0.385,25.791666666666668,25.825,26.212500000000002,26.5,0.331,0.3374166666666667,0.3155,0.3140833333333333
2022-01-13,si,26.9875,86.58333333333333,24.52916666666667,35.44166666666667,1010.7583333333333,987.7125,0.0,71.33333333333333,10.458333333333334,55.541666666666664,94.95833333333333,284.2083333333333,209.91666666666666,74.29166666666667,282.59166666666664,3.5749999999999997,5.7375,196.20833333333334,174.95833333333334,12.216666666666667,0.21041666666666667,0.4945833333333333,26.5625,26.295833333333334,26.2,26.5,0.31595833333333334,0.32425,0.32545833333333335,0.31545833333333334
2022-01-14,si,27.395833333333332,83.54166666666667,24.27916666666667,34.324999999999996,1009.7166666666667,986.6666666666666,0.0,36.75,4.708333333333333,4.666666666666667,98.75,264.0,170.04166666666666,93.95833333333333,222.26250000000002,5.233333333333333,4.454166666666667,261.0416666666667,216.33333333333334,14.799999999999999,0.19458333333333333,0.6295833333333333,26.983333333333334,26.641666666666666,26.245833333333334,26.5,0.2975833333333333,0.3105833333333333,0.3237083333333333,0.31675000000000003
2022-01-15,si,26.337500000000002,90.91666666666667,24.675,33.87083333333333,1009.6750000000001,986.6,0.0,62.458333333333336,11.666666666666666,40.166666666666664,99.66666666666667,242.125,158.04166666666666,84.08333333333333,205.79166666666666,5.983333333333333,7.345833333333334,82.29166666666667,83.58333333333333,19.266666666666666,0.17875,0.33166666666666667,26.4875,26.6375,26.354166666666668,26.5,0.311625,0.305375,0.3202083333333334,0.317
2022-01-16,si,26.541666666666668,89.5,24.6125,34.666666666666664,1009.8416666666667,986.8125,0.0,58.958333333333336,9.541666666666666,40.541666666666664,86.41666666666667,283.5416666666667,203.75,79.79166666666667,276.79583333333335,7.216666666666666,10.154166666666667,87.08333333333333,86.83333333333333,18.491666666666667,0.20958333333333334,0.3870833333333334,26.47083333333333,26.420833333333334,26.399999999999995,26.5,0.31845833333333334,0.32525,0.3225,0.318
2022-01-17,si,26.295833333333334,90.83333333333333,24.641666666666666,34.358333333333334,1009.35,986.3041666666667,0.0,70.33333333333333,17.958333333333332,44.625,99.58333333333333,182.95833333333334,75.04166666666667,107.91666666666667,96.80833333333334,4.158333333333333,6.008333333333333,110.54166666666667,110.375,14.112499999999999,0.13916666666666666,0.3204166666666667,25.775000000000002,26.079166666666666,26.399999999999995,26.479166666666668,0.31654166666666667,0.321875,0.323,0.31854166666666667
2022-01-18,si,25.183333333333334,96.45833333333333,24.570833333333336,32.84166666666667,1009.4291666666667,986.2833333333333,0.0,88.33333333333333,28.875,73.25,99.625,100.95833333333333,12.0,88.95833333333333,19.245833333333334,2.9958333333333336,4.316666666666666,149.0,149.45833333333334,15.670833333333334,0.07833333333333332,0.12208333333333334,25.0625,25.545833333333334,26.275000000000002,26.399999999999995,0.3250416666666667,0.322125,0.32254166666666667,0.319
2022-01-19,si,25.795833333333334,92.29166666666667,24.395833333333332,32.920833333333334,1008.7875,985.6791666666667,0.0,91.83333333333333,22.833333333333332,80.83333333333333,98.625,153.41666666666666,58.416666666666664,95.0,71.07916666666667,4.208333333333333,5.8125,213.58333333333334,215.16666666666666,18.941666666666666,0.11583333333333334,0.27625,25.21666666666667,25.375,26.129166666666666,26.399999999999995,0.329875,0.32966666666666666,0.32433333333333336,0.319875
2022-01-20,si,25.520833333333332,94.70833333333333,24.537499999999998,32.625,1009.5333333333333,986.3958333333334,0.0,85.25,14.5,79.91666666666667,86.54166666666667,135.625,41.333333333333336,94.29166666666667,49.475,5.4624999999999995,7.716666666666668,225.04166666666666,227.04166666666666,16.983333333333334,0.10583333333333333,0.19541666666666668,25.133333333333336,25.366666666666664,26.025000000000002,26.399999999999995,0.33512499999999995,0.34345833333333337,0.33479166666666665,0.3215
2022-01-21,si,26.604166666666668,86.41666666666667,24.09583333333333,33.37083333333333,1009.75,986.6541666666667,0.0,64.08333333333333,6.666666666666667,51.708333333333336,90.125,205.41666666666666,114.625,90.79166666666667,142.50416666666666,3.966666666666667,5.7,213.66666666666666,215.66666666666666,16.541666666666668,0.15458333333333332,0.49,25.604166666666668,25.537499999999998,25.920833333333334,26.399999999999995,0.30633333333333335,0.3197083333333333,0.33549999999999996,0.3242916666666667
2022-01-22,si,26.925,85.375,24.245833333333334,33.40416666666667,1009.2208333333333,986.1416666666668,0.0,63.916666666666664,17.166666666666668,31.5,98.45833333333333,221.58333333333334,120.79166666666667,100.79166666666667,161.38333333333335,6.2749999999999995,8.762500000000001,233.08333333333334,233.58333333333334,21.358333333333334,0.16375,0.5266666666666667,26.150000000000002,26.0,25.929166666666664,26.399999999999995,0.294,0.29191666666666666,0.32958333333333334,0.32595833333333335
2022-01-23,si,27.429166666666664,83.91666666666667,24.4375,34.300000000000004,1008.4708333333333,985.475,0.0,51.833333333333336,33.833333333333336,15.708333333333334,46.791666666666664,277.375,205.08333333333334,72.29166666666667,278.2708333333333,6.133333333333333,9.170833333333333,220.04166666666666,219.75,22.583333333333332,0.20875,0.6008333333333333,26.795833333333334,26.349999999999998,26.016666666666666,26.399999999999995,0.279375,0.2823333333333333,0.32304166666666667,0.326
2022-01-24,si,27.441666666666666,83.125,24.254166666666666,35.09166666666666,1007.0916666666667,984.1416666666668,0.0,44.75,18.166666666666668,14.5,65.54166666666667,284.25,212.33333333333334,71.91666666666667,296.10833333333335,4.179166666666666,5.8374999999999995,173.25,181.66666666666666,19.1875,0.21333333333333335,0.6383333333333333,27.2375,26.879166666666666,26.137500000000003,26.399999999999995,0.2587083333333334,0.2654166666666667,0.314375,0.326
2022-01-25,si,27.366666666666664,84.91666666666667,24.55,35.07083333333333,1006.8041666666667,983.8625000000001,0.0,49.166666666666664,9.666666666666666,31.083333333333332,72.625,279.6666666666667,213.45833333333334,66.20833333333333,293.6458333333333,4.458333333333333,6.016666666666667,91.45833333333333,90.58333333333333,14.379166666666668,0.21291666666666667,0.5725,27.295833333333334,27.058333333333334,26.308333333333334,26.399999999999995,0.25004166666666666,0.2529166666666667,0.30391666666666667,0.3250416666666667
2022-01-26,si,26.787499999999998,88.54166666666667,24.7,35.641666666666666,1007.4666666666667,984.5166666666668,0.0,58.208333333333336,17.125,27.083333333333332,88.25,274.25,201.33333333333334,72.91666666666667,266.0416666666667,5.0875,7.158333333333334,107.41666666666667,110.16666666666667,17.545833333333334,0.2025,0.4183333333333333,26.641666666666666,26.7375,26.399999999999995,26.399999999999995,0.27875,0.2537916666666667,0.2933333333333333,0.32466666666666666
2022-01-27,si,27.175,87.58333333333333,24.900000000000002,34.07083333333333,1008.9125,985.8583333333332,0.0,66.625,22.541666666666668,28.791666666666668,99.45833333333333,220.91666666666666,100.66666666666667,120.25,134.475,3.858333333333333,5.595833333333334,198.79166666666666,202.375,19.304166666666667,0.16458333333333333,0.46125,26.787499999999998,26.650000000000002,26.429166666666664,26.399999999999995,0.28087500000000004,0.26966666666666667,0.2841666666666666,0.324
2022-01-28,si,27.233333333333334,84.54166666666667,24.379166666666666,33.699999999999996,1010.0958333333333,986.9875000000001,0.0,57.541666666666664,12.583333333333334,28.541666666666668,99.33333333333333,237.75,149.375,88.375,196.94583333333333,4.833333333333333,6.545833333333333,235.79166666666666,233.29166666666666,17.229166666666668,0.17541666666666667,0.5725,26.875,26.8125,26.5,26.399999999999995,0.2677916666666667,0.26787500000000003,0.2755416666666667,0.323
2022-01-29,si,27.1125,85.75,24.462500000000002,34.916666666666664,1010.125,987.0833333333334,0.0,68.66666666666667,8.208333333333334,52.625,99.33333333333333,256.8333333333333,165.29166666666666,91.54166666666667,211.43333333333337,3.7583333333333333,5.6375,154.95833333333334,156.375,13.754166666666668,0.19458333333333333,0.52625,26.6375,26.645833333333332,26.5,26.399999999999995,0.26908333333333334,0.265125,0.26725000000000004,0.32204166666666667
2022-01-30,si,26.858333333333334,88.375,24.724999999999998,34.49583333333333,1009.7833333333333,986.7166666666667,0.0,64.875,13.208333333333334,38.791666666666664,98.79166666666667,199.875,94.25,105.625,119.21666666666665,3.2125,4.116666666666666,212.29166666666666,214.0,14.179166666666667,0.15166666666666667,0.43041666666666667,26.325,26.445833333333336,26.5,26.399999999999995,0.284,0.27033333333333337,0.2597916666666667,0.320875
2022-01-31,si,27.325,84.45833333333333,24.433333333333334,34.954166666666666,1009.0291666666667,986.0333333333333,0.0,42.916666666666664,8.75,8.666666666666666,99.58333333333333,264.2083333333333,159.75,104.45833333333333,206.51666666666668,4.1000000000000005,4.995833333333334,158.91666666666666,162.04166666666666,14.808333333333332,0.20083333333333334,0.57875,26.849999999999998,26.616666666666664,26.5,26.399999999999995,0.26825000000000004,0.27183333333333337,0.25370833333333337,0.3197083333333333
2022-02-01,si,26.7625,88.08333333333333,24.570833333333336,34.75416666666667,1009.1833333333334,986.1583333333333,0.0,36.5,7.583333333333333,14.166666666666666,70.41666666666667,288.0416666666667,224.70833333333334,63.333333333333336,303.52916666666664,4.658333333333333,6.491666666666667,91.33333333333333,93.125,16.491666666666667,0.21375,0.43375,26.945833333333336,26.916666666666668,26.537499999999998,26.399999999999995,0.28350000000000003,0.27366666666666667,0.24770833333333334,0.31854166666666667
2022-02-02,si,27.28333333333333,86.5,24.787499999999998,35.449999999999996,1009.8166666666666,986.7958333333332,0.0,34.75,8.416666666666666,20.083333333333332,50.083333333333336,310.9166666666667,259.0,51.916666666666664,343.85833333333335,3.5833333333333335,11.375,235.95833333333334,133.75,15.549999999999999,0.23416666666666666,0.5091666666666667,27.025000000000002,26.787499999999998,26.600000000000005,26.399999999999995,0.28275,0.28633333333333333,0.24529166666666666,0.3174166666666667
2022-02-03,si,27.570833333333336,84.29166666666667,24.625,35.458333333333336,1009.4416666666666,986.4458333333333,0.0,33.625,6.208333333333333,11.083333333333334,71.20833333333333,299.7916666666667,239.91666666666666,59.875,331.05,3.654166666666667,6.116666666666667,248.95833333333334,155.04166666666666,13.470833333333333,0.22583333333333333,0.6029166666666667,27.333333333333332,27.070833333333336,26.625,26.399999999999995,0.27345833333333336,0.276125,0.24233333333333332,0.31620833333333337
2022-02-04,si,27.400000000000002,84.625,24.537499999999998,34.00416666666667,1008.4208333333332,985.3791666666666,0.0,58.708333333333336,6.833333333333333,39.791666666666664,95.625,260.25,184.83333333333334,75.41666666666667,248.1833333333333,4.916666666666667,7.095833333333334,203.875,208.20833333333334,19.945833333333333,0.19291666666666665,0.5758333333333333,27.1875,27.179166666666664,26.7,26.399999999999995,0.26308333333333334,0.266,0.238125,0.31479166666666664
2022-02-05,si,26.233333333333334,90.625,24.525000000000002,34.275,1008.1125000000001,985.0791666666668,0.0,77.08333333333333,21.833333333333332,49.208333333333336,96.83333333333333,214.25,117.41666666666667,96.83333333333333,150.32083333333335,3.6833333333333336,5.116666666666666,177.66666666666666,177.70833333333334,16.1375,0.16125,0.33625,26.204166666666666,26.59166666666667,26.7,26.399999999999995,0.29120833333333335,0.270375,0.234125,0.313625
2022-02-06,si,26.1375,91.875,24.670833333333334,34.166666666666664,1008.6625,985.6041666666666,0.0,73.54166666666667,19.125,48.25,93.375,260.2083333333333,175.41666666666666,84.79166666666667,225.54999999999998,5.0249999999999995,6.766666666666667,91.54166666666667,92.875,15.549999999999999,0.19041666666666668,0.29541666666666666,26.40416666666667,26.416666666666668,26.629166666666666,26.399999999999995,0.2977916666666666,0.28883333333333333,0.23387500000000003,0.3125
2022-02-07,si,25.97083333333333,91.875,24.516666666666666,33.5125,1009.1791666666667,986.1,0.0,69.625,15.916666666666666,55.416666666666664,75.91666666666667,247.75,160.79166666666666,86.95833333333333,217.4125,8.391666666666667,11.783333333333333,74.70833333333333,75.25,23.929166666666664,0.17708333333333334,0.2841666666666667,26.05,26.254166666666666,26.600000000000005,26.399999999999995,0.3075833333333333,0.2947916666666666,0.23487499999999997,0.3114166666666667
2022-02-08,si,26.433333333333334,90.83333333333333,24.741666666666664,34.84166666666667,1009.8291666666668,986.7916666666666,0.0,61.833333333333336,10.666666666666666,46.291666666666664,86.0,266.1666666666667,186.04166666666666,80.125,256.2375,5.095833333333333,7.308333333333334,80.125,83.0,16.529166666666665,0.1991666666666667,0.33875000000000005,26.241666666666664,26.254166666666666,26.516666666666666,26.399999999999995,0.31595833333333334,0.30624999999999997,0.240375,0.3104166666666667
2022-02-09,si,26.46666666666667,91.25,24.883333333333336,34.737500000000004,1009.1666666666666,986.0958333333333,0.0,76.0,15.0,58.291666666666664,97.83333333333333,210.5,113.75,96.75,137.73333333333332,3.095833333333333,4.479166666666667,244.04166666666666,247.625,12.658333333333333,0.15625,0.325,26.224999999999998,26.254166666666666,26.5,26.399999999999995,0.3179166666666667,0.31204166666666666,0.24825,0.3095
2022-02-10,si,25.804166666666664,94.08333333333333,24.741666666666664,33.916666666666664,1008.5083333333333,985.4416666666666,0.0,91.125,9.0,91.04166666666667,97.375,185.5,78.95833333333333,106.54166666666667,96.08749999999999,3.608333333333333,4.845833333333333,111.29166666666667,108.58333333333333,15.879166666666668,0.13916666666666666,0.21125000000000002,25.77916666666667,26.070833333333336,26.420833333333334,26.399999999999995,0.31554166666666666,0.3125833333333333,0.25754166666666667,0.30895833333333333
2022-02-11,si,25.954166666666666,91.33333333333333,24.420833333333334,33.5625,1008.6333333333333,985.5375,0.0,86.0,5.833333333333333,87.75,99.83333333333333,102.95833333333333,19.041666666666668,83.91666666666667,26.55416666666667,3.3833333333333333,4.6875,171.25,172.25,13.012500000000001,0.07833333333333334,0.29916666666666664,25.325,25.691666666666666,26.337500000000002,26.399999999999995,0.31575000000000003,0.3107083333333333,0.26429166666666665,0.308
2022-02-12,si,25.075,93.75,23.954166666666666,32.375,1007.9250000000001,984.8083333333334,0.0,84.625,15.083333333333334,82.58333333333333,99.625,128.625,29.125,99.5,38.545833333333334,7.9750000000000005,11.275,59.833333333333336,62.666666666666664,19.529166666666665,0.09500000000000001,0.21125000000000002,24.8,25.21666666666667,26.191666666666666,26.399999999999995,0.315625,0.3115833333333333,0.27033333333333337,0.307875
2022-02-13,si,26.045833333333334,92.83333333333333,24.65833333333333,32.895833333333336,1007.8791666666666,984.7833333333333,0.0,83.70833333333333,14.291666666666666,74.54166666666667,97.41666666666667,165.91666666666666,73.58333333333333,92.33333333333333,98.53750000000001,5.516666666666667,7.879166666666666,60.833333333333336,62.666666666666664,18.895833333333332,0.12375000000000001,0.29250000000000004,25.616666666666664,25.474999999999998,26.03333333333333,26.399999999999995,0.32116666666666666,0.31820833333333337,0.27845833333333336,0.307
2022-02-14,si,25.72083333333333,92.33333333333333,24.337500000000002,32.15833333333333,1009.5708333333333,986.4083333333333,0.0,80.04166666666667,33.916666666666664,50.958333333333336,99.125,88.75,7.791666666666667,80.95833333333333,12.762500000000001,5.891666666666667,8.466666666666667,213.45833333333334,213.75,17.233333333333334,0.06791666666666667,0.26458333333333334,25.270833333333332,25.579166666666666,26.0,26.399999999999995,0.33749999999999997,0.335375,0.29291666666666666,0.307
2022-02-15,si,26.575,89.33333333333333,24.625,34.1,1009.0541666666667,986.0,0.0,53.5,24.333333333333332,29.583333333333332,46.5,241.79166666666666,150.58333333333334,91.20833333333333,202.4625,6.433333333333334,9.245833333333334,263.75,267.0416666666667,17.833333333333332,0.1779166666666667,0.38458333333333333,25.916666666666668,25.729166666666668,25.94583333333333,26.399999999999995,0.31404166666666666,0.31904166666666667,0.30595833333333333,0.307
2022-02-16,si,26.0625,90.95833333333333,24.420833333333334,34.045833333333334,1007.775,984.725,0.0,59.125,30.708333333333332,36.125,48.5,251.5,178.95833333333334,72.54166666666667,226.79583333333332,4.7625,6.204166666666667,152.16666666666666,156.0,15.454166666666666,0.18208333333333335,0.3229166666666667,26.087500000000002,26.020833333333332,25.991666666666664,26.399999999999995,0.32079166666666664,0.3217083333333333,0.3102916666666667,0.307
2022-02-17,si,26.491666666666664,89.20833333333333,24.53333333333333,33.81666666666667,1008.0416666666666,984.9666666666667,0.0,56.125,28.041666666666668,23.041666666666668,57.25,265.6666666666667,192.29166666666666,73.375,259.3,6.358333333333333,8.575000000000001,57.666666666666664,58.875,20.141666666666666,0.18333333333333335,0.3854166666666667,26.2375,26.141666666666666,26.0125,26.399999999999995,0.30404166666666665,0.3140833333333333,0.31383333333333335,0.3075833333333333
2022-02-18,si,26.004166666666666,90.33333333333333,24.287499999999998,33.30416666666667,1009.8458333333333,986.7291666666666,0.0,50.125,20.041666666666668,19.333333333333332,71.83333333333333,276.4583333333333,195.875,80.58333333333333,252.17916666666667,7.779166666666666,11.058333333333332,99.54166666666667,87.375,23.05,0.18625,0.33375,25.849999999999998,26.02916666666667,26.0625,26.399999999999995,0.3103333333333333,0.30975,0.3127083333333333,0.308
2022-02-19,si,26.900000000000002,89.5,24.983333333333334,35.416666666666664,1009.7375000000001,986.6916666666666,0.0,60.583333333333336,21.166666666666668,24.75,90.83333333333333,287.5833333333333,212.66666666666666,74.91666666666667,278.04583333333335,3.5124999999999997,4.875,223.875,228.25,11.795833333333334,0.21458333333333335,0.39041666666666663,26.275000000000002,26.079166666666666,26.058333333333334,26.399999999999995,0.32025,0.320625,0.3142916666666667,0.30875
2022-02-20,si,27.037499999999998,87.79166666666667,24.77916666666667,34.56666666666667,1009.5375,986.4958333333334,0.0,61.333333333333336,29.916666666666668,13.833333333333334,90.0,280.375,204.45833333333334,75.91666666666667,254.88333333333333,5.1499999999999995,7.425,230.95833333333334,233.70833333333334,17.55,0.20791666666666667,0.45541666666666664,27.0125,26.641666666666666,26.133333333333336,26.399999999999995,0.3222083333333334,0.33175000000000004,0.32183333333333336,0.309625
2022-02-21,si,26.291666666666668,90.95833333333333,24.65416666666667,31.679166666666664,1009.5791666666668,986.3916666666668,0.0,87.875,25.708333333333332,66.375,99.95833333333333,124.08333333333333,26.458333333333332,97.625,36.612500000000004,6.9375,10.075000000000001,246.91666666666666,246.0,19.733333333333334,0.09208333333333334,0.32,25.90833333333333,26.254166666666666,26.2,26.3875,0.31204166666666666,0.31495833333333334,0.3224166666666667,0.31145833333333334
2022-02-22,si,26.329166666666666,88.58333333333333,24.212500000000002,33.795833333333334,1009.9916666666667,986.9208333333332,0.0,82.75,18.708333333333332,64.29166666666667,95.625,231.66666666666666,126.91666666666667,104.75,165.5625,5.708333333333333,8.204166666666667,229.58333333333334,228.25,19.391666666666666,0.1745833333333333,0.42,26.054166666666664,26.054166666666664,26.2,26.308333333333334,0.3144166666666667,0.31679166666666664,0.321,0.31275000000000003
2022-02-23,si,26.445833333333336,86.5,23.995833333333334,32.93333333333333,1010.6166666666667,987.475,0.0,46.583333333333336,9.583333333333334,13.166666666666666,99.91666666666667,164.79166666666666,38.916666666666664,125.875,52.416666666666664,4.616666666666666,6.2250000000000005,248.29166666666666,247.41666666666666,19.125,0.12375000000000001,0.47208333333333335,25.53333333333333,25.804166666666664,26.19583333333333,26.3,0.30175,0.305875,0.31920833333333337,0.31375000000000003
2022-02-24,si,26.2625,87.29166666666667,23.933333333333334,33.449999999999996,1010.9333333333334,987.7916666666666,0.0,47.833333333333336,16.541666666666668,21.083333333333332,67.33333333333333,266.3333333333333,187.41666666666666,78.91666666666667,251.6625,4.379166666666666,5.791666666666667,187.33333333333334,176.41666666666666,16.008333333333333,0.19333333333333333,0.4566666666666667,26.016666666666666,25.916666666666668,26.100000000000005,26.3,0.2830416666666667,0.28975,0.31625,0.314
2022-02-25,si,25.604166666666668,91.70833333333333,24.116666666666664,33.1875,1010.3416666666667,987.2208333333333,0.0,73.125,24.291666666666668,44.416666666666664,90.79166666666667,246.41666666666666,152.04166666666666,94.375,194.57083333333333,5.55,7.245833333333334,79.04166666666667,80.70833333333333,15.295833333333334,0.18291666666666664,0.2891666666666666,25.629166666666666,25.8625,26.100000000000005,26.3,0.2936666666666667,0.282125,0.312125,0.314
2022-02-26,si,25.233333333333334,95.08333333333333,24.333333333333332,33.37916666666667,1010.25,987.1208333333334,0.0,78.04166666666667,22.875,54.416666666666664,97.5,213.79166666666666,108.79166666666667,105.0,134.3375,3.8958333333333335,5.675,77.0,74.08333333333333,15.345833333333333,0.15583333333333332,0.17208333333333334,25.366666666666664,25.59166666666667,26.03333333333333,26.3,0.33579166666666665,0.32629166666666665,0.31266666666666665,0.314
2022-02-27,si,26.6125,89.375,24.683333333333334,34.300000000000004,1009.5708333333333,986.5124999999999,0.0,63.083333333333336,14.916666666666666,39.375,99.16666666666667,264.3333333333333,175.41666666666666,88.91666666666667,225.26666666666665,5.045833333333333,7.154166666666666,110.91666666666667,115.625,18.8,0.1925,0.38666666666666666,26.083333333333332,25.84583333333333,26.0,26.3,0.31316666666666665,0.3232083333333334,0.321125,0.31466666666666665
2022-02-28,si,26.558333333333334,87.91666666666667,24.391666666666666,33.979166666666664,1008.9916666666667,985.975,0.0,55.333333333333336,10.5,27.458333333333332,98.125,278.0,203.54166666666666,74.45833333333333,264.6166666666667,8.495833333333334,12.375,76.91666666666667,77.41666666666667,26.708333333333332,0.20291666666666666,0.42416666666666664,26.25,26.15416666666667,26.016666666666666,26.3,0.304375,0.30979166666666663,0.32016666666666665,0.31545833333333334
2022-03-01,si,26.270833333333332,89.91666666666667,24.474999999999998,34.03333333333334,1008.8458333333333,985.8083333333334,0.0,55.333333333333336,19.166666666666668,17.875,94.5,257.9166666666667,174.45833333333334,83.45833333333333,230.4,7.945833333333333,11.358333333333334,83.75,84.75,22.724999999999998,0.18416666666666667,0.35000000000000003,26.066666666666666,26.133333333333336,26.100000000000005,26.3,0.304625,0.3012916666666667,0.31779166666666664,0.316
2022-03-02,si,26.054166666666664,92.5,24.754166666666666,34.237500000000004,1008.1625,985.15,0.0,67.79166666666667,28.916666666666668,24.25,96.91666666666667,233.08333333333334,131.0,102.08333333333333,170.67916666666667,7.004166666666666,10.054166666666667,79.20833333333333,79.45833333333333,21.754166666666666,0.1729166666666667,0.25333333333333335,25.787499999999998,25.9375,26.100000000000005,26.3,0.307625,0.30445833333333333,0.3156666666666667,0.316
2022-03-04,si,26.583333333333332,91.54166666666667,25.070833333333336,34.24583333333333,1009.7458333333334,986.6750000000001,0.0,56.083333333333336,16.208333333333332,23.125,91.875,240.20833333333334,137.08333333333334,103.125,173.23333333333335,5.141666666666667,7.229166666666667,177.83333333333334,175.95833333333334,15.0625,0.17916666666666667,0.31083333333333335,26.320833333333336,26.191666666666666,26.100000000000005,26.3,0.3017083333333333,0.2990833333333333,0.3120833333333333,0.316
2022-03-05,si,27.008333333333336,88.79166666666667,24.925,34.375,1009.3249999999999,986.2958333333332,0.0,67.58333333333333,24.25,29.166666666666668,94.08333333333333,253.66666666666666,160.83333333333334,92.83333333333333,206.775,8.433333333333334,11.9625,245.25,244.75,22.875,0.19000000000000003,0.43333333333333335,26.870833333333334,26.545833333333334,26.129166666666666,26.3,0.29804166666666665,0.2995833333333333,0.3095,0.316
2022-03-06,si,26.75,88.5,24.641666666666666,33.8625,1009.1041666666666,986.0500000000001,0.0,69.625,36.291666666666664,16.875,96.16666666666667,251.20833333333334,163.125,88.08333333333333,210.14166666666665,7.7749999999999995,10.829166666666666,248.0,248.625,20.691666666666666,0.18375,0.4266666666666667,26.712500000000002,26.641666666666666,26.229166666666668,26.3,0.305875,0.298375,0.3062916666666667,0.31545833333333334
2022-03-07,si,26.195833333333336,91.04166666666667,24.566666666666666,34.15416666666667,1009.0041666666666,985.9416666666666,0.0,75.33333333333333,42.666666666666664,18.75,95.45833333333333,221.54166666666666,110.66666666666667,110.875,147.07083333333333,4.229166666666667,5.9750000000000005,219.875,220.29166666666666,14.920833333333333,0.165,0.3233333333333333,26.229166666666668,26.383333333333336,26.3,26.3,0.318625,0.3167083333333333,0.305125,0.315
2022-03-08,si,26.09166666666667,92.54166666666667,24.712500000000002,34.6625,1008.5875,985.5625,0.0,67.29166666666667,29.416666666666668,24.5,97.08333333333333,273.6666666666667,211.66666666666666,62.0,253.47916666666666,4.291666666666667,5.9624999999999995,218.45833333333334,219.04166666666666,13.829166666666666,0.20333333333333334,0.28208333333333335,26.704166666666666,26.52916666666667,26.3,26.3,0.324125,0.32479166666666665,0.3095833333333333,0.315
2022-03-09,si,26.22083333333333,91.625,24.683333333333334,34.57083333333333,1008.3083333333334,985.275,0.0,88.875,39.708333333333336,66.70833333333333,79.58333333333333,206.70833333333334,107.875,98.83333333333333,149.28333333333333,3.125,4.4125000000000005,198.29166666666666,200.25,11.895833333333334,0.15708333333333332,0.30916666666666665,26.349999999999998,26.383333333333336,26.3,26.3,0.31233333333333335,0.32075000000000004,0.3155833333333333,0.315
2022-03-10,si,26.245833333333334,91.45833333333333,24.6875,34.225,1007.7708333333334,984.725,0.0,69.45833333333333,24.541666666666668,43.333333333333336,80.70833333333333,243.45833333333334,160.79166666666666,82.66666666666667,213.5,3.3208333333333333,4.575,203.66666666666666,209.83333333333334,11.5875,0.17916666666666667,0.30916666666666665,26.2,26.27916666666667,26.3,26.3,0.3207083333333333,0.3236666666666667,0.31704166666666667,0.315
2022-03-11,si,26.104166666666668,92.41666666666667,24.741666666666664,34.141666666666666,1007.2125,984.1791666666667,0.0,66.04166666666667,26.916666666666668,34.208333333333336,78.875,202.625,109.75,92.875,138.55416666666667,6.741666666666667,9.15,65.54166666666667,66.75,21.191666666666666,0.145,0.2725,25.816666666666666,25.979166666666668,26.3,26.3,0.32258333333333333,0.32795833333333335,0.32258333333333333,0.31583333333333335
2022-03-12,si,26.870833333333334,87.875,24.650000000000002,35.0875,1007.2791666666667,984.3000000000001,0.0,66.125,36.0,15.916666666666666,81.29166666666667,276.7916666666667,207.08333333333334,69.70833333333333,275.2708333333333,6.754166666666666,9.533333333333333,87.25,90.33333333333333,20.829166666666666,0.19875,0.44333333333333336,26.55,26.3125,26.258333333333336,26.3,0.291,0.30645833333333333,0.32208333333333333,0.316875
2022-03-13,si,26.71666666666667,89.54166666666667,24.820833333333336,35.1,1008.4458333333333,985.4250000000001,0.0,70.58333333333333,33.083333333333336,31.333333333333332,93.375,228.08333333333334,135.875,92.20833333333333,176.63333333333333,3.4583333333333335,4.8500000000000005,150.625,156.08333333333334,13.795833333333334,0.17125,0.37875,26.212500000000002,26.333333333333332,26.3,26.3,0.30341666666666667,0.294875,0.31845833333333334,0.317
2022-03-14,si,26.78333333333333,89.66666666666667,24.90833333333333,35.324999999999996,1008.5166666666668,985.4875000000001,0.0,68.125,37.666666666666664,18.75,83.625,251.91666666666666,175.16666666666666,76.75,210.54166666666666,2.6791666666666667,3.3833333333333333,168.625,155.0,13.595833333333333,0.19041666666666668,0.3833333333333333,26.395833333333332,26.304166666666664,26.3,26.3,0.31645833333333334,0.308,0.3164166666666667,0.317
2022-03-15,si,26.683333333333334,90.83333333333333,25.025000000000002,36.02916666666667,1007.8208333333333,984.8583333333332,0.0,72.75,46.083333333333336,37.666666666666664,77.04166666666667,261.2916666666667,183.45833333333334,77.83333333333333,233.14583333333334,2.8333333333333335,3.8541666666666665,200.70833333333334,218.83333333333334,12.766666666666666,0.19708333333333336,0.3345833333333333,26.633333333333336,26.520833333333332,26.3,26.3,0.33075000000000004,0.3299166666666667,0.3182916666666667,0.317
2022-03-16,si,27.125,87.375,24.77916666666667,35.166666666666664,1008.1374999999999,985.1374999999999,0.0,63.958333333333336,30.25,30.791666666666668,80.70833333333333,253.29166666666666,171.95833333333334,81.33333333333333,217.03333333333333,4.566666666666666,6.408333333333334,234.70833333333334,241.5,14.283333333333333,0.18916666666666668,0.47625,26.6125,26.541666666666668,26.329166666666666,26.3,0.31354166666666666,0.32179166666666664,0.322625,0.31775000000000003
2022-03-17,si,27.650000000000002,87.58333333333333,25.358333333333334,36.416666666666664,1007.6916666666666,984.7583333333333,0.0,50.25,29.083333333333332,18.5,44.208333333333336,285.9583333333333,227.95833333333334,58.0,307.0708333333333,3.704166666666667,5.854166666666667,266.875,283.125,15.570833333333333,0.21625000000000003,0.48625,27.0625,26.7375,26.399999999999995,26.3,0.2860833333333333,0.30024999999999996,0.3207083333333333,0.318
2022-03-18,si,27.016666666666666,90.04166666666667,25.208333333333332,36.045833333333334,1007.1541666666667,984.2166666666667,0.0,56.916666666666664,25.916666666666668,20.666666666666668,77.875,250.08333333333334,165.29166666666666,84.79166666666667,219.35416666666666,4.4750000000000005,6.341666666666666,230.75,259.5416666666667,16.216666666666665,0.18375,0.36874999999999997,26.695833333333336,26.795833333333334,26.44583333333333,26.3,0.296625,0.28791666666666665,0.3165833333333333,0.318
2022-03-19,si,26.15416666666667,92.75,24.820833333333336,34.74583333333333,1007.3958333333334,984.3958333333334,0.0,73.04166666666667,35.375,28.041666666666668,97.79166666666667,228.04166666666666,148.125,79.91666666666667,186.16666666666666,4.770833333333333,6.720833333333334,223.95833333333334,224.66666666666666,15.308333333333332,0.16958333333333334,0.27125,26.2375,26.416666666666668,26.5,26.3,0.31420833333333337,0.3072916666666667,0.3135833333333333,0.318
2022-03-20,si,26.037499999999998,92.08333333333333,24.620833333333334,33.225,1008.625,985.5208333333334,0.0,65.16666666666667,16.666666666666668,41.958333333333336,98.625,201.625,115.5,86.125,161.50416666666666,5.145833333333333,7.191666666666666,109.70833333333333,107.5,17.233333333333334,0.14541666666666667,0.28250000000000003,25.991666666666664,26.15416666666667,26.416666666666668,26.3,0.305375,0.30816666666666664,0.3112916666666667,0.318
2022-03-21,si,25.77916666666667,94.125,24.75,33.02916666666667,1010.0708333333333,986.9250000000001,0.0,81.45833333333333,37.541666666666664,40.0,98.875,167.75,59.0,108.75,76.2625,6.5249999999999995,9.1625,73.0,73.04166666666667,18.179166666666667,0.12333333333333334,0.20458333333333334,25.7625,25.954166666666666,26.337500000000002,26.3,0.32979166666666665,0.323125,0.311,0.318
2022-03-22,si,25.958333333333332,91.08333333333333,24.34166666666667,33.03333333333333,1010.4791666666666,987.3416666666667,0.0,68.91666666666667,31.0,38.083333333333336,74.91666666666667,244.33333333333334,159.16666666666666,85.16666666666667,221.5625,8.291666666666666,11.608333333333334,71.45833333333333,72.625,24.195833333333336,0.16333333333333333,0.3116666666666667,25.825,25.929166666666664,26.3,26.3,0.31583333333333335,0.3214166666666667,0.31575000000000003,0.318
2022-03-23,si,26.662499999999998,87.16666666666667,24.275000000000002,34.15,1010.2416666666667,987.1666666666666,0.0,37.208333333333336,11.625,12.833333333333334,63.708333333333336,289.2083333333333,232.66666666666666,56.541666666666664,316.3875,6.6125,8.683333333333334,68.83333333333333,70.58333333333333,18.629166666666666,0.21041666666666667,0.48041666666666666,26.287499999999998,26.058333333333334,26.204166666666666,26.3,0.2924583333333333,0.30816666666666664,0.315375,0.318
2022-03-24,si,27.129166666666666,86.08333333333333,24.537499999999998,35.59166666666667,1009.8541666666666,986.8583333333332,0.0,39.75,13.083333333333334,13.791666666666666,65.29166666666667,284.2083333333333,217.25,66.95833333333333,291.06666666666666,4.858333333333333,6.6375,104.16666666666667,101.79166666666667,14.954166666666666,0.215,0.5283333333333333,26.833333333333332,26.566666666666666,26.233333333333334,26.3,0.2786666666666667,0.287375,0.31183333333333335,0.3174166666666667
2022-03-25,si,26.366666666666664,90.45833333333333,24.620833333333334,34.541666666666664,1011.1958333333333,988.0916666666667,0.0,56.166666666666664,19.916666666666668,21.916666666666668,84.54166666666667,228.91666666666666,134.04166666666666,94.875,176.22083333333333,4.458333333333333,6.254166666666666,156.95833333333334,142.5,11.783333333333333,0.16583333333333333,0.34791666666666665,26.329166666666666,26.5,26.3,26.3,0.32387499999999997,0.314,0.30904166666666666,0.317
2022-03-26,si,26.962500000000002,89.20833333333333,24.97083333333333,35.02916666666667,1010.9833333333332,987.8874999999999,0.0,47.833333333333336,20.75,10.708333333333334,75.66666666666667,259.0,183.58333333333334,75.41666666666667,243.4333333333333,2.795833333333333,3.529166666666667,238.58333333333334,239.625,11.245833333333332,0.18916666666666668,0.4008333333333334,26.395833333333332,26.304166666666664,26.3,26.3,0.31725,0.31958333333333333,0.3105,0.317
2022-03-27,si,26.445833333333336,89.75,24.604166666666668,34.11666666666667,1010.8708333333334,987.7541666666666,0.0,49.083333333333336,17.166666666666668,19.0,79.54166666666667,235.33333333333334,154.0,81.33333333333333,189.89999999999998,3.5208333333333335,4.8999999999999995,235.0,222.16666666666666,12.200000000000001,0.17458333333333334,0.36833333333333335,26.34166666666667,26.395833333333332,26.3,26.3,0.3275,0.3285,0.31454166666666666,0.317
2022-03-28,si,26.395833333333332,91.33333333333333,24.854166666666668,34.516666666666666,1010.2666666666668,987.2166666666667,0.0,45.583333333333336,11.916666666666666,9.125,97.625,226.41666666666666,134.04166666666666,92.375,181.15,4.9875,6.495833333333334,89.33333333333333,88.45833333333333,12.616666666666667,0.1708333333333333,0.30541666666666667,25.920833333333334,26.104166666666668,26.3,26.3,0.314,0.32233333333333336,0.3205,0.317
2022-03-29,si,26.558333333333334,89.25,24.587500000000002,33.887499999999996,1010.3458333333333,987.2458333333334,0.0,52.625,11.416666666666666,21.666666666666668,97.625,203.625,79.25,124.375,101.0,3.391666666666667,4.741666666666666,179.5,179.95833333333334,11.549999999999999,0.15541666666666668,0.395,26.02916666666667,26.020833333333332,26.2625,26.3,0.326375,0.3310416666666667,0.3233333333333333,0.31779166666666664
2022-03-30,si,27.041666666666668,87.875,24.8125,34.733333333333334,1010.3416666666667,987.2833333333333,0.0,71.91666666666667,11.125,57.375,94.91666666666667,207.25,103.0,104.25,142.81666666666666,3.0625,4.816666666666666,256.9583333333333,257.8333333333333,12.354166666666666,0.15666666666666668,0.4495833333333333,26.433333333333334,26.304166666666664,26.241666666666664,26.3,0.297375,0.31083333333333335,0.32416666666666666,0.31875000000000003
2022-03-31,si,27.316666666666666,85.29166666666667,24.566666666666666,35.25416666666667,1010.2166666666667,987.1791666666667,0.0,53.5,8.833333333333334,39.583333333333336,72.33333333333333,275.3333333333333,216.08333333333334,59.25,284.2625,3.7125,5.7,276.4583333333333,283.2083333333333,15.1625,0.2070833333333333,0.5558333333333333,26.912499999999998,26.662499999999998,26.3,26.3,0.288125,0.2899583333333333,0.32045833333333335,0.319
2022-04-01,si,26.3,89.91666666666667,24.4375,33.99166666666667,1010.7833333333333,987.6541666666667,0.0,56.416666666666664,21.708333333333332,22.0,79.16666666666667,245.5,177.95833333333334,67.54166666666667,225.08333333333334,4.766666666666667,7.0874999999999995,262.625,266.4166666666667,16.083333333333332,0.17833333333333334,0.36874999999999997,26.370833333333334,26.4875,26.34583333333333,26.3,0.319,0.30554166666666666,0.31683333333333336,0.319
2022-04-02,si,26.21666666666667,89.66666666666667,24.3625,33.2875,1010.7833333333333,987.6416666666668,0.0,55.458333333333336,20.208333333333332,24.708333333333332,76.25,210.875,113.79166666666667,97.08333333333333,154.76666666666668,5.6125,7.9875,254.0,256.875,17.395833333333332,0.15458333333333332,0.36625,26.0125,26.191666666666666,26.320833333333336,26.3,0.324625,0.3285,0.3207083333333333,0.319
2022-04-03,si,26.258333333333336,89.375,24.3,34.574999999999996,1010.75,987.6416666666668,0.0,56.708333333333336,40.333333333333336,14.916666666666666,39.333333333333336,265.8333333333333,208.625,57.208333333333336,278.15416666666664,4.308333333333334,6.1625000000000005,270.4166666666667,271.0833333333333,15.85,0.19666666666666666,0.3854166666666667,26.133333333333336,26.1375,26.3,26.3,0.317125,0.3199166666666667,0.3225,0.319625
2022-04-04,si,27.325,84.45833333333333,24.420833333333334,34.82083333333333,1011.2375000000001,988.1541666666667,0.0,36.0,21.208333333333332,15.333333333333334,25.791666666666668,285.1666666666667,236.95833333333334,48.208333333333336,327.55833333333334,5.029166666666667,7.279166666666666,261.9583333333333,263.375,16.533333333333335,0.21083333333333332,0.5795833333333333,26.337500000000002,26.254166666666666,26.287499999999998,26.3,0.29916666666666664,0.3114166666666667,0.32116666666666666,0.32
2022-04-05,si,27.72083333333333,81.66666666666667,24.266666666666666,34.69166666666667,1011.5333333333333,988.475,0.0,29.541666666666668,10.25,20.458333333333332,26.708333333333332,289.9583333333333,244.04166666666666,45.916666666666664,344.89166666666665,6.208333333333333,8.870833333333334,263.2083333333333,267.9166666666667,16.616666666666667,0.21791666666666668,0.69625,26.675,26.46666666666667,26.3,26.3,0.27387500000000004,0.2870833333333333,0.31758333333333333,0.32
2022-04-06,si,26.900000000000002,86.08333333333333,24.308333333333334,33.90416666666666,1011.1583333333333,988.0583333333334,0.0,52.125,28.583333333333332,24.208333333333332,45.166666666666664,235.25,168.75,66.5,230.7458333333333,8.8375,12.299999999999999,256.3333333333333,258.3333333333333,25.45,0.17166666666666666,0.5116666666666666,26.40833333333333,26.495833333333334,26.325,26.3,0.27020833333333333,0.2699166666666667,0.3112916666666667,0.31945833333333334
2022-04-07,si,27.46666666666667,83.875,24.504166666666666,33.93333333333333,1010.225,987.1583333333333,0.0,56.833333333333336,31.041666666666668,17.833333333333332,61.208333333333336,264.9583333333333,207.70833333333334,57.25,294.75416666666666,8.983333333333333,12.408333333333333,257.625,260.4583333333333,24.704166666666666,0.19375,0.6020833333333333,26.941666666666666,26.633333333333336,26.358333333333334,26.3,0.264,0.2628333333333333,0.30383333333333334,0.319
2022-04-08,si,27.645833333333332,83.0,24.433333333333334,34.979166666666664,1009.9250000000001,986.9041666666667,0.0,54.708333333333336,26.541666666666668,24.125,57.708333333333336,272.875,217.625,55.25,304.33750000000003,8.654166666666667,11.929166666666667,248.79166666666666,251.29166666666666,22.379166666666666,0.2008333333333333,0.6566666666666666,27.125,26.900000000000002,26.424999999999997,26.3,0.25729166666666664,0.25616666666666665,0.29575,0.31879166666666664
2022-04-09,si,27.391666666666666,84.91666666666667,24.599999999999998,34.37083333333333,1009.8000000000001,986.75,0.0,46.5,29.708333333333332,19.125,27.625,245.04166666666666,182.875,62.166666666666664,259.3541666666667,6.216666666666666,8.733333333333333,256.5416666666667,257.1666666666667,17.733333333333334,0.18000000000000002,0.5641666666666667,26.808333333333334,26.875,26.5,26.3,0.2588333333333333,0.2509166666666667,0.287375,0.318
2022-04-10,si,27.620833333333334,84.625,24.787499999999998,35.041666666666664,1010.3666666666667,987.3166666666666,0.0,45.833333333333336,21.291666666666668,20.083333333333332,50.208333333333336,263.1666666666667,200.45833333333334,62.708333333333336,279.4625,4.308333333333334,6.291666666666667,262.5416666666667,262.1666666666667,13.745833333333332,0.19583333333333333,0.5770833333333333,26.541666666666668,26.579166666666666,26.5,26.3,0.27025,0.25554166666666667,0.27958333333333335,0.3175
2022-04-11,si,27.21666666666667,85.0,24.395833333333332,34.67916666666667,1010.0708333333333,987.0416666666666,0.0,21.666666666666668,9.083333333333334,7.791666666666667,29.458333333333332,267.3333333333333,213.58333333333334,53.75,308.54583333333335,5.5874999999999995,8.566666666666666,268.5,271.2916666666667,18.158333333333335,0.20041666666666666,0.56625,26.3875,26.46666666666667,26.5,26.3,0.260125,0.2587083333333334,0.27237500000000003,0.31675000000000003
2022-04-12,si,27.316666666666666,82.54166666666667,23.958333333333332,34.07083333333333,1009.2083333333334,986.1791666666667,0.0,21.5,5.666666666666667,14.625,25.625,277.3333333333333,231.625,45.708333333333336,329.09999999999997,5.466666666666666,8.358333333333333,267.25,269.1666666666667,17.150000000000002,0.20625000000000002,0.6654166666666667,26.325,26.333333333333332,26.474999999999998,26.3,0.2439583333333333,0.25229166666666664,0.2649166666666667,0.315875
2022-04-13,si,27.629166666666666,80.79166666666667,23.9375,34.82083333333333,1009.2458333333334,986.2125,0.0,35.541666666666664,17.208333333333332,14.75,37.458333333333336,284.0416666666667,237.70833333333334,46.333333333333336,340.1708333333333,4.266666666666667,5.7625,271.3333333333333,273.375,14.191666666666668,0.21041666666666667,0.735,26.379166666666666,26.4375,26.45,26.3,0.2313333333333333,0.24379166666666666,0.25754166666666667,0.31483333333333335
2022-04-14,si,27.295833333333334,82.5,23.941666666666666,35.42916666666667,1009.2375000000001,986.2166666666667,0.0,34.291666666666664,25.666666666666668,8.416666666666666,20.625,279.1666666666667,233.20833333333334,45.958333333333336,335.37916666666666,3.470833333333333,5.929166666666667,282.7083333333333,287.1666666666667,14.275,0.20833333333333334,0.6666666666666666,26.366666666666664,26.320833333333336,26.416666666666668,26.3,0.22041666666666668,0.235375,0.25033333333333335,0.31375000000000003
2022-04-15,si,27.679166666666664,85.04166666666667,24.8625,35.74166666666667,1009.5083333333333,986.4958333333334,0.0,46.083333333333336,26.291666666666668,12.625,49.875,281.2916666666667,238.75,42.541666666666664,340.3625,3.5124999999999997,5.2875000000000005,257.25,263.4583333333333,12.9,0.21125000000000002,0.5808333333333333,26.7625,26.59166666666667,26.416666666666668,26.3,0.21275,0.22783333333333333,0.24341666666666664,0.31266666666666665
2022-04-16,si,27.270833333333332,90.58333333333333,25.520833333333332,34.88333333333333,1009.2083333333334,986.1583333333333,0.0,40.833333333333336,18.666666666666668,15.083333333333334,52.458333333333336,249.08333333333334,188.0,61.083333333333336,260.64166666666665,4.1499999999999995,5.708333333333333,230.625,236.54166666666666,13.054166666666667,0.18166666666666667,0.36375,26.870833333333334,26.770833333333332,26.483333333333334,26.3,0.257625,0.23479166666666665,0.2373333333333333,0.3115833333333333
2022-04-17,si,26.9375,89.29166666666667,24.958333333333332,34.97083333333333,1008.9,985.8666666666667,0.0,64.45833333333333,34.083333333333336,12.416666666666666,93.125,250.16666666666666,188.625,61.541666666666664,253.32916666666665,3.9,5.545833333333333,200.41666666666666,206.33333333333334,12.575000000000001,0.18666666666666668,0.40458333333333335,26.708333333333332,26.666666666666668,26.5,26.3,0.28675,0.269125,0.233375,0.31054166666666666
2022-04-18,si,26.554166666666664,91.95833333333333,25.099999999999998,34.5875,1009.4499999999999,986.4083333333333,0.0,62.291666666666664,28.0,22.291666666666668,97.91666666666667,174.04166666666666,90.95833333333333,83.08333333333333,120.84166666666665,5.158333333333333,7.329166666666667,67.79166666666667,97.0,15.5875,0.12958333333333333,0.29041666666666666,26.266666666666666,26.520833333333332,26.5,26.3,0.29854166666666665,0.284375,0.23220833333333335,0.30945833333333334
2022-04-19,si,26.125,93.91666666666667,25.037499999999998,33.574999999999996,1010.0625,986.9333333333334,0.0,76.54166666666667,20.875,50.583333333333336,98.70833333333333,116.29166666666667,31.791666666666668,84.5,49.65,4.854166666666667,7.2625,186.25,186.375,13.216666666666667,0.08625,0.2175,25.712500000000002,25.983333333333334,26.45,26.3,0.31383333333333335,0.3015833333333333,0.23558333333333334,0.3085
2022-04-20,si,26.191666666666666,91.95833333333333,24.729166666666668,33.40833333333333,1010.2916666666666,987.1625,0.0,90.20833333333333,37.0,71.0,97.41666666666667,131.04166666666666,54.416666666666664,76.625,73.43333333333334,5.4875,7.883333333333333,148.625,152.04166666666666,16.445833333333333,0.09750000000000002,0.28791666666666665,25.608333333333334,25.787499999999998,26.34166666666667,26.3,0.321375,0.313375,0.244125,0.3077083333333333
2022-04-21,si,26.849999999999998,86.95833333333333,24.441666666666666,34.2125,1010.1041666666666,987.025,0.0,60.583333333333336,24.333333333333332,25.416666666666668,78.83333333333333,217.33333333333334,142.70833333333334,74.625,190.64583333333334,5.954166666666667,8.137500000000001,58.5,62.708333333333336,19.945833333333333,0.15958333333333333,0.4770833333333333,26.066666666666666,26.004166666666666,26.3,26.3,0.2959583333333333,0.2999583333333333,0.252375,0.307
2022-04-22,si,27.208333333333332,86.25,24.645833333333332,35.079166666666666,1010.625,987.5666666666666,0.0,65.5,36.75,16.0,84.25,240.16666666666666,164.25,75.91666666666667,222.54166666666666,4.216666666666667,6.133333333333333,274.75,278.7083333333333,12.975,0.17875,0.5179166666666667,26.4375,26.270833333333332,26.25,26.3,0.28570833333333334,0.2865833333333333,0.2534166666666667,0.3060833333333333
2022-04-23,si,27.6375,86.16666666666667,25.041666666666668,35.67916666666667,1009.35,986.3291666666668,0.0,56.625,33.0,15.75,62.166666666666664,255.16666666666666,205.54166666666666,49.625,292.5416666666667,3.591666666666667,5.3,283.4166666666667,288.625,14.725,0.19041666666666668,0.5358333333333333,26.804166666666664,26.583333333333332,26.3,26.3,0.27991666666666665,0.28025,0.2520833333333333,0.30541666666666667
2022-04-24,si,27.420833333333334,86.83333333333333,24.979166666666668,35.59166666666667,1008.9125,985.9208333333332,0.0,49.958333333333336,22.75,33.041666666666664,34.625,253.16666666666666,205.79166666666666,47.375,292.0541666666667,3.6666666666666665,5.141666666666667,149.70833333333334,152.20833333333334,12.991666666666667,0.18958333333333333,0.5016666666666666,26.849999999999998,26.704166666666666,26.337500000000002,26.3,0.2709166666666667,0.2737916666666667,0.25004166666666666,0.3047083333333333
2022-04-25,si,27.695833333333336,85.29166666666667,24.95,35.083333333333336,1008.4208333333332,985.4333333333334,0.0,32.333333333333336,13.875,20.5,24.625,248.125,198.08333333333334,50.041666666666664,285.78749999999997,5.608333333333333,7.7250000000000005,277.1666666666667,283.8333333333333,16.829166666666666,0.1825,0.5633333333333334,26.804166666666664,26.741666666666664,26.40833333333333,26.3,0.2632083333333333,0.26595833333333335,0.24708333333333332,0.304
2022-04-26,si,27.420833333333334,81.33333333333333,23.858333333333334,34.262499999999996,1008.1208333333334,985.125,0.0,40.791666666666664,22.5,12.5,43.375,258.9583333333333,208.79166666666666,50.166666666666664,306.78333333333336,5.4375,6.6125,138.0,111.29166666666667,13.433333333333332,0.19375,0.7058333333333334,26.558333333333334,26.604166666666668,26.45,26.3,0.25025000000000003,0.25845833333333335,0.24362499999999998,0.3030833333333333
2022-04-27,si,27.166666666666668,78.29166666666667,22.925,34.2125,1008.2708333333334,985.2916666666666,0.0,22.75,2.8333333333333335,8.916666666666666,49.125,265.6666666666667,221.54166666666666,44.125,327.7416666666667,6.416666666666667,8.533333333333333,64.20833333333333,68.79166666666667,17.054166666666667,0.19958333333333333,0.8258333333333333,26.5625,26.433333333333334,26.45,26.3,0.23379166666666665,0.24858333333333335,0.23958333333333334,0.30233333333333334
2022-04-28,si,27.0625,88.16666666666667,24.912499999999998,34.4625,1009.0541666666667,986.0041666666666,0.0,47.666666666666664,9.666666666666666,23.708333333333332,82.66666666666667,215.75,145.75,70.0,203.6,5.295833333333333,7.2375,70.375,70.20833333333333,17.216666666666665,0.16,0.43375,26.670833333333334,26.691666666666666,26.5,26.3,0.24383333333333335,0.24162499999999998,0.23541666666666664,0.30145833333333333
2022-04-29,si,27.275000000000002,87.04166666666667,24.90833333333333,34.55833333333333,1009.1625,986.1416666666668,0.0,31.291666666666668,9.916666666666666,7.166666666666667,59.875,240.04166666666666,183.04166666666666,57.0,268.5208333333333,7.05,10.0625,67.66666666666667,69.95833333333333,17.491666666666667,0.1779166666666667,0.48,26.691666666666666,26.629166666666666,26.5,26.375,0.24949999999999997,0.24133333333333332,0.2317916666666667,0.300625
2022-04-30,si,27.870833333333334,84.0,24.858333333333334,34.275,1009.2416666666667,986.1875,0.0,40.75,23.958333333333332,16.541666666666668,30.5,227.33333333333334,168.875,58.458333333333336,244.61666666666667,5.991666666666667,8.479166666666666,55.833333333333336,56.875,19.970833333333335,0.16291666666666665,0.6175,27.233333333333334,26.866666666666664,26.5125,26.399999999999995,0.24504166666666669,0.23987499999999998,0.22829166666666667,0.2997916666666666
2022-05-01,si,27.666666666666668,85.58333333333333,25.020833333333332,35.016666666666666,1009.3625000000001,986.3208333333333,0.0,48.166666666666664,27.791666666666668,15.458333333333334,54.916666666666664,220.41666666666666,153.79166666666666,66.625,220.00833333333333,5.425,7.120833333333334,138.33333333333334,137.16666666666666,18.6375,0.16166666666666665,0.54125,27.208333333333332,27.1375,26.600000000000005,26.399999999999995,0.23625,0.23591666666666666,0.22466666666666668,0.2989583333333333
2022-05-02,si,27.8875,86.25,25.304166666666664,35.829166666666666,1009.2125,986.2291666666666,0.0,41.583333333333336,14.125,13.791666666666666,68.33333333333333,256.75,211.45833333333334,45.291666666666664,318.09166666666664,4.108333333333333,7.0625,275.5833333333333,283.5,15.887500000000001,0.19166666666666665,0.5391666666666667,27.0625,26.962500000000002,26.629166666666666,26.399999999999995,0.22583333333333333,0.230625,0.22129166666666666,0.298
2022-05-03,si,27.945833333333336,86.66666666666667,25.45,35.975,1009.65,986.6458333333334,0.0,49.958333333333336,23.791666666666668,14.083333333333334,66.75,241.95833333333334,181.33333333333334,60.625,272.9916666666667,4.1875,6.8,277.0416666666667,287.4166666666667,16.829166666666666,0.18125,0.5216666666666666,27.1125,26.983333333333334,26.7,26.399999999999995,0.21795833333333334,0.22508333333333333,0.21775,0.2970833333333333
2022-05-04,si,27.795833333333334,85.08333333333333,25.020833333333332,35.50833333333333,1009.7541666666666,986.7624999999999,0.0,43.791666666666664,15.291666666666666,19.541666666666668,63.916666666666664,257.7916666666667,215.625,42.166666666666664,318.0375,6.0625,9.420833333333333,278.4583333333333,286.0833333333333,18.566666666666666,0.19041666666666668,0.5758333333333333,27.03333333333333,26.974999999999998,26.7,26.399999999999995,0.22454166666666667,0.2205,0.2145,0.29620833333333335
2022-05-05,si,27.337500000000002,87.41666666666667,25.004166666666666,35.041666666666664,1009.2875,986.2708333333334,0.0,40.375,11.625,10.541666666666666,78.66666666666667,208.58333333333334,126.75,81.83333333333333,193.30416666666667,5.066666666666666,7.804166666666667,273.375,279.5416666666667,15.458333333333334,0.15416666666666667,0.4741666666666667,26.554166666666664,26.75,26.7,26.399999999999995,0.24187499999999998,0.22058333333333335,0.21158333333333332,0.2953333333333333
2022-05-06,si,27.395833333333332,88.125,25.22083333333333,35.25,1008.4875000000001,985.4833333333332,0.0,35.333333333333336,23.541666666666668,21.416666666666668,4.625,246.0,197.16666666666666,48.833333333333336,291.78333333333336,4.675,7.258333333333333,273.7916666666667,280.0416666666667,14.416666666666666,0.17916666666666667,0.44875,26.775000000000002,26.670833333333334,26.7,26.399999999999995,0.2554166666666667,0.22766666666666668,0.20908333333333332,0.2945
2022-05-07,si,27.9875,85.95833333333333,25.3875,36.18333333333333,1008.3125,985.3375,0.0,53.458333333333336,37.791666666666664,18.666666666666668,27.375,246.20833333333334,197.08333333333334,49.125,296.39166666666665,3.170833333333333,4.554166666666666,261.75,266.1666666666667,11.466666666666667,0.18291666666666664,0.54125,26.991666666666664,26.820833333333336,26.7,26.399999999999995,0.24983333333333335,0.23375,0.20695833333333333,0.29362499999999997
2022-05-09,si,26.766666666666666,90.79166666666667,25.108333333333334,35.09166666666667,1009.2916666666666,986.2416666666667,0.0,70.0,25.75,42.166666666666664,90.04166666666667,127.25,59.208333333333336,68.04166666666667,95.27499999999999,2.654166666666667,3.516666666666667,175.58333333333334,202.875,11.420833333333334,0.09708333333333334,0.33625,26.191666666666666,26.47083333333333,26.7,26.399999999999995,0.3232083333333333,0.30516666666666664,0.2107083333333333,0.292
2022-05-10,si,26.849999999999998,90.08333333333333,25.054166666666664,35.358333333333334,1009.2708333333334,986.2333333333332,0.0,66.29166666666667,38.5,33.0,81.16666666666667,219.20833333333334,152.79166666666666,66.41666666666667,228.57500000000002,3.204166666666667,5.075,302.5833333333333,307.0416666666667,13.362499999999999,0.16416666666666666,0.3625,26.329166666666666,26.34166666666667,26.6125,26.399999999999995,0.30541666666666667,0.29816666666666664,0.22245833333333334,0.29129166666666667
2022-05-11,si,26.891666666666666,89.625,24.991666666666664,35.35,1008.5833333333334,985.6,0.0,56.25,27.541666666666668,22.875,69.91666666666667,228.25,173.375,54.875,258.14166666666665,4.141666666666667,6.3875,152.41666666666666,159.04166666666666,13.329166666666666,0.16958333333333334,0.3879166666666667,26.491666666666664,26.454166666666666,26.600000000000005,26.399999999999995,0.299125,0.29883333333333334,0.23083333333333333,0.2909583333333333
2022-05-12,si,27.120833333333334,88.33333333333333,24.991666666666664,36.0375,1009.2916666666666,986.3000000000001,0.0,71.16666666666667,37.375,15.625,95.04166666666667,215.41666666666666,143.45833333333334,71.95833333333333,201.50833333333333,3.391666666666667,4.541666666666667,167.75,158.79166666666666,11.220833333333333,0.16208333333333333,0.4283333333333333,26.370833333333334,26.445833333333336,26.53333333333333,26.399999999999995,0.28254166666666664,0.2839583333333333,0.23525,0.29
2022-05-13,si,27.129166666666666,89.04166666666667,25.099999999999998,35.895833333333336,1010.3375,987.3000000000001,0.0,52.5,38.291666666666664,13.208333333333334,38.166666666666664,236.79166666666666,183.20833333333334,53.583333333333336,278.0083333333333,3.1041666666666665,4.904166666666667,267.4166666666667,270.4583333333333,12.262500000000001,0.17541666666666667,0.4166666666666667,26.6875,26.59166666666667,26.5125,26.399999999999995,0.289125,0.2795416666666667,0.2369583333333333,0.28991666666666666
2022-05-14,si,27.329166666666666,87.08333333333333,24.90416666666667,35.833333333333336,1011.2666666666668,988.2291666666666,0.0,41.166666666666664,11.25,8.208333333333334,86.875,242.125,192.45833333333334,49.666666666666664,288.52500000000003,2.8958333333333335,4.083333333333333,283.625,287.0833333333333,11.3375,0.18166666666666667,0.4983333333333333,26.962500000000002,26.77916666666667,26.541666666666668,26.399999999999995,0.2825416666666667,0.2788333333333333,0.23829166666666665,0.289
2022-05-15,si,27.308333333333334,87.5,24.983333333333334,35.12916666666667,1011.3166666666666,988.25,0.0,31.25,29.125,0.7916666666666666,15.083333333333334,239.5,189.54166666666666,49.958333333333336,293.50416666666666,4.133333333333334,6.208333333333333,276.9583333333333,282.5,14.387500000000001,0.17875,0.47500000000000003,26.8,26.825,26.600000000000005,26.399999999999995,0.26658333333333334,0.2707083333333334,0.23870833333333333,0.28883333333333333
2022-05-16,si,27.09166666666667,86.83333333333333,24.633333333333336,34.7875,1010.7916666666666,987.7624999999999,0.0,16.291666666666668,10.083333333333334,6.541666666666667,10.875,249.16666666666666,205.54166666666666,43.625,311.52916666666664,4.695833333333334,6.7375,260.625,262.0,12.883333333333333,0.18666666666666665,0.49499999999999994,26.525000000000002,26.541666666666668,26.600000000000005,26.399999999999995,0.2588333333333333,0.26216666666666666,0.23770833333333333,0.288
2022-05-17,si,26.729166666666668,90.04166666666667,24.933333333333334,34.925000000000004,1011.3000000000001,988.2083333333334,0.0,55.083333333333336,27.0,22.958333333333332,68.29166666666667,216.91666666666666,152.83333333333334,64.08333333333333,224.47916666666666,3.8791666666666664,4.7375,197.625,169.16666666666666,13.554166666666667,0.15916666666666668,0.36125,26.224999999999998,26.429166666666664,26.600000000000005,26.399999999999995,0.2694166666666667,0.2592083333333333,0.23650000000000002,0.28791666666666665
2022-05-18,si,26.708333333333332,91.25,25.141666666666666,34.358333333333334,1012.125,988.9791666666666,0.0,58.791666666666664,27.125,31.541666666666668,78.66666666666667,179.125,110.625,68.5,156.39583333333334,3.2624999999999997,3.9166666666666665,112.33333333333333,110.70833333333333,13.049999999999999,0.12999999999999998,0.3145833333333333,26.162499999999998,26.28333333333333,26.520833333333332,26.404166666666665,0.29216666666666663,0.27316666666666667,0.23625,0.287
2022-05-19,si,26.541666666666668,91.20833333333333,24.945833333333336,34.44166666666667,1012.1041666666666,988.9708333333333,0.0,66.29166666666667,29.083333333333332,27.125,96.70833333333333,183.625,96.16666666666667,87.45833333333333,134.9125,3.6666666666666665,4.5625,50.916666666666664,54.416666666666664,12.75,0.13625,0.32375000000000004,26.041666666666668,26.179166666666664,26.5,26.46666666666667,0.31295833333333334,0.2959583333333333,0.23954166666666665,0.287
2022-05-20,si,26.241666666666664,90.875,24.575,33.862500000000004,1011.2208333333333,988.0916666666667,0.0,66.375,24.583333333333332,40.25,82.625,189.45833333333334,134.0,55.458333333333336,200.34166666666667,3.670833333333333,5.191666666666666,181.79166666666666,186.375,12.795833333333334,0.13958333333333334,0.33166666666666667,25.858333333333334,26.05,26.40833333333333,26.5,0.319,0.31454166666666666,0.24862499999999998,0.28641666666666665
2022-05-21,si,26.679166666666664,86.66666666666667,24.22083333333333,33.887499999999996,1010.5833333333334,987.475,0.0,42.916666666666664,20.75,20.125,41.625,231.375,185.0,46.375,277.27916666666664,4.5375000000000005,5.541666666666667,56.083333333333336,68.625,13.620833333333332,0.16874999999999998,0.48208333333333336,26.054166666666664,26.016666666666666,26.329166666666666,26.424999999999997,0.299875,0.3089166666666667,0.264125,0.286
2022-05-22,si,27.71666666666667,75.625,22.920833333333334,34.12916666666667,1009.5833333333334,986.5333333333333,0.0,25.833333333333332,22.458333333333332,6.083333333333333,6.583333333333333,250.16666666666666,210.125,40.041666666666664,322.03333333333336,4.595833333333333,5.058333333333334,69.41666666666667,73.16666666666667,12.595833333333333,0.18541666666666667,0.9320833333333334,26.8,26.458333333333332,26.316666666666666,26.399999999999995,0.271,0.28683333333333333,0.2679166666666667,0.286
2022-05-23,si,27.566666666666666,77.79166666666667,23.229166666666668,34.141666666666666,1009.9333333333334,986.8874999999999,0.0,34.875,33.333333333333336,3.9583333333333335,8.375,245.79166666666666,204.5,41.291666666666664,313.7416666666667,4.5125,5.279166666666667,120.20833333333333,121.625,13.387500000000001,0.18333333333333335,0.8516666666666667,26.974999999999998,26.754166666666666,26.399999999999995,26.399999999999995,0.2527916666666667,0.2704166666666667,0.26658333333333334,0.2855833333333333
2022-05-24,si,27.47083333333333,84.625,24.620833333333334,34.795833333333334,1011.3791666666666,988.3125,0.0,47.875,27.208333333333332,18.666666666666668,41.75,230.45833333333334,182.5,47.958333333333336,285.4791666666667,5.6875,6.7250000000000005,95.33333333333333,96.54166666666667,18.075,0.16749999999999998,0.5716666666666667,27.15833333333333,27.004166666666666,26.495833333333334,26.399999999999995,0.24450000000000002,0.25866666666666666,0.26408333333333334,0.285
2022-05-26,si,25.979166666666668,90.95833333333333,24.379166666666666,33.125,1010.9666666666667,987.7958333333332,0.0,72.25,36.25,25.333333333333332,97.625,166.125,90.08333333333333,76.04166666666667,118.075,4.1875,5.908333333333334,218.875,217.375,12.929166666666667,0.1225,0.31124999999999997,25.758333333333336,26.204166666666666,26.53333333333333,26.399999999999995,0.2946666666666667,0.277625,0.2607083333333334,0.285
2022-05-27,si,26.479166666666668,89.16666666666667,24.520833333333332,33.291666666666664,1010.6166666666667,987.4916666666667,0.0,77.83333333333333,31.625,41.708333333333336,96.41666666666667,156.70833333333334,64.375,92.33333333333333,103.09166666666668,5.6375,8.304166666666667,204.66666666666666,209.0,16.916666666666668,0.11833333333333333,0.38958333333333334,25.90416666666667,25.979166666666668,26.433333333333334,26.420833333333334,0.29920833333333335,0.293875,0.2629166666666667,0.28454166666666664
2022-05-28,si,26.7375,86.45833333333333,24.229166666666668,34.083333333333336,1009.6958333333333,986.6333333333333,0.0,51.625,14.583333333333334,39.458333333333336,49.166666666666664,186.54166666666666,108.29166666666667,78.25,174.27083333333334,6.1125,8.358333333333333,54.0,57.583333333333336,15.083333333333334,0.14041666666666666,0.49291666666666667,26.0,26.02916666666667,26.399999999999995,26.399999999999995,0.28854166666666664,0.29204166666666664,0.26616666666666666,0.284
2022-05-29,si,26.400000000000002,86.75,23.9375,33.541666666666664,1009.7833333333333,986.7125,0.0,43.5,15.541666666666666,26.75,44.583333333333336,223.75,175.79166666666666,47.958333333333336,272.4583333333333,8.083333333333334,11.658333333333333,70.45833333333333,73.125,22.150000000000002,0.16208333333333333,0.4795833333333333,25.96666666666667,26.054166666666664,26.316666666666666,26.399999999999995,0.27658333333333335,0.28354166666666664,0.26775,0.284
2022-05-30,si,27.008333333333336,81.58333333333333,23.5625,34.145833333333336,1008.8166666666666,985.8125,0.0,29.625,9.833333333333334,10.666666666666666,48.083333333333336,221.20833333333334,174.66666666666666,46.541666666666664,273.5833333333333,5.091666666666667,11.658333333333333,183.125,111.08333333333333,23.15416666666667,0.165,0.6733333333333333,25.929166666666664,26.004166666666666,26.3,26.399999999999995,0.2607083333333334,0.273,0.2670416666666667,0.284
2022-05-31,si,27.266666666666666,84.91666666666667,24.4375,34.34583333333333,1009.0625,986.0333333333333,0.0,27.166666666666668,10.291666666666666,8.166666666666666,43.166666666666664,228.75,185.70833333333334,43.041666666666664,293.0,3.841666666666667,12.25,230.16666666666666,133.625,14.008333333333333,0.16833333333333333,0.5650000000000001,25.983333333333334,25.974999999999998,26.224999999999998,26.399999999999995,0.24854166666666666,0.26295833333333335,0.26508333333333334,0.28362499999999996
2022-06-01,si,26.40833333333333,87.79166666666667,24.208333333333332,32.916666666666664,1010.3583333333332,987.2125,0.0,75.91666666666667,24.333333333333332,61.916666666666664,92.70833333333333,166.75,93.875,72.875,135.63333333333333,4.791666666666667,7.9750000000000005,60.208333333333336,80.5,14.783333333333333,0.1225,0.43,25.745833333333334,25.991666666666664,26.2,26.399999999999995,0.26775,0.25954166666666667,0.26325000000000004,0.283
2022-06-02,si,27.129166666666666,85.04166666666667,24.325,33.141666666666666,1010.225,987.1291666666666,0.0,28.875,4.625,17.416666666666668,47.291666666666664,239.16666666666666,197.83333333333334,41.333333333333336,309.8208333333333,5.9750000000000005,8.658333333333333,188.95833333333334,199.91666666666666,15.958333333333334,0.1758333333333333,0.56375,26.2375,26.058333333333334,26.2,26.399999999999995,0.26195833333333335,0.26329166666666665,0.2614166666666667,0.283
2022-06-03,si,27.212500000000002,85.95833333333333,24.65833333333333,33.920833333333334,1010.8708333333334,987.7583333333333,0.0,40.708333333333336,28.0,12.416666666666666,26.333333333333332,213.91666666666666,162.83333333333334,51.083333333333336,248.8166666666667,6.3374999999999995,8.754166666666666,264.125,265.375,16.466666666666665,0.15208333333333332,0.5116666666666666,26.170833333333334,26.2375,26.2,26.399999999999995,0.27499999999999997,0.26375,0.2595,0.283
2022-06-04,si,27.054166666666664,86.83333333333333,24.625,33.824999999999996,1011.0291666666667,987.8833333333333,0.0,43.791666666666664,27.666666666666668,16.125,33.708333333333336,216.25,168.20833333333334,48.041666666666664,261.72083333333336,3.6916666666666664,5.0249999999999995,251.04166666666666,250.83333333333334,11.549999999999999,0.1575,0.48666666666666664,25.954166666666666,26.02916666666667,26.2,26.399999999999995,0.2695,0.2691666666666667,0.25854166666666667,0.2827916666666666
2022-06-05,si,26.175,90.25,24.429166666666664,33.4,1010.8375,987.6750000000001,0.0,51.333333333333336,22.583333333333332,19.75,65.16666666666667,204.83333333333334,144.66666666666666,60.166666666666664,219.96666666666667,4.125,5.929166666666667,257.8333333333333,264.0,14.766666666666666,0.14625000000000002,0.3441666666666667,25.829166666666666,25.9875,26.2,26.399999999999995,0.2970416666666667,0.277125,0.25808333333333333,0.282
2022-06-06,si,26.474999999999998,88.66666666666667,24.391666666666666,34.199999999999996,1010.1416666666668,987.0375,0.0,51.666666666666664,26.666666666666668,23.375,54.75,226.0,181.45833333333334,44.541666666666664,280.44166666666666,3.408333333333333,4.954166666666667,280.75,271.8333333333333,13.729166666666666,0.16541666666666666,0.4175,26.099999999999998,26.05,26.175,26.399999999999995,0.2936666666666667,0.2945833333333333,0.2608333333333333,0.282
2022-06-07,si,26.96666666666667,86.04166666666667,24.400000000000002,34.512499999999996,1009.9458333333333,986.8833333333333,0.0,44.75,20.791666666666668,11.125,64.375,225.58333333333334,181.70833333333334,43.875,272.175,3.1750000000000003,4.283333333333333,236.91666666666666,245.25,13.075000000000001,0.16874999999999998,0.5141666666666667,26.275000000000002,26.1375,26.179166666666664,26.399999999999995,0.27529166666666666,0.2826666666666667,0.2629166666666667,0.282
2022-06-08,si,27.358333333333334,86.0,24.775000000000002,34.09583333333333,1010.0208333333334,986.9166666666666,0.0,45.416666666666664,25.791666666666668,11.333333333333334,56.583333333333336,202.70833333333334,146.29166666666666,56.416666666666664,229.08333333333334,4.179166666666666,5.441666666666666,144.70833333333334,146.625,15.65,0.14291666666666666,0.5216666666666666,26.5125,26.46666666666667,26.204166666666666,26.399999999999995,0.27033333333333337,0.2734166666666667,0.2625416666666667,0.282
2022-06-09,si,26.8875,88.875,24.8625,34.24583333333333,1010.3166666666666,987.2083333333334,0.0,61.25,34.125,11.083333333333334,86.04166666666667,214.83333333333334,161.375,53.458333333333336,249.79999999999998,4.166666666666667,5.9375,173.20833333333334,171.04166666666666,13.933333333333332,0.155,0.4116666666666667,26.329166666666666,26.358333333333334,26.245833333333334,26.399999999999995,0.27229166666666665,0.27033333333333337,0.26175,0.281125
2022-06-10,si,26.254166666666666,90.45833333333333,24.508333333333336,33.975,1010.1916666666666,987.0916666666667,0.0,57.583333333333336,21.625,20.208333333333332,94.45833333333333,218.41666666666666,159.95833333333334,58.458333333333336,244.02083333333334,4.375,5.833333333333333,159.33333333333334,161.875,12.883333333333333,0.16041666666666668,0.35333333333333333,26.1875,26.224999999999998,26.27916666666667,26.399999999999995,0.28162499999999996,0.27287500000000003,0.261,0.281
2022-06-11,si,26.820833333333336,87.95833333333333,24.608333333333334,34.270833333333336,1010.1458333333334,987.0708333333333,0.0,33.958333333333336,13.916666666666666,19.291666666666668,37.125,222.75,178.04166666666666,44.708333333333336,285.075,4.245833333333334,5.5874999999999995,127.20833333333333,131.66666666666666,13.870833333333332,0.16166666666666665,0.44708333333333333,26.204166666666666,26.145833333333332,26.2625,26.399999999999995,0.27691666666666664,0.2743333333333334,0.261,0.281
2022-06-12,si,26.129166666666666,91.16666666666667,24.53333333333333,34.079166666666666,1010.9708333333333,987.8458333333333,0.0,57.083333333333336,28.916666666666668,19.791666666666668,69.54166666666667,209.45833333333334,156.33333333333334,53.125,245.49166666666667,3.275,4.2250000000000005,267.3333333333333,256.4583333333333,12.595833333333333,0.1525,0.31625,26.354166666666668,26.395833333333332,26.3,26.399999999999995,0.306375,0.287875,0.2614166666666667,0.281
2022-06-13,si,26.5,87.375,24.175,33.90833333333333,1010.975,987.8291666666668,0.0,64.20833333333333,26.75,23.875,87.95833333333333,192.625,130.33333333333334,62.291666666666664,207.42499999999998,3.029166666666667,4.4875,211.625,211.16666666666666,12.416666666666666,0.14083333333333334,0.4566666666666667,25.900000000000002,26.045833333333334,26.3,26.399999999999995,0.29833333333333334,0.3013333333333333,0.267,0.281
2022-06-14,si,26.0125,89.875,24.191666666666666,33.166666666666664,1011.3333333333334,988.1791666666667,0.0,57.916666666666664,37.291666666666664,21.958333333333332,46.875,203.25,152.91666666666666,50.333333333333336,243.0666666666667,3.591666666666667,5.716666666666666,258.7916666666667,260.4583333333333,13.729166666666666,0.1475,0.3529166666666667,25.587500000000002,25.849999999999998,26.212500000000002,26.399999999999995,0.2910833333333333,0.2917916666666666,0.27075,0.2804166666666667
2022-06-15,si,27.083333333333332,85.33333333333333,24.349999999999998,34.612500000000004,1011.0208333333334,987.9083333333333,0.0,55.125,31.416666666666668,18.458333333333332,58.416666666666664,215.70833333333334,156.58333333333334,59.125,244.95000000000002,3.6791666666666667,4.866666666666666,200.29166666666666,212.16666666666666,14.9125,0.15541666666666668,0.5479166666666667,26.229166666666668,25.983333333333334,26.166666666666668,26.399999999999995,0.27720833333333333,0.28429166666666666,0.272,0.28
2022-06-16,si,26.40833333333333,90.875,24.770833333333332,33.93333333333333,1011.3458333333333,988.2083333333334,0.0,56.083333333333336,21.708333333333332,26.5,68.66666666666667,173.04166666666666,96.375,76.66666666666667,145.00833333333333,2.8625000000000003,3.9958333333333336,131.16666666666666,133.66666666666666,12.858333333333334,0.1275,0.32916666666666666,25.945833333333336,26.1125,26.2,26.399999999999995,0.3099166666666667,0.29520833333333335,0.2733333333333334,0.28
2022-06-17,si,26.787499999999998,87.375,24.491666666666664,33.40416666666667,1010.9208333333332,987.7791666666667,0.0,38.916666666666664,20.958333333333332,11.125,46.25,202.33333333333334,141.16666666666666,61.166666666666664,218.76666666666665,6.066666666666666,8.674999999999999,263.875,268.0,17.091666666666665,0.14291666666666666,0.4566666666666667,25.875,25.991666666666664,26.162499999999998,26.399999999999995,0.29612499999999997,0.2965,0.277125,0.28
2022-06-18,si,27.195833333333336,85.25,24.462500000000002,33.262499999999996,1011.0166666666668,987.8833333333333,0.0,36.208333333333336,11.958333333333334,7.666666666666667,69.5,221.75,174.66666666666666,47.083333333333336,272.7416666666667,5.504166666666666,8.354166666666666,277.25,283.8333333333333,17.091666666666665,0.16208333333333333,0.54625,26.020833333333332,25.983333333333334,26.1125,26.399999999999995,0.2818333333333333,0.291,0.2797083333333334,0.28
2022-06-19,si,26.616666666666664,86.0,24.054166666666664,34.12916666666667,1010.7916666666666,987.7208333333333,0.0,41.958333333333336,15.916666666666666,23.291666666666668,45.375,221.25,173.83333333333334,47.416666666666664,273.2416666666667,5.425,8.741666666666667,279.0416666666667,299.7916666666667,17.229166666666668,0.16541666666666668,0.5020833333333333,25.958333333333332,25.995833333333334,26.100000000000005,26.316666666666666,0.26975,0.28029166666666666,0.279625,0.28
2022-06-20,si,26.275000000000002,88.45833333333333,24.179166666666664,33.225,1009.5500000000001,986.4666666666667,0.0,24.75,7.916666666666667,18.541666666666668,21.583333333333332,210.45833333333334,165.91666666666666,44.541666666666664,259.6375,7.720833333333334,12.004166666666668,282.875,290.4583333333333,22.912499999999998,0.15208333333333335,0.4070833333333333,25.670833333333334,25.879166666666666,26.100000000000005,26.3,0.2874583333333333,0.2783333333333334,0.279,0.28
2022-06-21,si,26.383333333333336,85.875,23.741666666666664,32.449999999999996,1009.8375,986.7208333333333,0.0,17.666666666666668,14.083333333333334,8.125,0.0,226.625,182.08333333333334,44.541666666666664,290.28749999999997,6.7875000000000005,11.033333333333333,285.0416666666667,292.4166666666667,21.791666666666668,0.16624999999999998,0.51125,25.954166666666666,25.90416666666667,26.100000000000005,26.3,0.27508333333333335,0.28258333333333335,0.279,0.28
2022-06-22,si,26.441666666666666,85.20833333333333,23.675,32.4375,1011.2708333333334,988.1333333333333,0.0,15.458333333333334,10.458333333333334,6.666666666666667,6.75,229.04166666666666,188.20833333333334,40.833333333333336,301.8541666666667,6.9624999999999995,11.066666666666668,275.0833333333333,283.0416666666667,20.629166666666666,0.1679166666666667,0.5383333333333333,25.691666666666666,25.75,26.05,26.3,0.2595,0.2729166666666667,0.27845833333333336,0.2796666666666667
2022-06-23,si,26.8125,85.0,24.045833333333334,33.041666666666664,1011.5708333333333,988.4625,0.0,37.25,17.041666666666668,16.625,45.5,206.58333333333334,155.95833333333334,50.625,249.94583333333333,7.529166666666666,12.295833333333334,284.375,293.25,24.104166666666668,0.15583333333333332,0.5375,25.78333333333333,25.879166666666666,26.016666666666666,26.3,0.26045833333333335,0.26416666666666666,0.27675,0.279
2022-06-24,si,26.516666666666666,84.66666666666667,23.683333333333334,32.34166666666667,1010.775,987.6541666666667,0.0,48.083333333333336,14.541666666666666,15.833333333333334,84.75,207.91666666666666,148.83333333333334,59.083333333333336,231.66666666666666,9.445833333333333,14.504166666666668,281.125,288.5,27.0,0.15458333333333332,0.5458333333333333,25.837500000000002,25.879166666666666,26.0,26.3,0.25954166666666667,0.26,0.27545833333333336,0.279
2022-06-25,si,25.870833333333334,89.08333333333333,23.933333333333334,31.858333333333334,1009.7624999999999,986.6208333333334,0.0,48.958333333333336,12.375,19.458333333333332,87.0,183.20833333333334,122.70833333333333,60.5,194.64166666666665,8.908333333333333,13.779166666666667,282.4583333333333,289.3333333333333,25.59583333333333,0.13333333333333333,0.36833333333333335,25.5,25.708333333333332,26.0,26.3,0.28325,0.266,0.2740416666666667,0.279
2022-06-26,si,26.287499999999998,87.54166666666667,24.058333333333334,32.69166666666667,1011.0041666666666,987.8625000000001,0.0,48.458333333333336,21.666666666666668,26.791666666666668,43.208333333333336,169.125,109.66666666666667,59.458333333333336,176.73333333333335,7.991666666666667,12.1625,274.5416666666667,281.3333333333333,22.133333333333336,0.12708333333333333,0.42875,25.6125,25.670833333333334,26.0,26.3,0.304625,0.293375,0.2747083333333334,0.279
2022-06-27,si,26.016666666666666,86.41666666666667,23.554166666666664,31.40416666666667,1011.3208333333333,988.1416666666668,0.0,32.5,14.708333333333334,10.625,42.666666666666664,211.125,162.95833333333334,48.166666666666664,257.4875,11.016666666666666,16.491666666666667,275.9583333333333,282.6666666666667,31.09166666666667,0.15125,0.46375000000000005,25.420833333333334,25.59166666666667,25.920833333333334,26.3,0.2982916666666667,0.3013333333333333,0.2796666666666667,0.279
2022-06-28,si,25.808333333333334,84.875,23.004166666666666,30.670833333333334,1010.3208333333333,987.15,0.0,24.75,11.041666666666666,4.625,39.875,226.91666666666666,178.625,48.291666666666664,282.41249999999997,10.2125,15.424999999999999,276.2916666666667,283.2083333333333,29.070833333333336,0.16666666666666666,0.5258333333333333,25.070833333333336,25.333333333333332,25.875,26.3,0.2793333333333333,0.2905,0.282,0.279
2022-06-29,si,26.09166666666667,81.625,22.59583333333333,30.641666666666666,1009.4875000000001,986.3041666666667,0.0,29.625,10.083333333333334,5.333333333333333,57.791666666666664,231.25,186.95833333333334,44.291666666666664,292.2625,10.416666666666666,14.883333333333333,264.7083333333333,270.0833333333333,27.741666666666664,0.16416666666666666,0.6520833333333333,25.191666666666666,25.266666666666666,25.80416666666667,26.3,0.2648333333333333,0.2781666666666667,0.28158333333333335,0.279
2022-06-30,si,26.02916666666667,85.5,23.358333333333334,31.6875,1009.7375000000001,986.5875,0.0,47.291666666666664,12.208333333333334,10.916666666666666,99.20833333333333,219.5,171.66666666666666,47.833333333333336,273.9791666666667,10.125,15.104166666666666,276.4583333333333,284.125,29.195833333333336,0.155,0.5025000000000001,25.5,25.508333333333336,25.766666666666666,26.3,0.2628333333333333,0.2684166666666667,0.2805,0.279
2022-07-01,si,26.09166666666667,87.29166666666667,23.804166666666664,31.825000000000003,1010.0916666666667,986.9541666666668,0.0,41.625,9.208333333333334,15.458333333333334,80.25,211.75,163.41666666666666,48.333333333333336,257.90000000000003,9.708333333333334,14.758333333333333,277.9583333333333,287.6666666666667,28.916666666666668,0.15625,0.44333333333333336,25.729166666666668,25.695833333333336,25.775000000000002,26.204166666666666,0.263375,0.2637083333333334,0.2793333333333334,0.279
2022-07-02,si,26.912499999999998,86.41666666666667,24.40833333333333,33.237500000000004,1009.3249999999999,986.2291666666666,0.0,64.75,30.958333333333332,23.375,88.83333333333333,209.41666666666666,161.75,47.666666666666664,256.7666666666667,5.345833333333334,8.645833333333334,277.4583333333333,287.7916666666667,17.0625,0.15,0.49833333333333335,25.954166666666666,25.808333333333334,25.8,26.2,0.25866666666666666,0.2597916666666667,0.27758333333333335,0.279
2022-07-03,si,27.1875,88.0,25.0,34.295833333333334,1009.2541666666666,986.1583333333333,0.0,65.16666666666667,41.791666666666664,10.208333333333334,76.83333333333333,222.375,173.83333333333334,48.541666666666664,275.1625,3.1999999999999997,3.970833333333333,211.95833333333334,211.70833333333334,15.470833333333333,0.16083333333333333,0.44458333333333333,26.22083333333333,26.058333333333334,25.833333333333332,26.2,0.26825,0.25783333333333336,0.276125,0.279
2022-07-04,si,26.9875,87.29166666666667,24.683333333333334,33.90416666666667,1009.65,986.5500000000001,0.0,40.291666666666664,24.291666666666668,10.708333333333334,41.041666666666664,222.625,176.54166666666666,46.083333333333336,273.9791666666667,5.566666666666666,7.0,51.416666666666664,53.208333333333336,15.2125,0.15666666666666665,0.45708333333333334,26.412499999999998,26.291666666666668,25.929166666666664,26.2,0.273375,0.2637916666666667,0.2745,0.279
2022-07-05,si,26.479166666666668,90.29166666666667,24.7,34.141666666666666,1009.8833333333333,986.7791666666667,0.0,40.833333333333336,35.875,10.166666666666666,9.625,217.79166666666666,169.20833333333334,48.583333333333336,268.575,3.6458333333333335,5.470833333333334,278.75,282.875,13.1875,0.15625,0.35625,26.120833333333334,26.141666666666666,26.0,26.2,0.27391666666666664,0.26637500000000003,0.2734166666666667,0.27858333333333335
2022-07-06,si,25.795833333333334,90.29166666666667,24.05,32.8375,1011.4583333333334,988.3041666666667,0.0,39.416666666666664,22.291666666666668,17.708333333333332,28.458333333333332,209.79166666666666,156.58333333333334,53.208333333333336,246.11666666666667,6.629166666666666,10.4375,286.875,293.5,18.841666666666665,0.1525,0.33416666666666667,25.59166666666667,25.875,26.0,26.2,0.2920833333333333,0.27645833333333336,0.2724166666666667,0.278
2022-07-07,si,25.479166666666668,85.66666666666667,22.866666666666664,30.116666666666664,1011.6666666666666,988.4208333333332,0.0,15.791666666666666,6.416666666666667,3.5,26.166666666666668,229.45833333333334,183.58333333333334,45.875,293.95,9.283333333333333,14.079166666666666,276.9583333333333,283.9166666666667,25.545833333333334,0.16916666666666666,0.4770833333333333,24.9375,25.34583333333333,25.929166666666664,26.2,0.286375,0.2869583333333333,0.27308333333333334,0.278
2022-07-08,si,24.900000000000002,78.0,20.7,27.837500000000002,1011.2375000000001,987.9208333333332,0.0,5.833333333333333,1.7083333333333333,1.2916666666666667,11.208333333333334,249.70833333333334,211.20833333333334,38.5,333.71250000000003,9.2125,13.804166666666667,263.125,268.4583333333333,26.520833333333332,0.18166666666666667,0.7204166666666666,24.108333333333334,24.6875,25.808333333333334,26.2,0.26795833333333335,0.27875,0.2735416666666667,0.278
2022-07-09,si,25.520833333333332,82.58333333333333,22.28333333333333,30.129166666666666,1010.5500000000001,987.3083333333334,0.0,22.583333333333332,20.0,1.7916666666666667,11.875,224.41666666666666,172.625,51.791666666666664,274.39166666666665,7.1000000000000005,10.766666666666666,270.75,276.5416666666667,20.454166666666666,0.1575,0.5804166666666667,24.25,24.508333333333336,25.625,26.2,0.25325000000000003,0.26787500000000003,0.27245833333333336,0.278
2022-07-10,si,26.175,85.91666666666667,23.575,32.025,1010.8249999999999,987.6583333333333,0.0,34.041666666666664,17.458333333333332,14.541666666666666,31.791666666666668,224.33333333333334,177.04166666666666,47.291666666666664,280.53333333333336,6.3,9.75,275.1666666666667,281.7916666666667,17.5125,0.16083333333333333,0.4916666666666667,25.020833333333332,24.916666666666668,25.508333333333336,26.2,0.24762499999999998,0.25866666666666666,0.27066666666666667,0.278
2022-07-11,si,25.96666666666667,90.41666666666667,24.25,33.00833333333333,1011.5166666666668,988.3583333333332,0.0,52.708333333333336,19.458333333333332,45.041666666666664,33.833333333333336,196.70833333333334,139.41666666666666,57.291666666666664,215.4958333333333,6.570833333333334,10.891666666666666,280.5,291.4166666666667,19.841666666666665,0.13875,0.3325,25.208333333333332,25.287499999999998,25.5,26.1125,0.2810416666666667,0.262,0.26937500000000003,0.278
2022-07-12,si,26.358333333333334,86.375,23.849999999999998,32.81666666666667,1010.7083333333334,987.5833333333334,0.0,27.541666666666668,14.791666666666666,14.458333333333334,18.166666666666668,225.0,178.375,46.625,277.75416666666666,7.333333333333333,11.799999999999999,283.9583333333333,293.2083333333333,22.1875,0.16083333333333336,0.48416666666666663,25.708333333333332,25.520833333333332,25.5,26.100000000000005,0.2814166666666667,0.27775,0.269,0.278
2022-07-13,si,25.808333333333334,87.625,23.5625,32.458333333333336,1010.1833333333334,987.0458333333332,0.0,46.125,19.875,12.833333333333334,68.875,219.5,168.91666666666666,50.583333333333336,266.33750000000003,5.595833333333334,9.495833333333334,291.5416666666667,299.75,18.054166666666667,0.16041666666666668,0.42791666666666667,25.420833333333334,25.520833333333332,25.541666666666668,26.100000000000005,0.26508333333333334,0.2727083333333334,0.268625,0.27729166666666666
2022-07-14,si,25.849999999999998,85.83333333333333,23.2625,32.03333333333333,1010.6875,987.5166666666668,0.0,21.125,12.625,8.5,15.583333333333334,231.75,186.79166666666666,44.958333333333336,291.575,4.658333333333333,7.495833333333334,271.7083333333333,282.1666666666667,15.179166666666667,0.16708333333333333,0.49041666666666667,25.40833333333333,25.391666666666666,25.570833333333336,26.100000000000005,0.25466666666666665,0.2654166666666667,0.2675,0.277
2022-07-15,si,26.2625,84.16666666666667,23.34166666666667,31.84166666666667,1011.0708333333333,987.875,0.0,50.333333333333336,40.916666666666664,21.0,2.8333333333333335,228.04166666666666,183.41666666666666,44.625,283.7,6.316666666666666,9.858333333333333,284.375,290.0,18.420833333333334,0.16083333333333336,0.5558333333333333,25.704166666666666,25.662499999999998,25.600000000000005,26.100000000000005,0.24825,0.25754166666666667,0.2659166666666667,0.277
2022-07-16,si,26.333333333333332,83.79166666666667,23.320833333333336,31.070833333333336,1011.8791666666666,988.6416666666668,0.0,30.166666666666668,25.583333333333332,11.666666666666666,0.5,236.5,194.5,42.0,303.825,8.520833333333334,11.958333333333334,272.9166666666667,279.4583333333333,21.608333333333334,0.16374999999999998,0.5720833333333334,25.46666666666667,25.508333333333336,25.600000000000005,26.100000000000005,0.2429583333333333,0.2507916666666667,0.264,0.277
2022-07-17,si,26.270833333333332,85.0,23.5125,31.775000000000002,1011.9499999999999,988.7375000000001,0.0,46.875,30.833333333333332,17.041666666666668,29.541666666666668,220.75,168.41666666666666,52.333333333333336,259.34999999999997,7.529166666666666,11.549999999999999,276.0416666666667,284.875,21.162499999999998,0.15666666666666668,0.5241666666666667,25.429166666666664,25.516666666666666,25.600000000000005,26.100000000000005,0.24183333333333334,0.24504166666666669,0.26195833333333335,0.277
2022-07-18,si,25.879166666666666,86.54166666666667,23.391666666666666,31.870833333333334,1010.9250000000001,987.7583333333333,0.0,47.958333333333336,38.0,2.5833333333333335,43.708333333333336,223.41666666666666,167.83333333333334,55.583333333333336,259.8041666666667,8.008333333333333,11.858333333333334,276.2083333333333,282.75,19.95,0.16,0.4708333333333334,25.46666666666667,25.479166666666668,25.600000000000005,26.058333333333334,0.24,0.24116666666666667,0.2599166666666667,0.27637500000000004
2022-07-19,si,25.816666666666666,85.70833333333333,23.133333333333336,31.583333333333332,1010.975,987.7958333333332,0.0,47.0,30.833333333333332,5.666666666666667,52.583333333333336,234.25,177.29166666666666,56.958333333333336,271.6958333333333,8.145833333333334,11.966666666666667,274.125,280.75,21.84583333333333,0.16916666666666666,0.5033333333333333,25.579166666666666,25.583333333333332,25.625,26.0,0.23679166666666665,0.23762499999999998,0.25783333333333336,0.276
2022-07-20,si,25.40833333333333,83.5,22.333333333333332,31.329166666666666,1011.1750000000001,987.9541666666668,0.0,38.916666666666664,33.875,2.4166666666666665,22.958333333333332,249.58333333333334,206.58333333333334,43.0,320.4375,4.6875,7.5874999999999995,275.9166666666667,283.7083333333333,16.591666666666665,0.17708333333333334,0.55875,24.770833333333332,25.175,25.61666666666667,26.0,0.22895833333333335,0.233375,0.255375,0.276
2022-07-21,si,25.55,85.54166666666667,22.883333333333336,30.758333333333336,1011.9499999999999,988.7083333333334,0.0,32.5,32.375,1.0833333333333333,8.708333333333334,237.95833333333334,189.04166666666666,48.916666666666664,294.1958333333333,10.0,14.487499999999999,269.9583333333333,276.0833333333333,25.083333333333332,0.1679166666666667,0.5033333333333333,25.104166666666668,25.120833333333334,25.566666666666666,26.0,0.221,0.22833333333333336,0.253,0.276
2022-07-22,si,26.150000000000002,83.33333333333333,23.041666666666668,31.09166666666667,1012.3541666666666,989.1208333333334,0.0,38.958333333333336,30.166666666666668,5.333333333333333,28.708333333333332,226.54166666666666,171.83333333333334,54.708333333333336,268.10833333333335,8.954166666666667,12.8125,265.9583333333333,271.5416666666667,23.775000000000002,0.16,0.5833333333333334,25.454166666666666,25.391666666666666,25.541666666666668,26.0,0.21583333333333332,0.22354166666666667,0.2504166666666667,0.2753333333333334
2022-07-23,si,25.941666666666666,85.41666666666667,23.28333333333333,31.0125,1011.4791666666666,988.2791666666667,0.0,20.583333333333332,21.291666666666668,1.0416666666666667,2.7083333333333335,234.875,187.08333333333334,47.791666666666664,285.34999999999997,10.0625,14.758333333333333,274.0416666666667,280.4583333333333,26.2625,0.17,0.4995833333333333,25.400000000000002,25.5125,25.575000000000003,26.0,0.21816666666666665,0.21958333333333332,0.2479583333333333,0.275
2022-07-24,si,24.833333333333332,79.125,20.875,27.916666666666668,1010.6999999999999,987.4166666666666,0.0,11.0,1.0833333333333333,0.0,33.25,256.0833333333333,214.58333333333334,41.5,328.46666666666664,12.054166666666667,17.779166666666665,271.5,277.75,31.879166666666666,0.18791666666666665,0.68125,24.349999999999998,24.974999999999998,25.52916666666667,26.0,0.21725000000000003,0.21716666666666665,0.24545833333333333,0.275
2022-07-25,si,24.45,83.16666666666667,21.333333333333332,27.791666666666668,1011.0416666666666,987.7125,0.0,35.916666666666664,31.666666666666668,0.4583333333333333,24.416666666666668,227.5,165.20833333333334,62.291666666666664,250.975,9.491666666666665,14.658333333333333,279.125,284.7083333333333,26.733333333333334,0.1675,0.5375,23.366666666666664,24.025000000000002,25.383333333333336,26.0,0.20583333333333334,0.21333333333333335,0.2429583333333333,0.2745416666666667
2022-07-26,si,25.2375,81.79166666666667,21.816666666666666,30.133333333333336,1011.1,987.8541666666666,0.0,50.333333333333336,45.125,0.7916666666666666,36.291666666666664,228.20833333333334,173.29166666666666,54.916666666666664,263.05833333333334,8.2875,12.262500000000001,273.25,279.75,22.78333333333333,0.16583333333333333,0.62125,24.254166666666666,24.204166666666666,25.224999999999998,25.991666666666664,0.19683333333333333,0.20908333333333332,0.24016666666666664,0.274
2022-07-27,si,26.366666666666664,82.66666666666667,23.079166666666666,31.704166666666666,1010.6916666666666,987.525,0.0,31.041666666666668,29.333333333333332,5.875,3.7083333333333335,242.45833333333334,196.58333333333334,45.875,298.84999999999997,8.5625,12.554166666666667,272.1666666666667,279.1666666666667,22.9875,0.17458333333333334,0.6333333333333333,25.441666666666666,25.09166666666667,25.2,25.899999999999995,0.18858333333333333,0.20450000000000002,0.23754166666666665,0.274
2022-07-28,si,25.78333333333333,82.70833333333333,22.55,31.304166666666664,1010.65,987.4250000000001,0.0,34.416666666666664,32.208333333333336,1.0,15.833333333333334,251.04166666666666,205.25,45.791666666666664,313.75416666666666,4.845833333333333,7.654166666666666,279.4166666666667,286.0416666666667,15.579166666666666,0.17875,0.5991666666666667,25.27916666666667,25.254166666666666,25.224999999999998,25.899999999999995,0.18133333333333335,0.20000000000000004,0.23491666666666666,0.2734166666666667
2022-07-29,si,25.7,82.45833333333333,22.395833333333332,31.704166666666666,1010.6541666666667,987.4625,0.0,69.54166666666667,55.583333333333336,0.6666666666666666,68.75,249.75,201.75,48.0,307.14166666666665,5.029166666666667,7.7375,277.5,282.7916666666667,16.829166666666666,0.18166666666666667,0.6095833333333334,25.3,25.370833333333334,25.3,25.899999999999995,0.17416666666666666,0.19566666666666666,0.23208333333333334,0.273
2022-07-30,si,25.724999999999998,84.125,22.775000000000002,30.933333333333334,1010.9375,987.7083333333334,0.0,59.833333333333336,45.166666666666664,0.4583333333333333,63.583333333333336,232.375,171.83333333333334,60.541666666666664,265.87083333333334,6.983333333333333,10.6,273.5416666666667,279.3333333333333,21.041666666666668,0.16749999999999998,0.54625,24.875,25.083333333333332,25.3,25.899999999999995,0.16841666666666666,0.1915,0.22954166666666667,0.2728333333333333
2022-07-31,si,25.65416666666667,83.83333333333333,22.620833333333334,30.745833333333334,1010.3083333333334,987.0875,0.0,55.166666666666664,30.791666666666668,2.6666666666666665,86.08333333333333,233.83333333333334,173.16666666666666,60.666666666666664,263.6875,6.516666666666667,10.129166666666666,273.375,280.7083333333333,19.925,0.1679166666666667,0.5591666666666667,24.958333333333332,25.016666666666666,25.3,25.899999999999995,0.16604166666666667,0.18766666666666665,0.22704166666666667,0.272
2022-08-01,si,26.670833333333334,81.29166666666667,23.116666666666664,32.270833333333336,1009.7958333333332,986.6374999999999,0.0,61.25,36.25,6.791666666666667,83.16666666666667,250.91666666666666,207.29166666666666,43.625,312.15000000000003,4.5249999999999995,6.5625,201.875,188.0,12.833333333333334,0.18125,0.6741666666666667,25.454166666666666,25.1375,25.3,25.899999999999995,0.161,0.1845,0.22454166666666667,0.272
2022-08-02,si,26.433333333333334,86.79166666666667,24.041666666666668,32.87916666666667,1010.5,987.3291666666668,0.0,60.458333333333336,27.666666666666668,13.75,98.25,217.0,142.0,75.0,215.70416666666665,3.225,4.2124999999999995,246.0,254.375,12.704166666666666,0.1575,0.46541666666666665,25.604166666666668,25.620833333333334,25.34166666666667,25.84166666666667,0.16483333333333336,0.18154166666666668,0.22220833333333334,0.2714166666666667
2022-08-03,si,26.412499999999998,84.125,23.383333333333336,32.52916666666667,1011.0333333333333,987.8583333333332,0.0,57.916666666666664,46.75,12.083333333333334,29.916666666666668,241.75,190.04166666666666,51.708333333333336,278.34166666666664,5.608333333333333,7.7749999999999995,273.6666666666667,272.9166666666667,16.695833333333333,0.17333333333333334,0.5854166666666667,25.599999999999998,25.495833333333334,25.399999999999995,25.8,0.16425,0.17904166666666665,0.22,0.271
2022-08-04,si,25.745833333333334,82.875,22.516666666666666,30.5,1011.375,988.1541666666667,0.0,21.083333333333332,4.625,0.7083333333333334,54.916666666666664,257.4583333333333,209.95833333333334,47.5,316.95416666666665,9.979166666666666,14.229166666666666,261.625,268.8333333333333,27.6125,0.1875,0.60125,25.395833333333332,25.5125,25.429166666666664,25.8,0.158125,0.17575,0.21766666666666667,0.27066666666666667
2022-08-05,si,25.483333333333334,80.20833333333333,21.666666666666668,30.258333333333336,1011.4083333333333,988.1458333333334,0.0,9.125,4.791666666666667,0.125,15.666666666666666,260.2916666666667,212.08333333333334,48.208333333333336,320.7708333333333,7.766666666666667,11.191666666666668,256.7916666666667,262.5416666666667,22.78333333333333,0.18500000000000003,0.6966666666666667,25.0,25.21666666666667,25.454166666666666,25.8,0.14941666666666667,0.1725,0.21504166666666666,0.27
2022-08-06,si,25.575,82.58333333333333,22.22083333333333,30.65416666666667,1011.5124999999999,988.2624999999999,0.0,37.833333333333336,16.458333333333332,2.5833333333333335,71.375,245.95833333333334,190.29166666666666,55.666666666666664,284.05,7.695833333333333,10.908333333333333,253.79166666666666,258.0416666666667,21.216666666666665,0.1758333333333333,0.625,25.025000000000002,25.075,25.412499999999998,25.8,0.14116666666666666,0.16895833333333335,0.21283333333333332,0.26975
2022-08-07,si,25.71666666666667,85.20833333333333,22.991666666666664,31.03333333333333,1011.2041666666668,987.9708333333333,0.0,48.666666666666664,36.541666666666664,14.541666666666666,32.333333333333336,233.375,177.29166666666666,56.083333333333336,260.46666666666664,8.920833333333333,12.387500000000001,262.3333333333333,267.5833333333333,24.508333333333336,0.16624999999999998,0.5091666666666667,25.3,25.291666666666668,25.399999999999995,25.8,0.14075000000000001,0.16595833333333335,0.2105,0.269
2022-08-08,si,26.354166666666668,82.79166666666667,23.125,30.858333333333334,1011.0625,987.8416666666667,0.0,16.125,15.708333333333334,3.3333333333333335,0.0,237.33333333333334,177.95833333333334,59.375,270.70416666666665,9.566666666666666,13.35,264.625,270.75,24.8125,0.17,0.6116666666666667,25.416666666666668,25.3625,25.404166666666665,25.8,0.14283333333333334,0.16354166666666667,0.20841666666666667,0.269
2022-08-09,si,26.504166666666666,81.20833333333333,22.9375,30.891666666666666,1011.0166666666668,987.8166666666666,0.0,25.666666666666668,22.291666666666668,9.166666666666666,0.08333333333333333,245.04166666666666,193.5,51.541666666666664,287.425,10.583333333333334,14.766666666666666,265.1666666666667,269.9583333333333,25.879166666666666,0.17625000000000002,0.6741666666666667,25.900000000000002,25.608333333333334,25.4375,25.8,0.140625,0.16095833333333334,0.20629166666666665,0.26808333333333334
2022-08-10,si,26.895833333333332,82.70833333333333,23.662499999999998,32.07083333333333,1011.1833333333334,988.0041666666666,0.0,63.791666666666664,38.875,45.666666666666664,34.875,203.20833333333334,135.875,67.33333333333333,198.6916666666667,7.604166666666667,10.854166666666666,261.9166666666667,268.9583333333333,19.741666666666667,0.14583333333333334,0.62875,26.150000000000002,25.895833333333332,25.516666666666666,25.8,0.14041666666666666,0.15887500000000002,0.20437499999999997,0.268
2022-08-11,si,26.825,85.41666666666667,24.141666666666666,33.71666666666667,1011.0958333333333,987.9583333333334,0.0,41.333333333333336,21.0,29.083333333333332,18.625,250.91666666666666,204.41666666666666,46.5,299.97083333333336,3.9250000000000003,6.433333333333334,260.75,267.9166666666667,13.825000000000001,0.1825,0.5279166666666667,26.258333333333336,26.0125,25.600000000000005,25.8,0.14375,0.15691666666666668,0.2025,0.26729166666666665
2022-08-12,si,26.7,86.70833333333333,24.229166666666668,33.516666666666666,1010.7583333333333,987.6,0.0,43.5,20.458333333333332,26.416666666666668,31.25,242.54166666666666,191.54166666666666,51.0,279.54583333333335,3.608333333333333,5.220833333333333,161.33333333333334,165.04166666666666,12.929166666666667,0.1758333333333333,0.48833333333333334,26.287499999999998,26.125,25.691666666666666,25.8,0.15616666666666668,0.15504166666666666,0.20070833333333335,0.267
2022-08-13,si,26.616666666666664,87.875,24.40416666666667,32.979166666666664,1011.1,987.9083333333333,0.0,58.25,41.375,23.625,23.333333333333332,218.25,157.08333333333334,61.166666666666664,220.30416666666667,3.9375,4.875,101.41666666666667,87.875,13.875,0.15583333333333335,0.4375,26.125,26.15416666666667,25.7375,25.8,0.21929166666666666,0.16058333333333333,0.199375,0.2665
2022-08-14,si,26.008333333333336,90.41666666666667,24.25,32.72083333333333,1011.2208333333333,988.0291666666667,0.0,58.916666666666664,35.208333333333336,23.833333333333332,57.25,222.83333333333334,154.41666666666666,68.41666666666667,219.1833333333333,4.841666666666667,6.625,122.95833333333333,138.54166666666666,15.075000000000001,0.15833333333333333,0.3433333333333333,25.71666666666667,25.825,25.8,25.8,0.26887500000000003,0.19758333333333333,0.19795833333333335,0.266
2022-08-15,si,26.495833333333334,87.83333333333333,24.241666666666664,33.34583333333333,1011.4958333333334,988.3000000000001,0.0,56.708333333333336,40.833333333333336,25.958333333333332,16.333333333333332,245.375,195.95833333333334,49.416666666666664,283.5708333333333,3.654166666666667,5.1125,265.9166666666667,282.2916666666667,12.75,0.17458333333333334,0.44458333333333333,26.1875,25.974999999999998,25.8,25.8,0.2598333333333333,0.225375,0.19699999999999998,0.2659166666666667
2022-08-16,si,26.366666666666664,84.08333333333333,23.370833333333334,32.47083333333333,1011.9333333333334,988.7166666666667,0.0,44.041666666666664,33.25,15.083333333333334,16.916666666666668,237.95833333333334,160.83333333333334,77.125,244.39583333333334,3.983333333333333,5.825,277.7083333333333,281.3333333333333,12.85,0.17208333333333334,0.5750000000000001,25.879166666666666,25.900000000000002,25.8,25.8,0.23658333333333334,0.227,0.19645833333333332,0.265
2022-08-17,si,25.879166666666666,84.95833333333333,23.09583333333333,31.483333333333334,1013.0375,989.8041666666667,0.0,35.416666666666664,24.875,20.791666666666668,2.0833333333333335,247.625,196.20833333333334,51.416666666666664,287.78333333333336,8.454166666666667,12.554166666666667,275.4583333333333,281.375,22.504166666666666,0.17916666666666667,0.5191666666666667,25.5125,25.704166666666666,25.8,25.8,0.23445833333333332,0.224375,0.19566666666666666,0.265
2022-08-18,si,25.929166666666664,84.70833333333333,23.0625,31.099999999999998,1012.025,988.8208333333333,0.0,36.208333333333336,27.333333333333332,21.083333333333332,0.20833333333333334,233.54166666666666,174.16666666666666,59.375,251.6833333333333,9.858333333333333,14.950000000000001,278.375,287.2083333333333,28.366666666666664,0.17083333333333336,0.5391666666666667,25.570833333333336,25.59583333333333,25.8,25.8,0.228375,0.22191666666666668,0.19499999999999998,0.26429166666666665
2022-08-19,si,26.1875,83.29166666666667,23.066666666666666,31.416666666666668,1011.725,988.5458333333332,0.0,25.416666666666668,18.583333333333332,10.041666666666666,8.458333333333334,250.20833333333334,196.125,54.083333333333336,284.66249999999997,9.895833333333334,14.770833333333334,276.4583333333333,284.6666666666667,27.28333333333333,0.18583333333333332,0.59,25.620833333333334,25.708333333333332,25.770833333333332,25.8,0.22424999999999998,0.21833333333333335,0.194375,0.264
2022-08-20,si,25.420833333333334,77.75,21.125,30.775000000000002,1011.5708333333333,988.3416666666667,0.0,19.916666666666668,20.916666666666668,0.25,3.0416666666666665,273.0416666666667,225.29166666666666,47.75,328.21666666666664,7.541666666666667,11.979166666666666,284.4583333333333,291.5416666666667,22.870833333333334,0.19791666666666666,0.7575,25.083333333333332,25.304166666666664,25.71666666666667,25.8,0.214125,0.21420833333333333,0.193375,0.26345833333333335
2022-08-21,si,25.74166666666667,79.0,21.712500000000002,30.96666666666667,1011.5875,988.3208333333333,0.0,59.875,43.125,18.625,38.0,260.125,210.04166666666666,50.083333333333336,304.3333333333333,4.654166666666667,6.920833333333333,251.5,256.3333333333333,14.895833333333334,0.18666666666666668,0.7279166666666667,24.870833333333334,25.145833333333332,25.633333333333336,25.8,0.19933333333333333,0.20833333333333334,0.19162500000000002,0.263
2022-08-22,si,26.104166666666668,83.16666666666667,22.945833333333336,31.166666666666668,1011.7333333333332,988.5375,0.0,37.208333333333336,18.458333333333332,2.4583333333333335,63.541666666666664,255.91666666666666,203.45833333333334,52.458333333333336,295.40833333333336,9.566666666666666,14.375,273.7083333333333,282.25,26.78333333333333,0.1875,0.5966666666666667,25.25,25.21666666666667,25.600000000000005,25.8,0.1905,0.20279166666666668,0.1905416666666667,0.26245833333333335
2022-08-23,si,25.991666666666664,82.58333333333333,22.704166666666666,30.712500000000002,1011.8208333333333,988.6041666666666,0.0,23.791666666666668,20.041666666666668,6.208333333333333,6.666666666666667,267.4583333333333,216.20833333333334,51.25,311.3625,9.458333333333334,14.108333333333334,277.9583333333333,285.2083333333333,26.491666666666664,0.1975,0.6129166666666667,25.099999999999998,25.266666666666666,25.55,25.8,0.18525,0.19775,0.1894583333333333,0.262
2022-08-24,si,25.929166666666664,82.125,22.541666666666668,30.675,1012.0833333333334,988.8416666666667,0.0,42.458333333333336,19.041666666666668,7.25,71.75,269.4166666666667,217.83333333333334,51.583333333333336,315.90833333333336,7.783333333333334,11.758333333333333,266.8333333333333,275.25,23.2375,0.19458333333333333,0.6316666666666667,25.1125,25.175,25.504166666666666,25.8,0.17795833333333333,0.19279166666666667,0.18820833333333334,0.2615
2022-08-25,si,26.375,81.08333333333333,22.770833333333332,31.645833333333332,1011.6208333333334,988.4541666666668,0.0,52.833333333333336,18.583333333333332,20.708333333333332,90.79166666666667,257.5833333333333,201.83333333333334,55.75,285.8916666666667,9.254166666666666,13.408333333333333,269.25,276.6666666666667,25.55,0.1875,0.6833333333333332,25.429166666666664,25.3,25.5,25.733333333333334,0.16954166666666667,0.18795833333333334,0.18658333333333332,0.261
2022-08-26,si,26.320833333333336,84.83333333333333,23.508333333333336,31.90833333333333,1010.625,987.4666666666667,0.0,55.541666666666664,24.916666666666668,21.958333333333332,72.54166666666667,253.5,197.79166666666666,55.708333333333336,282.59166666666664,8.137500000000001,12.191666666666668,274.5833333333333,283.375,23.337500000000002,0.18458333333333332,0.5358333333333333,25.633333333333336,25.554166666666664,25.5,25.7,0.16883333333333336,0.1835,0.1855,0.26054166666666667
2022-08-27,si,26.104166666666668,84.29166666666667,23.22083333333333,30.900000000000002,1010.5416666666666,987.3625000000001,0.0,56.541666666666664,46.291666666666664,23.583333333333332,16.5,257.75,200.58333333333334,57.166666666666664,287.8833333333333,9.858333333333333,13.991666666666667,269.1666666666667,275.7916666666667,25.59583333333333,0.18625,0.5429166666666666,25.558333333333334,25.570833333333336,25.5,25.7,0.17837499999999998,0.1804583333333333,0.1844583333333333,0.26
2022-08-28,si,26.083333333333332,81.66666666666667,22.645833333333332,29.991666666666664,1010.7083333333334,987.4833333333332,0.0,47.25,39.125,14.25,11.708333333333334,262.8333333333333,208.16666666666666,54.666666666666664,290.05833333333334,10.879166666666668,15.120833333333332,263.875,268.125,27.291666666666668,0.18625,0.6391666666666667,25.641666666666666,25.59166666666667,25.525000000000002,25.7,0.18537499999999998,0.17766666666666664,0.18341666666666667,0.25975
2022-08-29,si,26.537499999999998,80.08333333333333,22.766666666666666,30.570833333333336,1010.9375,987.7083333333334,0.0,36.166666666666664,24.458333333333332,15.916666666666666,15.375,264.7083333333333,211.95833333333334,52.75,299.2583333333333,10.320833333333333,14.429166666666667,263.2916666666667,268.6666666666667,26.745833333333334,0.18541666666666667,0.7125,26.254166666666666,25.895833333333332,25.600000000000005,25.7,0.18683333333333332,0.1754583333333333,0.18237499999999998,0.259
2022-08-30,si,26.816666666666666,82.75,23.604166666666668,32.15,1010.3249999999999,987.1791666666667,0.0,40.208333333333336,12.375,11.166666666666666,74.16666666666667,256.5,196.79166666666666,59.708333333333336,276.2375,9.049999999999999,12.779166666666667,264.0,271.625,24.375,0.18208333333333335,0.6233333333333334,26.27916666666667,26.179166666666664,25.641666666666666,25.7,0.18983333333333333,0.172875,0.18099999999999997,0.25895833333333335
2022-08-31,si,26.395833333333332,85.16666666666667,23.666666666666668,32.46666666666667,1010.2833333333333,987.1125000000001,0.0,38.166666666666664,24.5,25.25,3.3333333333333335,261.9583333333333,209.16666666666666,52.791666666666664,294.55833333333334,6.625,9.674999999999999,263.8333333333333,270.8333333333333,19.0,0.18708333333333335,0.5295833333333334,25.90833333333333,25.95,25.7,25.7,0.2015,0.17225,0.18000000000000002,0.258
2022-09-01,si,26.683333333333334,84.91666666666667,23.879166666666666,32.94166666666667,1010.8708333333334,987.7333333333332,0.0,28.125,20.166666666666668,14.0,5.083333333333333,275.875,228.29166666666666,47.583333333333336,321.53333333333336,7.466666666666666,10.8125,269.625,277.0833333333333,20.55,0.20166666666666666,0.5537500000000001,26.045833333333334,25.870833333333334,25.71666666666667,25.7,0.19891666666666666,0.17200000000000001,0.17879166666666665,0.258
2022-09-02,si,26.84583333333333,83.04166666666667,23.604166666666668,33.291666666666664,1011.4250000000001,988.3041666666667,0.0,22.166666666666668,14.0,6.625,18.416666666666668,277.8333333333333,227.83333333333334,50.0,319.1333333333333,7.504166666666666,10.799999999999999,264.4166666666667,271.75,21.729166666666668,0.2041666666666667,0.64,26.483333333333334,26.170833333333334,25.791666666666668,25.7,0.18695833333333334,0.17041666666666666,0.177625,0.25733333333333336
2022-09-03,si,27.179166666666664,79.625,23.254166666666666,32.449999999999996,1011.0708333333333,987.9208333333332,0.0,57.416666666666664,33.208333333333336,13.0,65.375,269.7083333333333,212.375,57.333333333333336,300.1875,10.108333333333333,14.004166666666668,263.75,269.4166666666667,25.258333333333336,0.1925,0.7654166666666667,26.724999999999998,26.375,25.829166666666666,25.7,0.173875,0.16708333333333333,0.17654166666666668,0.257
2022-09-04,si,26.97083333333333,82.5,23.670833333333334,32.50833333333333,1011.4250000000001,988.275,0.0,55.5,20.208333333333332,14.958333333333334,96.875,268.5833333333333,210.04166666666666,58.541666666666664,294.78333333333336,9.116666666666667,12.7875,261.75,269.25,23.791666666666668,0.19499999999999998,0.6458333333333334,26.670833333333334,26.59166666666667,25.924999999999997,25.7,0.17179166666666668,0.16391666666666668,0.1754583333333333,0.25633333333333336
2022-09-05,si,26.645833333333332,84.70833333333333,23.78333333333333,33.11666666666667,1011.7083333333334,988.5416666666666,0.0,58.708333333333336,22.125,14.791666666666666,99.625,268.2083333333333,200.79166666666666,67.41666666666667,274.67083333333335,5.1875,7.658333333333334,264.5416666666667,270.7083333333333,16.3875,0.19458333333333333,0.5616666666666666,26.333333333333332,26.333333333333332,26.0,25.7,0.17595833333333333,0.16183333333333336,0.1744583333333333,0.256
2022-09-06,si,26.554166666666664,84.79166666666667,23.745833333333334,33.045833333333334,1011.5541666666667,988.4041666666667,0.0,38.5,17.541666666666668,19.041666666666668,37.833333333333336,270.625,211.58333333333334,59.041666666666664,302.0083333333333,5.2250000000000005,8.154166666666667,271.7083333333333,279.8333333333333,16.412499999999998,0.19666666666666666,0.5375,25.958333333333332,26.1375,26.0,25.7,0.1775,0.15987500000000002,0.1734583333333333,0.25545833333333334
2022-09-07,si,26.337500000000002,86.95833333333333,23.954166666666666,32.86666666666667,1012.2333333333332,989.0416666666666,0.0,44.583333333333336,19.625,24.416666666666668,43.333333333333336,259.2916666666667,203.375,55.916666666666664,279.87916666666666,6.779166666666666,10.012500000000001,269.4166666666667,277.2083333333333,19.037499999999998,0.18416666666666667,0.4633333333333333,25.941666666666666,25.991666666666664,26.0,25.758333333333336,0.19158333333333333,0.15870833333333334,0.17254166666666668,0.255
2022-09-08,si,26.983333333333334,82.70833333333333,23.770833333333332,32.85,1012.6791666666667,989.4916666666667,0.0,36.666666666666664,16.5,23.083333333333332,26.25,261.1666666666667,205.25,55.916666666666664,288.30833333333334,6.029166666666666,9.025,264.5416666666667,273.5416666666667,17.520833333333332,0.18791666666666665,0.6333333333333333,26.020833333333332,25.945833333333336,26.0,25.8,0.200375,0.16020833333333334,0.17166666666666666,0.25475
2022-09-09,si,26.229166666666668,86.75,23.795833333333334,32.887499999999996,1013.2458333333334,990.0333333333333,0.0,51.958333333333336,14.166666666666666,26.041666666666668,82.58333333333333,219.375,148.5,70.875,197.89166666666665,5.5125,8.158333333333333,261.5833333333333,272.375,18.0,0.16083333333333333,0.4670833333333333,25.829166666666666,25.97083333333333,26.0,25.8,0.22920833333333335,0.16595833333333335,0.171,0.254
2022-09-10,si,26.066666666666666,88.29166666666667,23.9375,32.725,1012.3916666666668,989.1916666666666,0.0,45.041666666666664,18.5,13.625,71.83333333333333,259.0416666666667,197.58333333333334,61.458333333333336,270.28333333333336,6.933333333333334,10.0625,269.5833333333333,277.2916666666667,19.066666666666666,0.18500000000000003,0.41333333333333333,25.929166666666664,25.90833333333333,25.97083333333333,25.8,0.25595833333333334,0.192375,0.1705,0.254
2022-09-11,si,26.34583333333333,87.0,23.95,32.75416666666667,1011.6791666666667,988.4916666666667,0.0,46.375,14.666666666666666,12.0,86.45833333333333,267.9166666666667,206.91666666666666,61.0,288.1041666666667,6.6499999999999995,9.65,275.5833333333333,284.6666666666667,19.099999999999998,0.18875,0.46541666666666665,26.0125,25.983333333333334,25.94583333333333,25.8,0.24083333333333334,0.2070833333333333,0.17,0.2535
2022-09-12,si,26.525000000000002,83.125,23.325,33.6,1011.375,988.2375000000001,0.0,54.291666666666664,41.458333333333336,7.875,42.958333333333336,287.3333333333333,232.66666666666666,54.666666666666664,321.2291666666667,3.4416666666666664,5.0125,240.79166666666666,246.45833333333334,13.958333333333334,0.21125000000000002,0.6141666666666666,25.837500000000002,25.8125,25.912499999999998,25.8,0.22020833333333334,0.20745833333333333,0.16966666666666666,0.253
2022-09-13,si,26.84166666666667,84.41666666666667,23.920833333333334,32.979166666666664,1013.3416666666667,990.1791666666667,0.0,18.375,13.875,9.75,0.0,284.8333333333333,231.83333333333334,53.0,321.2291666666667,8.633333333333333,12.950000000000001,274.4166666666667,282.7916666666667,25.233333333333334,0.20958333333333334,0.5758333333333333,26.21666666666667,26.0625,25.899999999999995,25.8,0.20650000000000002,0.2030833333333333,0.16937500000000003,0.252625
2022-09-14,si,26.5125,82.04166666666667,23.1375,32.19166666666667,1014.375,991.1583333333333,0.0,20.125,12.416666666666666,13.5,2.7083333333333335,263.875,206.04166666666666,57.833333333333336,288.2375,10.299999999999999,14.637500000000001,269.125,276.9583333333333,29.379166666666666,0.19166666666666665,0.6441666666666667,26.15416666666667,26.099999999999998,25.920833333333334,25.8,0.20204166666666667,0.19895833333333335,0.16858333333333334,0.252
2022-09-15,si,26.566666666666666,82.75,23.349999999999998,31.733333333333334,1012.8958333333334,989.6999999999999,0.0,33.041666666666664,12.75,11.0,49.583333333333336,274.1666666666667,219.70833333333334,54.458333333333336,298.425,11.695833333333333,16.495833333333334,268.9583333333333,275.75,29.954166666666666,0.19541666666666668,0.62,26.2375,26.175,25.96666666666667,25.8,0.20262500000000003,0.19541666666666668,0.168,0.252
2022-09-16,si,26.775000000000002,80.125,22.962500000000002,31.8625,1012.1791666666667,988.9875000000001,0.0,52.0,4.958333333333333,31.166666666666668,95.41666666666667,235.125,158.20833333333334,76.91666666666667,220.9,9.85,13.929166666666667,262.75,269.9583333333333,27.275000000000002,0.17333333333333334,0.7329166666666667,26.366666666666664,26.254166666666666,26.0,25.8,0.19645833333333332,0.19191666666666665,0.16741666666666669,0.25104166666666666
2022-09-17,si,26.650000000000002,79.16666666666667,22.554166666666664,31.945833333333336,1011.7958333333332,988.5875,0.0,55.541666666666664,34.25,7.041666666666667,69.04166666666667,293.625,236.75,56.875,325.675,7.754166666666666,10.987499999999999,260.0,264.6666666666667,21.3625,0.20791666666666667,0.7795833333333334,26.254166666666666,26.21666666666667,26.0,25.8,0.18216666666666667,0.186875,0.1665,0.251
2022-09-18,si,27.054166666666664,78.125,22.72083333333333,32.50833333333333,1012.1999999999999,989.0041666666666,0.0,52.875,36.375,4.083333333333333,66.45833333333333,300.0,250.29166666666666,49.708333333333336,339.90833333333336,8.25,11.379166666666668,258.9166666666667,263.5,21.954166666666666,0.21125000000000002,0.83625,26.59583333333333,26.40416666666667,26.025000000000002,25.8,0.16774999999999998,0.1814583333333333,0.1655,0.2502083333333333
2022-09-19,si,26.879166666666666,78.20833333333333,22.65833333333333,31.47083333333333,1012.4,989.1791666666667,0.0,60.416666666666664,33.958333333333336,12.958333333333334,75.45833333333333,283.75,225.95833333333334,57.791666666666664,311.46666666666664,10.620833333333334,14.512500000000001,261.25,263.8333333333333,26.025000000000002,0.19999999999999998,0.8070833333333334,26.6125,26.358333333333334,26.079166666666666,25.8,0.15675,0.17616666666666667,0.1645,0.25
2022-09-20,si,26.633333333333336,80.79166666666667,22.9875,31.320833333333336,1012.2291666666666,989.025,0.0,43.083333333333336,12.875,12.208333333333334,80.29166666666667,262.1666666666667,186.41666666666666,75.75,262.33750000000003,11.35,15.841666666666667,264.5833333333333,270.1666666666667,28.5625,0.18708333333333335,0.6958333333333333,26.820833333333336,26.6875,26.120833333333334,25.8,0.15229166666666666,0.17108333333333334,0.1635,0.249125
2022-09-21,si,26.666666666666668,81.875,23.254166666666666,32.12083333333333,1012.0083333333333,988.8166666666666,0.0,53.041666666666664,20.833333333333332,17.916666666666668,82.91666666666667,282.7083333333333,224.75,57.958333333333336,301.90000000000003,8.133333333333333,11.608333333333334,267.75,274.375,22.291666666666668,0.2020833333333333,0.6591666666666667,26.429166666666664,26.474999999999998,26.183333333333334,25.8,0.16233333333333333,0.1675,0.16258333333333333,0.249
2022-09-22,si,27.162499999999998,82.29166666666667,23.849999999999998,32.7875,1011.6125000000001,988.4583333333334,0.0,32.416666666666664,14.541666666666666,13.458333333333334,37.708333333333336,280.0,225.125,54.875,309.06666666666666,8.991666666666667,12.766666666666666,267.4583333333333,273.6666666666667,25.662499999999998,0.19791666666666666,0.65,26.679166666666664,26.454166666666666,26.2,25.8,0.18208333333333335,0.16545833333333335,0.162,0.24845833333333334
2022-09-23,si,27.208333333333332,82.625,23.916666666666668,33.30416666666667,1010.9541666666668,987.8333333333334,0.0,49.208333333333336,25.0,17.333333333333332,54.0,291.5833333333333,238.95833333333334,52.625,324.53333333333336,8.2125,11.608333333333334,261.2916666666667,266.4583333333333,20.95,0.20791666666666667,0.6629166666666667,27.037499999999998,26.712500000000002,26.208333333333332,25.8,0.17604166666666665,0.16341666666666668,0.16145833333333334,0.248
2022-09-24,si,27.650000000000002,80.04166666666667,23.745833333333334,33.61666666666667,1010.9666666666667,987.8791666666666,0.0,35.541666666666664,20.458333333333332,11.416666666666666,33.916666666666664,296.0416666666667,243.875,52.166666666666664,333.70416666666665,8.9,12.379166666666668,261.875,265.2083333333333,23.166666666666668,0.21333333333333335,0.78875,27.349999999999998,26.97083333333333,26.3,25.8,0.16433333333333333,0.15991666666666668,0.16045833333333334,0.24758333333333335
2022-09-25,si,27.4375,80.0,23.59166666666667,32.725,1011.2125,988.0666666666666,0.0,45.0,28.291666666666668,12.833333333333334,48.208333333333336,281.0833333333333,228.25,52.833333333333336,309.2291666666667,10.450000000000001,14.470833333333333,259.5416666666667,263.3333333333333,28.204166666666666,0.19999999999999998,0.7558333333333334,27.3625,27.133333333333336,26.34583333333333,25.862499999999997,0.15541666666666668,0.15633333333333332,0.1595,0.247
2022-09-26,si,27.375,77.75,23.05,32.12083333333333,1011.0124999999999,987.85,0.0,37.666666666666664,19.125,9.208333333333334,50.5,296.5,243.625,52.875,332.8375,12.475,17.004166666666666,257.75,261.9166666666667,31.104166666666668,0.2041666666666667,0.8441666666666667,27.625,27.266666666666666,26.433333333333334,25.899999999999995,0.14866666666666664,0.15275,0.15854166666666666,0.24662499999999998
2022-09-27,si,27.212500000000002,75.58333333333333,22.34166666666667,31.429166666666664,1009.8083333333334,986.6583333333333,0.0,24.166666666666668,17.208333333333332,0.7083333333333334,27.541666666666668,311.5,265.75,45.75,362.80833333333334,10.570833333333333,14.445833333333333,258.1666666666667,261.7083333333333,26.075,0.22375,0.93,27.583333333333332,27.304166666666664,26.516666666666666,25.899999999999995,0.137875,0.14879166666666666,0.1575,0.246
2022-09-28,si,27.02916666666667,77.20833333333333,22.525000000000002,31.920833333333334,1009.1666666666666,986.0291666666667,0.0,28.125,15.291666666666666,16.75,14.083333333333334,299.25,248.70833333333334,50.541666666666664,334.4375,8.174999999999999,11.4625,260.0,262.8333333333333,21.545833333333334,0.215,0.86,27.40833333333333,27.270833333333332,26.600000000000005,25.899999999999995,0.12695833333333334,0.14475,0.1565,0.24558333333333335
2022-09-29,si,27.125,80.875,23.40833333333333,33.18333333333333,1009.7458333333334,986.6291666666666,0.0,37.875,14.125,7.75,68.41666666666667,289.0,232.79166666666666,56.208333333333336,315.1458333333333,5.641666666666667,8.108333333333333,250.91666666666666,254.04166666666666,15.441666666666665,0.20958333333333334,0.7308333333333333,27.120833333333334,27.03333333333333,26.600000000000005,25.899999999999995,0.11941666666666667,0.14108333333333334,0.1555,0.245
2022-09-30,si,26.133333333333336,89.45833333333333,24.233333333333334,32.55416666666667,1010.9333333333334,987.7291666666666,0.0,53.75,21.916666666666668,17.0,93.20833333333333,213.95833333333334,112.16666666666667,101.79166666666667,138.6375,4.545833333333333,6.6875,236.75,238.95833333333334,15.554166666666667,0.15625,0.3629166666666667,25.791666666666668,26.5125,26.600000000000005,25.899999999999995,0.17508333333333334,0.14029166666666668,0.155,0.245
2022-10-01,si,26.55,88.08333333333333,24.375,33.19166666666667,1010.6416666666668,987.4833333333332,0.0,58.208333333333336,29.333333333333332,12.958333333333334,88.20833333333333,226.25,150.79166666666666,75.45833333333333,192.32916666666665,4.620833333333334,6.7875000000000005,258.9583333333333,264.7916666666667,14.129166666666668,0.165,0.4275,26.208333333333332,26.2625,26.525000000000002,25.899999999999995,0.23795833333333336,0.15341666666666667,0.155,0.24433333333333332
2022-10-02,si,26.75,86.875,24.366666666666664,32.84166666666667,1009.4708333333333,986.3541666666666,0.0,57.583333333333336,31.041666666666668,19.916666666666668,59.875,223.70833333333334,135.125,88.58333333333333,182.40416666666667,7.2,9.908333333333333,256.125,259.5416666666667,16.683333333333334,0.16208333333333333,0.4770833333333333,26.258333333333336,26.241666666666664,26.491666666666664,25.933333333333334,0.23950000000000002,0.17437499999999997,0.15445833333333334,0.244
2022-10-03,si,26.504166666666666,87.0,24.120833333333334,32.775,1009.9125,986.7833333333333,0.0,51.125,19.583333333333332,26.083333333333332,60.583333333333336,249.5,181.33333333333334,68.16666666666667,235.6625,8.0625,11.174999999999999,261.0416666666667,264.625,17.491666666666667,0.17708333333333334,0.46458333333333335,26.416666666666668,26.366666666666664,26.404166666666665,26.0,0.25504166666666667,0.19079166666666666,0.154,0.244
2022-10-04,si,26.575,87.83333333333333,24.28333333333333,32.46666666666667,1010.3916666666668,987.2583333333333,0.0,52.666666666666664,16.875,42.166666666666664,45.791666666666664,215.75,125.20833333333333,90.54166666666667,171.9958333333333,8.895833333333334,12.354166666666666,260.9583333333333,264.5833333333333,20.520833333333332,0.15833333333333333,0.4604166666666667,26.6125,26.474999999999998,26.399999999999995,26.0,0.28225,0.226625,0.15475,0.24354166666666666
2022-10-05,si,26.40833333333333,87.33333333333333,24.058333333333334,32.92916666666667,1010.7208333333333,987.6083333333332,0.0,55.75,21.625,21.875,83.875,260.3333333333333,182.45833333333334,77.875,238.95000000000002,9.108333333333333,12.904166666666667,267.125,270.2916666666667,20.9875,0.19041666666666665,0.4633333333333333,26.420833333333334,26.495833333333334,26.399999999999995,26.0,0.289,0.2592083333333333,0.15725,0.243
2022-10-06,si,26.258333333333336,88.20833333333333,24.058333333333334,31.933333333333334,1011.4166666666666,988.2208333333333,0.0,65.08333333333333,34.833333333333336,37.416666666666664,87.125,213.25,137.375,75.875,182.57916666666665,9.095833333333333,12.8125,264.2916666666667,267.9166666666667,23.925,0.14833333333333334,0.4295833333333334,25.945833333333336,26.170833333333334,26.395833333333332,26.0,0.31020833333333336,0.28775,0.16354166666666667,0.243
2022-10-07,si,26.504166666666666,88.45833333333333,24.400000000000002,33.11666666666667,1010.5541666666667,987.4166666666666,0.0,63.5,34.625,12.25,98.45833333333333,228.5,132.45833333333334,96.04166666666667,168.79999999999998,9.191666666666666,12.954166666666666,268.9166666666667,273.9583333333333,23.808333333333334,0.16625,0.4170833333333333,26.233333333333334,26.191666666666666,26.3,26.0,0.2992916666666667,0.29433333333333334,0.17870833333333333,0.243
2022-10-08,si,26.670833333333334,89.0,24.645833333333332,34.15416666666667,1010.8625000000001,987.7791666666667,0.0,74.29166666666667,43.208333333333336,32.791666666666664,92.125,245.04166666666666,156.66666666666666,88.375,193.8166666666667,8.0375,12.004166666666668,272.0,279.375,20.341666666666665,0.18208333333333335,0.4079166666666667,26.53333333333333,26.3625,26.3,26.0,0.28941666666666666,0.28425,0.18795833333333334,0.24254166666666666
2022-10-09,si,27.066666666666666,87.875,24.8625,34.37916666666667,1011.2791666666667,988.1875,0.0,48.708333333333336,18.458333333333332,18.166666666666668,70.54166666666667,257.5,191.58333333333334,65.91666666666667,259.47499999999997,7.95,11.358333333333334,264.4166666666667,269.9583333333333,22.724999999999998,0.18541666666666667,0.44375000000000003,26.808333333333334,26.650000000000002,26.3,26.0,0.28791666666666665,0.2750416666666667,0.19370833333333334,0.242
2022-10-10,si,27.141666666666666,85.375,24.433333333333334,34.291666666666664,1011.8041666666667,988.6833333333334,0.0,49.833333333333336,14.166666666666666,14.083333333333334,95.25,251.16666666666666,155.29166666666666,95.875,196.275,6.7625,9.679166666666667,261.4166666666667,266.1666666666667,19.795833333333334,0.18458333333333332,0.5445833333333333,26.8875,26.75,26.34166666666667,26.0,0.2964583333333333,0.282375,0.199125,0.242
2022-10-11,si,26.770833333333332,85.83333333333333,24.145833333333332,33.016666666666666,1011.2291666666666,988.0749999999999,0.0,42.125,14.625,18.416666666666668,59.791666666666664,270.5416666666667,204.54166666666666,66.0,260.53749999999997,7.229166666666667,10.320833333333333,257.625,260.875,20.7,0.19499999999999998,0.5229166666666667,26.670833333333334,26.650000000000002,26.399999999999995,26.0,0.29375,0.2848333333333333,0.20566666666666666,0.242
2022-10-12,si,26.633333333333336,86.54166666666667,24.179166666666664,32.920833333333334,1011.1875,988.0333333333333,0.0,62.625,32.333333333333336,28.625,66.625,244.375,163.66666666666666,80.70833333333333,222.2458333333333,8.4375,12.020833333333334,261.3333333333333,265.0833333333333,23.708333333333332,0.1675,0.4808333333333334,26.495833333333334,26.47083333333333,26.399999999999995,26.0,0.29875,0.2893333333333333,0.21237499999999998,0.242
2022-10-13,si,26.891666666666666,84.04166666666667,23.883333333333336,32.65416666666667,1010.4166666666666,987.2916666666666,0.0,36.708333333333336,19.625,17.5,28.25,283.5833333333333,224.83333333333334,58.75,303.48333333333335,9.641666666666667,13.504166666666668,266.875,271.375,22.97083333333333,0.20625000000000002,0.5929166666666666,26.641666666666666,26.558333333333334,26.399999999999995,26.0,0.28458333333333335,0.2840833333333333,0.21941666666666668,0.242
2022-10-14,si,26.641666666666666,87.125,24.270833333333332,33.5875,1009.3000000000001,986.2166666666667,0.0,59.583333333333336,29.083333333333332,17.833333333333332,89.20833333333333,271.9166666666667,204.0,67.91666666666667,271.77916666666664,6.966666666666666,9.991666666666667,262.8333333333333,268.1666666666667,18.479166666666668,0.19416666666666668,0.4679166666666667,26.537499999999998,26.554166666666664,26.399999999999995,26.008333333333336,0.2820416666666667,0.2767916666666667,0.223625,0.24129166666666665
2022-10-15,si,26.729166666666668,87.54166666666667,24.46666666666667,33.88333333333333,1009.9875000000001,986.9,0.0,58.083333333333336,36.166666666666664,36.791666666666664,26.166666666666668,292.5,242.91666666666666,49.583333333333336,319.97083333333336,7.6375,10.9625,264.9583333333333,269.5,20.5625,0.20958333333333334,0.45875,26.704166666666666,26.587500000000002,26.399999999999995,26.100000000000005,0.2735416666666667,0.27045833333333336,0.22670833333333332,0.241
2022-10-16,si,26.979166666666668,85.375,24.304166666666664,33.270833333333336,1011.2166666666667,988.0791666666668,0.0,52.666666666666664,23.041666666666668,23.208333333333332,70.04166666666667,275.9583333333333,206.95833333333334,69.0,281.87083333333334,9.295833333333333,13.091666666666667,263.9583333333333,269.125,23.616666666666664,0.19166666666666665,0.5379166666666667,26.733333333333334,26.587500000000002,26.399999999999995,26.100000000000005,0.27145833333333336,0.2654166666666667,0.22854166666666667,0.241
2022-10-17,si,26.758333333333336,87.45833333333333,24.454166666666666,32.458333333333336,1010.8541666666666,987.6916666666666,0.0,67.16666666666667,33.0,18.666666666666668,98.08333333333333,248.95833333333334,162.125,86.83333333333333,202.875,10.270833333333334,14.15,262.5416666666667,267.2916666666667,25.554166666666664,0.17208333333333334,0.4583333333333333,26.662499999999998,26.7375,26.4375,26.100000000000005,0.29033333333333333,0.274,0.23024999999999998,0.241
2022-10-18,si,25.354166666666668,96.875,24.816666666666666,31.520833333333332,1010.2125,986.9708333333333,0.0,98.29166666666667,47.791666666666664,83.08333333333333,99.58333333333333,103.58333333333333,28.333333333333332,75.25,31.25,5.4375,7.620833333333334,262.0833333333333,258.7916666666667,13.733333333333334,0.07833333333333332,0.10958333333333332,25.53333333333333,25.991666666666664,26.420833333333334,26.100000000000005,0.33025,0.311375,0.23854166666666665,0.241
2022-10-19,si,25.52916666666667,94.0,24.458333333333332,33.5,1010.5291666666667,987.375,0.0,80.75,37.333333333333336,38.541666666666664,99.0,166.91666666666666,50.791666666666664,116.125,63.7875,3.7708333333333335,5.1875,151.16666666666666,132.95833333333334,14.804166666666667,0.1225,0.20375,25.2625,25.554166666666664,26.275000000000002,26.100000000000005,0.33283333333333337,0.3302916666666667,0.2620416666666667,0.241
2022-10-20,si,26.358333333333334,89.625,24.495833333333334,33.55416666666667,1011.0500000000001,987.9083333333333,0.0,71.375,38.875,22.875,96.79166666666667,235.75,138.54166666666666,97.20833333333333,179.92499999999998,5.741666666666667,8.362499999999999,57.416666666666664,59.541666666666664,19.6,0.16916666666666666,0.3625,25.883333333333336,25.754166666666666,26.133333333333336,26.100000000000005,0.29833333333333334,0.3065833333333333,0.2767916666666667,0.24183333333333334
2022-10-21,si,26.325,92.16666666666667,24.941666666666666,34.2875,1011.7624999999999,988.625,0.0,47.208333333333336,17.916666666666668,11.791666666666666,79.83333333333333,267.7083333333333,186.20833333333334,81.5,243.48749999999998,5.891666666666667,8.433333333333334,67.16666666666667,68.66666666666667,19.629166666666666,0.18625,0.27791666666666665,26.133333333333336,26.104166666666668,26.100000000000005,26.100000000000005,0.3037083333333333,0.30024999999999996,0.2805,0.24262499999999998
2022-10-23,si,27.020833333333332,86.95833333333333,24.6125,34.733333333333334,1010.6541666666667,987.5708333333333,0.0,60.791666666666664,34.625,19.625,62.458333333333336,285.375,223.83333333333334,61.541666666666664,290.31666666666666,3.8333333333333335,5.1125,236.25,240.58333333333334,13.445833333333333,0.21208333333333332,0.4891666666666667,26.84583333333333,26.570833333333336,26.166666666666668,26.100000000000005,0.30120833333333336,0.2999583333333333,0.28529166666666667,0.24475
2022-10-24,si,26.90833333333333,86.58333333333333,24.454166666666666,33.516666666666666,1010.4125,987.2791666666667,0.0,80.625,40.875,31.625,91.58333333333333,251.16666666666666,166.41666666666666,84.75,205.225,6.3125,8.708333333333334,245.625,247.04166666666666,16.3125,0.18416666666666667,0.49041666666666667,26.587500000000002,26.604166666666668,26.2375,26.100000000000005,0.313125,0.3100833333333333,0.28875,0.246
2022-10-25,si,26.391666666666666,88.83333333333333,24.34166666666667,32.86666666666667,1010.7375000000001,987.5749999999999,0.0,74.375,39.625,26.416666666666668,78.375,230.29166666666666,137.29166666666666,93.0,171.8083333333333,7.704166666666667,10.637500000000001,239.25,241.25,19.820833333333333,0.16458333333333333,0.40041666666666664,26.170833333333334,26.266666666666666,26.3,26.100000000000005,0.32366666666666666,0.32204166666666667,0.2953333333333333,0.24754166666666666
2022-10-26,si,26.491666666666664,87.75,24.258333333333336,33.13333333333333,1010.3083333333334,987.1666666666666,0.0,76.20833333333333,38.875,24.208333333333332,97.95833333333333,234.875,140.66666666666666,94.20833333333333,184.6,7.295833333333333,9.887500000000001,247.125,248.70833333333334,18.7375,0.16625,0.4383333333333333,26.358333333333334,26.316666666666666,26.266666666666666,26.100000000000005,0.31708333333333333,0.32125,0.303875,0.24983333333333335
2022-10-27,si,25.77916666666667,92.29166666666667,24.354166666666668,32.25416666666667,1009.3208333333333,986.1750000000001,0.0,86.66666666666667,48.166666666666664,39.0,98.54166666666667,202.66666666666666,102.16666666666667,100.5,121.87083333333334,7.691666666666666,10.695833333333333,248.54166666666666,249.125,18.7375,0.14666666666666667,0.28125,26.037499999999998,26.1375,26.2375,26.100000000000005,0.32304166666666667,0.3247083333333333,0.3090833333333333,0.252625
2022-10-28,si,26.575,78.79166666666667,22.491666666666664,31.125,1009.3000000000001,986.1625,0.0,59.916666666666664,20.958333333333332,23.791666666666668,92.04166666666667,278.75,205.16666666666666,73.58333333333333,274.2708333333333,10.3375,14.375,248.58333333333334,248.70833333333334,25.7375,0.20041666666666666,0.7583333333333333,26.054166666666664,26.054166666666664,26.2,26.100000000000005,0.29983333333333334,0.3167083333333333,0.3139166666666667,0.25604166666666667
2022-10-29,si,26.479166666666668,77.58333333333333,22.179166666666664,31.233333333333334,1009.0708333333333,985.9541666666668,0.0,38.208333333333336,11.541666666666666,9.125,74.5,294.375,234.875,59.5,315.87916666666666,8.745833333333334,12.520833333333334,253.91666666666666,254.5,21.787499999999998,0.22,0.79625,26.304166666666664,26.22083333333333,26.2,26.100000000000005,0.2750416666666667,0.29116666666666663,0.3102916666666667,0.25933333333333336
2022-10-30,si,26.708333333333332,78.75,22.645833333333332,31.983333333333334,1009.4458333333333,986.35,0.0,37.916666666666664,12.666666666666666,13.75,60.333333333333336,305.4583333333333,251.0,54.458333333333336,336.89166666666665,8.7875,12.120833333333332,254.54166666666666,254.0,22.883333333333336,0.22416666666666665,0.7712500000000001,26.295833333333334,26.22083333333333,26.2,26.100000000000005,0.26004166666666667,0.27183333333333337,0.30516666666666664,0.262
2022-10-31,si,26.816666666666666,80.0,23.008333333333336,32.44583333333333,1009.7166666666667,986.5958333333333,0.0,49.541666666666664,15.875,31.125,54.916666666666664,290.3333333333333,214.58333333333334,75.75,284.1333333333333,6.1375,8.716666666666667,256.7916666666667,256.4583333333333,17.779166666666665,0.2125,0.7312500000000001,26.366666666666664,26.34583333333333,26.2,26.100000000000005,0.24520833333333333,0.25766666666666665,0.2997916666666666,0.2639166666666667
2022-11-01,si,26.775000000000002,79.79166666666667,22.820833333333336,33.675000000000004,1010.3458333333333,987.25,0.0,33.166666666666664,18.166666666666668,16.833333333333332,22.333333333333332,306.8333333333333,257.375,49.458333333333336,349.375,5.941666666666666,8.775,264.4166666666667,268.1666666666667,16.370833333333334,0.22416666666666665,0.7620833333333333,26.47083333333333,26.358333333333334,26.208333333333332,26.100000000000005,0.23416666666666666,0.246125,0.2945833333333333,0.26533333333333337
2022-11-02,si,27.129166666666666,81.16666666666667,23.537499999999998,34.516666666666666,1010.6416666666668,987.5666666666666,0.0,60.083333333333336,24.958333333333332,27.291666666666668,84.54166666666667,289.2083333333333,225.75,63.458333333333336,297.8208333333333,5.8625,8.945833333333333,265.0833333333333,269.7916666666667,16.808333333333334,0.21333333333333335,0.7029166666666667,26.629166666666666,26.5125,26.25,26.100000000000005,0.24433333333333332,0.23945833333333333,0.289875,0.26629166666666665
2022-11-03,si,27.808333333333334,80.58333333333333,24.05,34.87916666666667,1010.5500000000001,987.4791666666666,0.0,62.083333333333336,36.166666666666664,19.75,65.83333333333333,307.25,255.29166666666666,51.958333333333336,344.9166666666667,4.166666666666667,6.175,229.25,229.83333333333334,11.924999999999999,0.22666666666666666,0.7516666666666666,27.0125,26.7,26.30416666666667,26.100000000000005,0.24741666666666665,0.23904166666666668,0.2857916666666666,0.267
2022-11-04,si,27.204166666666666,87.95833333333333,25.0,34.68333333333333,1012.1041666666666,988.9708333333333,0.0,56.0,16.416666666666668,24.083333333333332,90.875,280.5833333333333,210.66666666666666,69.91666666666667,271.05833333333334,5.583333333333333,8.145833333333334,270.3333333333333,276.0416666666667,16.270833333333332,0.205,0.44916666666666666,27.066666666666666,26.925,26.3875,26.100000000000005,0.27775,0.24829166666666666,0.2826666666666666,0.26783333333333337
2022-11-05,si,27.55,86.16666666666667,24.9875,34.824999999999996,1012.2291666666666,989.1083333333332,0.0,65.95833333333333,34.5,21.583333333333332,78.875,295.9583333333333,231.0,64.95833333333333,314.6666666666667,4.845833333333333,7.158333333333334,263.75,268.5,15.670833333333334,0.21541666666666667,0.5258333333333333,27.195833333333336,26.941666666666666,26.4375,26.100000000000005,0.27870833333333334,0.26995833333333336,0.28075,0.268
2022-11-06,si,26.599999999999998,89.83333333333333,24.77916666666667,34.75,1011.9541666666668,988.8583333333332,0.0,53.916666666666664,23.291666666666668,19.0,73.125,284.0833333333333,219.08333333333334,65.0,282.1041666666667,5.483333333333333,7.841666666666666,266.875,270.75,16.279166666666665,0.2070833333333333,0.3641666666666667,26.712500000000002,26.808333333333334,26.5,26.133333333333336,0.3010833333333333,0.2848333333333333,0.2801666666666667,0.26837500000000003
2022-11-07,si,26.195833333333336,90.20833333333333,24.412499999999998,33.487500000000004,1011.6625,988.4791666666666,0.0,65.875,30.041666666666668,16.125,99.125,254.79166666666666,156.16666666666666,98.625,196.34166666666667,4.195833333333334,6.0874999999999995,261.0416666666667,266.0833333333333,14.049999999999999,0.18499999999999997,0.35083333333333333,26.295833333333334,26.47083333333333,26.5,26.2,0.299625,0.29991666666666666,0.2829583333333333,0.269
2022-11-08,si,26.704166666666666,86.70833333333333,24.2375,34.1,1011.0875,987.9583333333334,0.0,54.416666666666664,15.541666666666666,23.166666666666668,88.04166666666667,254.375,182.125,72.25,219.09583333333333,4.858333333333333,6.895833333333333,258.2916666666667,263.4583333333333,14.1875,0.18916666666666668,0.4870833333333333,26.45,26.45,26.5,26.2,0.305625,0.30245833333333333,0.28562499999999996,0.26937500000000003
2022-11-09,si,25.724999999999998,93.125,24.525000000000002,34.00833333333333,1010.8416666666667,987.7041666666668,0.0,69.58333333333333,12.541666666666666,51.5,94.875,174.125,67.875,106.25,87.3125,3.266666666666667,4.929166666666666,278.75,291.625,12.225,0.13083333333333333,0.23416666666666666,25.724999999999998,26.054166666666664,26.420833333333334,26.2,0.31708333333333333,0.31425,0.29075,0.27016666666666667
2022-11-10,si,26.40416666666667,88.875,24.34166666666667,34.025,1010.0708333333333,986.9625,0.0,63.666666666666664,15.5,55.0,55.625,269.7916666666667,190.41666666666666,79.375,252.9,3.029166666666667,4.095833333333333,193.16666666666666,166.33333333333334,12.416666666666666,0.19875,0.41583333333333333,26.195833333333336,26.133333333333336,26.320833333333336,26.2,0.304,0.3114166666666667,0.2975,0.27133333333333337
2022-11-12,si,26.90416666666667,87.0,24.5125,34.825,1008.9833333333332,985.9375,0.0,63.291666666666664,30.708333333333332,17.291666666666668,97.08333333333333,265.3333333333333,168.04166666666666,97.29166666666667,222.64583333333334,2.891666666666667,4.125,247.625,235.5,13.783333333333333,0.19791666666666666,0.47625,26.683333333333334,26.504166666666666,26.316666666666666,26.2,0.290375,0.30541666666666667,0.30233333333333334,0.27429166666666666
2022-11-13,si,26.25,91.16666666666667,24.695833333333336,34.800000000000004,1009.3958333333334,986.3333333333334,0.0,62.291666666666664,21.625,24.041666666666668,99.375,248.25,137.08333333333334,111.16666666666667,180.03333333333333,3.1,4.591666666666667,214.70833333333334,215.58333333333334,13.633333333333333,0.18583333333333332,0.30916666666666665,26.241666666666664,26.400000000000002,26.358333333333334,26.2,0.30333333333333334,0.30383333333333334,0.30141666666666667,0.27575
2022-11-14,si,26.741666666666664,89.875,24.879166666666666,35.012499999999996,1009.2916666666666,986.2375000000001,0.0,60.333333333333336,24.041666666666668,18.541666666666668,98.75,266.0833333333333,169.20833333333334,96.875,214.3125,3.0416666666666665,4.579166666666667,238.04166666666666,236.58333333333334,11.9375,0.19833333333333333,0.375,26.458333333333332,26.379166666666666,26.333333333333332,26.2,0.31083333333333335,0.3144166666666667,0.30416666666666664,0.2774166666666667
2022-11-15,si,26.125,93.33333333333333,24.933333333333334,34.858333333333334,1009.1208333333334,986.0541666666667,0.0,62.708333333333336,30.875,16.083333333333332,97.45833333333333,245.83333333333334,154.16666666666666,91.66666666666667,194.73749999999998,4.629166666666666,6.3625,136.54166666666666,137.79166666666666,13.541666666666666,0.18083333333333332,0.24166666666666667,26.125,26.270833333333332,26.3125,26.2,0.32675,0.32508333333333334,0.30804166666666666,0.27920833333333334
2022-11-16,si,25.754166666666666,94.625,24.795833333333334,34.18333333333333,1008.6708333333332,985.5958333333333,0.0,74.79166666666667,15.541666666666666,59.291666666666664,99.16666666666667,158.54166666666666,49.0,109.54166666666667,64.90833333333333,4.175,6.045833333333333,133.375,121.08333333333333,13.7125,0.11666666666666665,0.1875,25.479166666666668,25.829166666666666,26.287499999999998,26.2,0.33195833333333336,0.33549999999999996,0.3192916666666667,0.28191666666666665
2022-11-17,si,26.958333333333332,89.70833333333333,25.03333333333333,35.137499999999996,1008.3874999999999,985.4041666666667,0.0,74.20833333333333,7.625,74.375,75.58333333333333,209.66666666666666,102.20833333333333,107.45833333333333,145.30416666666665,2.6083333333333334,3.8625000000000003,217.58333333333334,234.91666666666666,9.645833333333334,0.16125,0.39749999999999996,26.483333333333334,26.1375,26.2,26.2,0.315,0.3205,0.322875,0.2857083333333333
2022-11-18,si,26.795833333333334,89.41666666666667,24.829166666666666,33.074999999999996,1009.2291666666666,986.15,0.0,86.08333333333333,17.958333333333332,78.45833333333333,97.0,140.29166666666666,40.333333333333336,99.95833333333333,56.074999999999996,6.5625,9.266666666666667,256.4583333333333,257.625,17.904166666666665,0.1075,0.3933333333333333,26.295833333333334,26.28333333333333,26.2,26.2,0.32583333333333336,0.33058333333333334,0.32358333333333333,0.2894583333333333
2022-11-19,si,26.695833333333336,89.54166666666667,24.787499999999998,33.199999999999996,1008.3708333333334,985.2958333333332,0.0,50.833333333333336,12.708333333333334,16.208333333333332,99.95833333333333,188.20833333333334,65.29166666666667,122.91666666666667,80.41250000000001,5.141666666666667,7.175,160.20833333333334,147.08333333333334,11.325000000000001,0.14083333333333334,0.37833333333333335,25.9375,26.166666666666668,26.2,26.2,0.31004166666666666,0.3177083333333333,0.3235,0.29320833333333335
2022-11-20,si,27.116666666666664,84.20833333333333,24.141666666666666,34.19583333333333,1007.5916666666667,984.5875,0.0,65.875,36.208333333333336,20.333333333333332,74.58333333333333,296.5,234.75,61.75,320.25,4.8625,6.2749999999999995,113.58333333333333,132.20833333333334,13.395833333333334,0.21958333333333335,0.5945833333333334,26.520833333333332,26.2375,26.2,26.2,0.28350000000000003,0.29633333333333334,0.3199166666666667,0.29620833333333335
2022-11-21,si,26.412499999999998,90.45833333333333,24.683333333333334,33.975,1008.0583333333334,985.0124999999999,0.0,63.0,23.166666666666668,31.208333333333332,84.70833333333333,277.0833333333333,207.875,69.20833333333333,282.12916666666666,5.433333333333334,7.449999999999999,111.125,110.54166666666667,16.816666666666666,0.20125,0.3425,26.441666666666666,26.474999999999998,26.229166666666668,26.2,0.2904583333333333,0.28320833333333334,0.315,0.298375
2022-11-22,si,26.599999999999998,88.70833333333333,24.5625,34.541666666666664,1009.1083333333332,986.0375,0.0,59.958333333333336,16.541666666666668,30.125,92.5,232.58333333333334,146.54166666666666,86.04166666666667,190.625,4.129166666666666,5.75,179.33333333333334,176.41666666666666,14.095833333333333,0.17250000000000001,0.40166666666666667,26.083333333333332,26.208333333333332,26.266666666666666,26.2,0.2997916666666667,0.2900416666666667,0.31095833333333334,0.2997083333333333
2022-11-24,si,25.8125,93.58333333333333,24.679166666666664,33.18333333333333,1011.0541666666667,987.8791666666666,0.0,76.79166666666667,35.583333333333336,42.125,98.04166666666667,211.625,105.08333333333333,106.54166666666667,127.325,2.8541666666666665,3.970833333333333,232.20833333333334,227.16666666666666,10.883333333333333,0.15791666666666668,0.22708333333333333,26.03333333333333,26.104166666666668,26.2,26.2,0.3275416666666667,0.3302916666666667,0.31625,0.301875
2022-11-25,si,26.224999999999998,90.16666666666667,24.47083333333333,33.34583333333333,1011.2166666666667,988.0708333333333,0.0,61.25,16.416666666666668,27.958333333333332,99.41666666666667,197.125,87.04166666666667,110.08333333333333,118.58333333333333,3.341666666666667,4.379166666666666,148.625,149.83333333333334,10.612499999999999,0.1425,0.3475,25.920833333333334,25.991666666666664,26.2,26.2,0.3050833333333333,0.32083333333333336,0.32275000000000004,0.304
2022-11-26,si,26.116666666666664,89.20833333333333,24.150000000000002,34.50833333333333,1010.8416666666667,987.725,0.0,69.16666666666667,37.166666666666664,30.625,95.33333333333333,262.75,180.75,82.0,224.36249999999998,2.3291666666666666,2.8958333333333335,171.875,180.66666666666666,11.420833333333334,0.19458333333333333,0.38375,25.900000000000002,25.974999999999998,26.137500000000003,26.2,0.3052916666666667,0.30595833333333333,0.32004166666666667,0.3060833333333333
2022-11-27,si,25.474999999999998,92.91666666666667,24.22083333333333,33.550000000000004,1009.6125000000001,986.5124999999999,0.0,70.45833333333333,23.25,37.083333333333336,98.625,188.04166666666666,68.125,119.91666666666667,90.1125,4.258333333333334,5.695833333333333,151.04166666666666,152.91666666666666,12.166666666666666,0.13916666666666666,0.24708333333333332,25.400000000000002,25.708333333333332,26.100000000000005,26.2,0.3154166666666667,0.317625,0.31875000000000003,0.3075833333333333
2022-11-28,si,26.358333333333334,90.25,24.6375,33.74583333333333,1009.5500000000001,986.4416666666666,0.0,70.70833333333333,23.083333333333332,35.416666666666664,99.16666666666667,204.58333333333334,89.66666666666667,114.91666666666667,109.28333333333335,2.85,3.85,231.20833333333334,222.70833333333334,11.875,0.15208333333333332,0.345,25.866666666666664,25.78333333333333,26.016666666666666,26.2,0.3182916666666667,0.3196666666666667,0.3184166666666667,0.30883333333333335
2022-11-29,si,26.620833333333334,89.875,24.795833333333334,32.520833333333336,1009.4791666666666,986.3333333333334,0.0,75.83333333333333,30.75,49.041666666666664,96.29166666666667,167.66666666666666,54.0,113.66666666666667,77.3125,6.054166666666667,8.195833333333333,245.83333333333334,247.625,15.520833333333334,0.12291666666666667,0.365,26.03333333333333,25.96666666666667,26.0,26.2,0.3175,0.31983333333333336,0.319,0.310125
2022-11-30,si,26.491666666666664,88.25,24.3125,33.24166666666667,1009.1374999999999,986.0583333333334,0.0,73.125,43.875,29.5,76.375,260.5416666666667,182.5,78.04166666666667,249.91666666666666,7.908333333333334,11.004166666666668,247.95833333333334,250.29166666666666,19.425,0.18625,0.43166666666666664,26.325,26.204166666666666,26.02916666666667,26.2,0.29841666666666666,0.3092916666666667,0.31808333333333333,0.311
2022-12-01,si,27.004166666666666,81.375,23.5,32.875,1008.0500000000001,984.975,0.0,56.916666666666664,29.416666666666668,12.833333333333334,79.66666666666667,280.25,213.70833333333334,66.54166666666667,296.5125,8.841666666666667,12.3375,251.875,253.83333333333334,21.52916666666667,0.1975,0.6808333333333333,26.479166666666668,26.3625,26.100000000000005,26.2,0.27429166666666666,0.287875,0.315,0.312
2022-12-02,si,26.895833333333332,82.54166666666667,23.620833333333334,32.97083333333333,1007.5958333333333,984.5416666666666,0.0,48.916666666666664,19.5,15.416666666666666,73.41666666666667,300.25,241.41666666666666,58.833333333333336,329.8666666666667,6.445833333333333,9.5,248.70833333333334,249.54166666666666,17.962500000000002,0.21833333333333335,0.6379166666666667,26.520833333333332,26.412499999999998,26.133333333333336,26.2,0.2577916666666667,0.26895833333333335,0.31033333333333335,0.312
2022-12-03,si,26.870833333333334,86.16666666666667,24.320833333333336,33.199999999999996,1008.1583333333333,985.0625,0.0,57.416666666666664,25.666666666666668,27.583333333333332,62.25,272.4583333333333,203.29166666666666,69.16666666666667,283.09166666666664,6.120833333333334,8.875,253.875,254.70833333333334,15.8125,0.19166666666666665,0.50375,26.53333333333333,26.445833333333336,26.2,26.2,0.27258333333333334,0.261875,0.30466666666666664,0.3115833333333333
2022-12-04,si,26.587500000000002,88.125,24.420833333333334,34.270833333333336,1008.9375,985.8541666666666,0.0,71.25,30.416666666666668,33.458333333333336,91.375,291.0,218.04166666666666,72.95833333333333,296.8333333333333,3.2583333333333333,4.8125,245.5,246.45833333333334,12.179166666666667,0.20958333333333334,0.42583333333333334,26.166666666666668,26.2625,26.2,26.2,0.2986666666666667,0.28350000000000003,0.2999583333333333,0.311
2022-12-05,si,26.224999999999998,89.33333333333333,24.291666666666668,33.88333333333333,1009.4250000000001,986.3249999999999,0.0,59.958333333333336,20.666666666666668,30.375,86.04166666666667,253.58333333333334,173.20833333333334,80.375,237.97083333333333,4.520833333333333,5.641666666666667,53.5,59.625,14.095833333333333,0.1825,0.3766666666666667,25.854166666666668,26.025000000000002,26.2,26.2,0.299,0.3005,0.297375,0.311
2022-12-06,si,27.183333333333334,84.66666666666667,24.358333333333334,35.137499999999996,1008.7041666666668,985.6750000000001,0.0,50.833333333333336,17.375,20.916666666666668,75.5,288.5416666666667,222.79166666666666,65.75,311.23333333333335,3.1875,3.920833333333333,196.0,198.95833333333334,11.700000000000001,0.21291666666666667,0.5616666666666666,26.4875,26.224999999999998,26.191666666666666,26.2,0.29720833333333335,0.30004166666666665,0.295375,0.311
2022-12-07,si,27.695833333333336,81.33333333333333,24.1375,35.49583333333333,1008.4499999999999,985.4541666666668,0.0,54.625,25.833333333333332,20.958333333333332,69.33333333333333,297.8333333333333,246.29166666666666,51.541666666666664,331.6041666666667,4.316666666666666,6.020833333333333,242.5,246.16666666666666,14.983333333333334,0.22375,0.7141666666666667,26.599999999999998,26.516666666666666,26.22083333333333,26.2,0.2806666666666667,0.29354166666666665,0.29283333333333333,0.3105833333333333
2022-12-08,si,27.525000000000002,76.54166666666667,22.954166666666666,34.74166666666667,1008.8874999999999,985.85,0.0,63.333333333333336,30.666666666666668,30.708333333333332,74.58333333333333,304.875,248.45833333333334,56.416666666666664,349.1041666666667,6.199999999999999,9.391666666666667,280.5833333333333,282.5416666666667,17.666666666666668,0.22333333333333336,0.8937499999999999,26.770833333333332,26.479166666666668,26.258333333333336,26.2,0.2707083333333334,0.2801666666666667,0.2885833333333333,0.31
2022-12-09,si,27.087500000000002,83.66666666666667,23.9375,34.0375,1008.5833333333334,985.5791666666668,0.0,20.5,6.125,9.958333333333334,29.708333333333332,304.0833333333333,252.25,51.833333333333336,351.50416666666666,9.054166666666667,13.15,263.0833333333333,267.375,23.883333333333336,0.22458333333333333,0.6275000000000001,26.995833333333334,26.84583333333333,26.329166666666666,26.2,0.265125,0.27120833333333333,0.2835833333333333,0.309875
2022-12-10,si,27.366666666666664,83.08333333333333,24.145833333333332,34.47083333333333,1009.275,986.2541666666666,0.0,44.375,10.0,12.541666666666666,92.79166666666667,294.25,236.5,57.75,327.96666666666664,7.254166666666666,10.1875,252.25,256.875,20.3875,0.2175,0.6475,26.979166666666668,26.829166666666666,26.412499999999998,26.2,0.254625,0.26258333333333334,0.278125,0.309
2022-12-11,si,27.40416666666667,85.83333333333333,24.741666666666664,34.80416666666667,1009.2375000000001,986.2041666666668,0.0,43.416666666666664,11.958333333333334,16.416666666666668,76.375,295.2083333333333,232.70833333333334,62.5,319.2416666666667,7.766666666666667,10.8375,257.8333333333333,260.25,20.8,0.21583333333333332,0.5441666666666667,27.079166666666666,26.879166666666666,26.46666666666667,26.2,0.25795833333333335,0.256125,0.27258333333333334,0.3087083333333333
2022-12-12,si,27.633333333333336,84.75,24.745833333333334,35.645833333333336,1009.1999999999999,986.1833333333334,0.0,55.833333333333336,29.958333333333332,16.083333333333332,69.04166666666667,300.2083333333333,243.54166666666666,56.666666666666664,337.8875,5.554166666666667,7.7,259.7916666666667,260.5,16.433333333333334,0.22208333333333333,0.5945833333333334,27.416666666666668,27.1125,26.53333333333333,26.2,0.25433333333333336,0.254625,0.267125,0.308
2022-12-13,si,27.2,86.33333333333333,24.666666666666668,35.30416666666667,1009.4166666666666,986.3958333333334,0.0,43.083333333333336,17.625,19.083333333333332,53.083333333333336,304.0,249.0,55.0,340.90416666666664,3.1,3.9125,242.33333333333334,257.0833333333333,12.5,0.22708333333333333,0.5175,27.108333333333334,27.079166666666666,26.6125,26.2,0.24949999999999997,0.24945833333333334,0.261625,0.307375
2022-12-14,si,26.554166666666664,90.625,24.883333333333336,34.6875,1009.4416666666666,986.3583333333332,0.0,47.875,15.0,13.958333333333334,86.58333333333333,265.0833333333333,182.5,82.58333333333333,241.7875,3.6458333333333335,4.7250000000000005,156.875,146.75,12.466666666666667,0.19125,0.335,26.5125,26.708333333333332,26.61666666666667,26.2,0.28454166666666664,0.26166666666666666,0.256875,0.30683333333333335
2022-12-15,si,26.925,87.08333333333333,24.516666666666666,34.708333333333336,1008.0583333333334,985.0416666666666,0.0,59.916666666666664,25.375,19.208333333333332,86.91666666666667,266.2083333333333,185.66666666666666,80.54166666666667,245.23749999999998,3.6,5.15,239.54166666666666,230.70833333333334,13.3125,0.19791666666666666,0.48625,26.6875,26.633333333333336,26.600000000000005,26.2,0.31416666666666665,0.3050833333333333,0.25754166666666667,0.306
2022-12-16,si,26.229166666666668,89.83333333333333,24.400000000000002,33.0875,1007.7458333333334,984.6625,0.0,78.95833333333333,37.5,41.0,88.95833333333333,218.54166666666666,118.20833333333333,100.33333333333333,144.09166666666667,5.2124999999999995,7.033333333333334,250.33333333333334,253.04166666666666,16.175,0.16,0.35833333333333334,26.304166666666664,26.474999999999998,26.600000000000005,26.233333333333334,0.32304166666666667,0.31520833333333337,0.2635,0.30541666666666667
2022-12-17,si,25.900000000000002,92.83333333333333,24.59583333333333,33.612500000000004,1007.9958333333334,984.9208333333332,0.0,69.5,18.666666666666668,47.333333333333336,86.70833333333333,205.33333333333334,110.5,94.83333333333333,149.3875,4.520833333333333,6.3374999999999995,266.6666666666667,263.9166666666667,15.866666666666667,0.15,0.26166666666666666,26.008333333333336,26.204166666666666,26.520833333333332,26.3,0.333875,0.333,0.280375,0.305
2022-12-18,si,26.491666666666664,87.54166666666667,24.15833333333333,34.641666666666666,1007.1291666666666,984.1374999999999,0.0,39.166666666666664,29.25,13.583333333333334,15.5,281.5416666666667,222.66666666666666,58.875,313.99583333333334,6.120833333333334,8.641666666666667,212.75,212.54166666666666,16.479166666666668,0.20541666666666666,0.46708333333333335,26.570833333333336,26.349999999999998,26.44583333333333,26.3,0.30375,0.320125,0.30245833333333333,0.305
2022-12-19,si,27.295833333333334,82.41666666666667,23.945833333333336,34.266666666666666,1007.15,984.1666666666666,0.0,29.875,15.333333333333334,5.541666666666667,42.375,310.7083333333333,256.6666666666667,54.041666666666664,363.9083333333333,4.3875,6.045833333333333,187.75,185.5,14.066666666666668,0.22999999999999998,0.6658333333333334,26.837500000000002,26.670833333333334,26.45,26.3,0.28629166666666667,0.29916666666666664,0.3035833333333333,0.305
2022-12-20,si,27.7375,80.58333333333333,23.96666666666667,34.050000000000004,1007.1916666666666,984.2041666666668,0.0,32.791666666666664,7.583333333333333,4.125,77.75,317.2916666666667,269.6666666666667,47.625,378.125,6.0249999999999995,8.270833333333334,188.625,188.58333333333334,16.525000000000002,0.23416666666666666,0.75625,27.02916666666667,26.8,26.5,26.3,0.26566666666666666,0.28125,0.301375,0.3045833333333333
2022-12-21,si,27.241666666666664,85.0,24.429166666666664,33.891666666666666,1006.35,983.3625000000001,0.0,49.166666666666664,15.208333333333334,25.708333333333332,67.08333333333333,281.1666666666667,220.75,60.416666666666664,296.64166666666665,6.145833333333333,8.700000000000001,212.5,211.58333333333334,18.929166666666667,0.21083333333333332,0.5666666666666667,27.108333333333334,27.016666666666666,26.541666666666668,26.3,0.26733333333333337,0.26758333333333334,0.29754166666666665,0.304
2022-12-22,si,26.547826086956523,87.47826086956522,24.230434782608693,32.891304347826086,1005.9478260869565,982.9173913043478,0.0,87.04347826086956,26.434782608695652,64.78260869565217,99.69565217391305,200.91304347826087,90.21739130434783,110.69565217391305,122.0391304347826,8.621739130434783,12.326086956521738,216.7826086956522,219.56521739130434,27.956521739130434,0.14391304347826087,0.45521739130434785,26.104347826086954,26.469565217391303,26.6,26.3,0.2930869565217391,0.2738695652173913,0.2939565217391304,0.304
2021-08-02,u,25.241666666666664,90.625,23.608333333333334,28.974999999999998,1012.8833333333333,987.3041666666667,0.0,76.625,56.875,34.625,22.583333333333332,197.29166666666666,139.54166666666666,57.75,213.40416666666667,14.875,18.433333333333334,133.0,133.91666666666666,25.733333333333334,0.12291666666666667,0.29875,25.354166666666668,25.329166666666666,25.399999999999995,25.5,0.056749999999999995,0.06016666666666667,0.07325,0.09100000000000001
2021-08-03,u,25.554166666666664,91.20833333333333,24.0,29.620833333333334,1013.9791666666666,988.3916666666668,0.0,76.20833333333333,55.75,33.833333333333336,29.625,220.70833333333334,167.125,53.583333333333336,251.23333333333335,14.674999999999999,18.466666666666665,123.29166666666667,124.08333333333333,25.59166666666667,0.13708333333333333,0.29333333333333333,25.366666666666664,25.304166666666664,25.337500000000002,25.47083333333333,0.06845833333333333,0.06,0.073,0.09100000000000001
2021-08-04,u,26.120833333333334,90.20833333333333,24.354166666666668,30.433333333333334,1014.0375,988.4958333333334,0.0,49.0,30.708333333333332,19.625,31.625,235.29166666666666,186.08333333333334,49.208333333333336,279.675,14.9625,19.216666666666665,119.91666666666667,119.70833333333333,24.545833333333334,0.15125,0.3416666666666666,25.52916666666667,25.354166666666668,25.3,25.399999999999995,0.07779166666666666,0.061,0.073,0.09100000000000001
2021-08-05,u,26.133333333333336,88.29166666666667,23.991666666666664,30.316666666666666,1014.2041666666668,988.6625,0.0,47.625,26.333333333333332,10.958333333333334,57.583333333333336,244.875,195.83333333333334,49.041666666666664,291.28749999999997,14.508333333333333,18.5,120.125,119.75,23.395833333333332,0.16125,0.41,25.474999999999998,25.366666666666664,25.270833333333332,25.370833333333334,0.07304166666666666,0.06133333333333333,0.072625,0.09100000000000001
2021-08-06,u,26.462500000000002,88.625,24.395833333333332,31.291666666666668,1013.6625,988.1666666666666,0.0,38.208333333333336,13.541666666666666,2.5416666666666665,81.375,248.04166666666666,201.875,46.166666666666664,299.51666666666665,11.970833333333333,15.883333333333333,118.29166666666667,115.83333333333333,18.9875,0.16624999999999998,0.4033333333333333,25.5,25.329166666666666,25.229166666666668,25.3,0.06883333333333334,0.06179166666666667,0.07279166666666666,0.09100000000000001
2021-08-07,u,26.491666666666664,88.375,24.379166666666666,31.837500000000002,1013.4250000000001,987.9250000000001,0.0,54.25,34.375,13.25,55.25,248.95833333333334,201.08333333333334,47.875,300.0791666666667,8.479166666666666,10.820833333333333,117.625,114.16666666666667,15.2125,0.16874999999999998,0.41208333333333336,25.724999999999998,25.458333333333332,25.383333333333336,25.387500000000003,0.06541666666666666,0.06145833333333334,0.072625,0.09100000000000001
2021-08-08,u,26.462500000000002,88.54166666666667,24.391666666666666,31.366666666666664,1013.3208333333333,987.8083333333334,0.0,30.916666666666668,22.375,4.75,26.416666666666668,242.79166666666666,195.25,47.541666666666664,287.14166666666665,11.370833333333332,13.970833333333333,122.875,122.83333333333333,18.45,0.16125,0.4041666666666666,25.8875,25.683333333333334,25.600000000000005,25.600000000000005,0.06391666666666666,0.06116666666666667,0.072375,0.09100000000000001
2021-08-09,u,26.241666666666664,88.375,24.141666666666666,30.733333333333334,1012.5666666666666,987.0666666666666,0.0,46.291666666666664,30.375,3.7083333333333335,55.5,229.95833333333334,172.875,57.083333333333336,257.9875,12.674999999999999,15.316666666666668,124.33333333333333,121.625,21.412499999999998,0.15375,0.40208333333333335,25.77916666666667,25.691666666666666,25.570833333333336,25.570833333333336,0.06379166666666668,0.06020833333333333,0.07183333333333332,0.090625
2021-08-10,u,25.650000000000002,86.70833333333333,23.212500000000002,29.191666666666666,1013.2208333333333,987.6541666666667,0.0,21.75,22.625,2.25,0.16666666666666666,236.75,182.08333333333334,54.666666666666664,269.825,15.454166666666666,18.67083333333333,132.91666666666666,132.45833333333334,26.129166666666666,0.15791666666666668,0.44916666666666666,25.5625,25.53333333333333,25.5,25.5,0.062625,0.059458333333333335,0.071,0.09000000000000001
2021-08-11,u,25.616666666666664,85.20833333333333,22.900000000000002,28.6875,1013.9791666666666,988.3958333333334,0.0,27.875,23.916666666666668,4.25,12.625,241.625,192.33333333333334,49.291666666666664,281.65833333333336,17.604166666666668,21.508333333333336,126.29166666666667,126.41666666666667,30.099999999999998,0.16625,0.5029166666666667,25.40833333333333,25.366666666666664,25.47083333333333,25.47083333333333,0.0595,0.058541666666666665,0.071,0.09000000000000001
2021-08-12,u,25.900000000000002,88.58333333333333,23.854166666666668,29.40833333333333,1014.2958333333332,988.7416666666667,0.0,66.45833333333333,37.083333333333336,28.125,56.916666666666664,206.16666666666666,149.75,56.416666666666664,215.90416666666667,17.991666666666667,23.166666666666668,122.79166666666667,123.375,31.004166666666666,0.13749999999999998,0.38833333333333336,25.483333333333334,25.358333333333334,25.399999999999995,25.399999999999995,0.06479166666666666,0.058,0.07054166666666667,0.09000000000000001
2021-08-13,u,26.150000000000002,88.70833333333333,24.1125,30.400000000000002,1012.525,987.0166666666668,0.0,41.0,28.083333333333332,12.833333333333334,26.25,222.33333333333334,167.75,54.583333333333336,249.28750000000002,13.995833333333332,17.779166666666665,122.33333333333333,123.25,23.3125,0.14541666666666667,0.38999999999999996,25.504166666666666,25.379166666666666,25.370833333333334,25.370833333333334,0.07366666666666666,0.05833333333333333,0.07016666666666667,0.09000000000000001
2021-08-14,u,26.287499999999998,89.58333333333333,24.375,31.079166666666666,1011.7583333333333,986.2833333333333,0.0,25.958333333333332,21.208333333333332,6.333333333333333,10.375,242.70833333333334,190.625,52.083333333333336,275.78749999999997,12.0625,15.158333333333333,126.625,126.75,20.795833333333334,0.15958333333333333,0.37041666666666667,25.566666666666666,25.383333333333336,25.3,25.3,0.07241666666666667,0.059,0.07,0.09000000000000001
2021-08-15,u,26.3875,88.0,24.191666666666666,30.875,1012.6458333333334,987.1583333333333,0.0,20.75,19.583333333333332,1.6666666666666667,7.0,261.375,214.33333333333334,47.041666666666664,315.71666666666664,13.5375,17.029166666666665,122.0,119.91666666666667,22.266666666666666,0.17166666666666666,0.42208333333333337,25.633333333333336,25.425,25.337500000000002,25.329166666666666,0.067875,0.059,0.07,0.09000000000000001
2021-08-16,u,26.183333333333334,86.79166666666667,23.770833333333332,30.070833333333336,1013.875,988.3416666666667,0.0,29.166666666666668,26.75,8.666666666666666,0.0,254.66666666666666,201.54166666666666,53.125,292.97083333333336,15.708333333333334,19.254166666666666,126.08333333333333,125.08333333333333,25.40416666666667,0.16958333333333334,0.46125,25.59166666666667,25.5,25.429166666666664,25.399999999999995,0.064,0.058499999999999996,0.07,0.09000000000000001
2021-08-17,u,26.15416666666667,88.41666666666667,24.075,30.2375,1012.9416666666666,987.4375,0.0,36.416666666666664,24.666666666666668,23.083333333333332,0.9583333333333334,256.0,206.83333333333334,49.166666666666664,298.90833333333336,15.820833333333333,19.849999999999998,125.79166666666667,124.625,25.883333333333336,0.16458333333333333,0.40041666666666664,25.525000000000002,25.425,25.370833333333334,25.370833333333334,0.06058333333333333,0.05758333333333334,0.06941666666666667,0.09000000000000001
2021-08-18,u,26.229166666666668,85.83333333333333,23.65416666666667,30.03333333333333,1011.3791666666666,985.9250000000001,0.0,26.041666666666668,21.5,9.291666666666666,3.4583333333333335,251.33333333333334,201.91666666666666,49.416666666666664,290.90416666666664,15.795833333333334,19.845833333333335,127.79166666666667,126.79166666666667,24.920833333333334,0.17,0.48875,25.45,25.375,25.3,25.270833333333332,0.058125,0.05720833333333333,0.069,0.09000000000000001
2021-08-19,u,25.854166666666668,84.95833333333333,23.120833333333334,29.7375,1011.5458333333332,986.0416666666666,0.0,68.375,33.708333333333336,27.458333333333332,71.95833333333333,234.0,170.33333333333334,63.666666666666664,239.5625,12.924999999999999,15.554166666666667,139.375,139.375,22.020833333333332,0.15791666666666668,0.5083333333333333,25.375,25.287499999999998,25.3,25.2,0.056875,0.05658333333333334,0.069,0.09000000000000001
2021-08-20,u,25.90833333333333,85.16666666666667,23.183333333333334,29.625,1012.2666666666668,986.7416666666667,0.0,76.33333333333333,41.666666666666664,20.791666666666668,88.70833333333333,222.08333333333334,146.58333333333334,75.5,210.5666666666667,13.950000000000001,17.129166666666666,131.0,131.29166666666666,23.162499999999998,0.15208333333333332,0.5054166666666667,25.354166666666668,25.270833333333332,25.3,25.229166666666668,0.057375,0.05625,0.069,0.08949999999999998
2021-08-21,u,26.025000000000002,86.20833333333333,23.508333333333336,29.97083333333333,1012.6625,987.15,0.0,45.541666666666664,29.25,5.833333333333333,52.166666666666664,240.25,183.16666666666666,57.083333333333336,266.4291666666667,13.920833333333334,16.979166666666668,131.875,131.625,22.3,0.16166666666666665,0.4741666666666666,25.537499999999998,25.383333333333336,25.358333333333334,25.329166666666666,0.057,0.05566666666666667,0.069,0.08900000000000001
2021-08-22,u,25.925,86.79166666666667,23.495833333333334,29.837500000000002,1012.5375,987.0208333333334,0.0,50.958333333333336,33.125,2.25,66.0,252.16666666666666,194.66666666666666,57.5,275.0208333333333,14.533333333333333,17.670833333333334,129.83333333333334,130.375,24.891666666666666,0.1679166666666667,0.4595833333333333,25.59583333333333,25.491666666666664,25.5,25.429166666666664,0.0545,0.05516666666666667,0.0685,0.08900000000000001
2021-08-23,u,25.554166666666664,86.04166666666667,23.016666666666666,28.991666666666664,1012.6208333333334,987.0791666666668,0.0,59.083333333333336,35.708333333333336,0.16666666666666666,89.125,249.25,189.875,59.375,274.51666666666665,15.566666666666668,19.0625,131.83333333333334,132.45833333333334,25.641666666666666,0.16375,0.46625,25.34166666666667,25.375,25.441666666666666,25.341666666666665,0.05195833333333333,0.05454166666666666,0.06820833333333333,0.08900000000000001
2021-08-24,u,25.287499999999998,84.875,22.52916666666667,28.633333333333336,1012.8416666666667,987.2791666666667,0.0,43.458333333333336,37.541666666666664,4.333333333333333,23.291666666666668,234.875,173.83333333333334,61.041666666666664,248.50416666666663,14.054166666666667,17.025000000000002,134.125,135.95833333333334,23.974999999999998,0.15666666666666665,0.49625,25.175,25.175,25.229166666666668,25.2,0.05029166666666667,0.05358333333333334,0.068,0.08900000000000001
2021-08-25,u,25.2375,81.45833333333333,21.804166666666664,28.575,1012.6541666666667,987.0708333333333,0.0,25.125,24.75,0.0,9.333333333333334,267.4166666666667,213.45833333333334,53.958333333333336,310.93333333333334,12.004166666666668,14.612499999999999,143.70833333333334,146.58333333333334,22.208333333333332,0.17625000000000002,0.6033333333333334,25.099999999999998,25.1125,25.1875,25.191666666666666,0.04895833333333333,0.05320833333333333,0.06758333333333334,0.08900000000000001
2021-08-26,u,24.84166666666667,84.16666666666667,21.954166666666666,28.641666666666666,1011.8708333333334,986.2833333333333,0.0,31.416666666666668,19.916666666666668,0.375,44.333333333333336,256.375,197.45833333333334,58.916666666666664,283.6458333333333,9.295833333333333,11.379166666666668,140.375,146.79166666666666,20.162499999999998,0.16458333333333333,0.5058333333333334,25.02916666666667,25.004166666666666,25.129166666666666,25.15416666666667,0.04708333333333333,0.05291666666666667,0.0675,0.08900000000000001
2021-08-27,u,25.020833333333332,88.70833333333333,23.008333333333336,28.883333333333336,1012.0833333333334,986.5124999999999,0.0,53.125,42.625,12.083333333333334,26.208333333333332,239.41666666666666,179.33333333333334,60.083333333333336,252.9375,12.533333333333333,14.991666666666667,132.91666666666666,135.79166666666666,22.72083333333333,0.14875,0.36166666666666664,25.2,25.099999999999998,25.2,25.229166666666668,0.04616666666666667,0.05254166666666666,0.067375,0.08900000000000001
2021-08-28,u,25.8,86.70833333333333,23.370833333333334,29.4875,1011.125,985.6374999999999,0.0,57.5,39.75,25.416666666666668,22.833333333333332,245.08333333333334,185.08333333333334,60.0,266.40833333333336,15.195833333333333,18.599999999999998,126.125,125.41666666666667,26.479166666666668,0.15958333333333333,0.45249999999999996,25.391666666666666,25.22083333333333,25.2,25.3,0.04629166666666667,0.052,0.067,0.08900000000000001
2021-08-29,u,26.02916666666667,87.75,23.795833333333334,30.179166666666664,1011.1374999999999,985.6625,0.0,44.458333333333336,33.291666666666664,21.541666666666668,5.166666666666667,256.2083333333333,207.33333333333334,48.875,290.45,14.216666666666667,17.816666666666666,131.75,132.125,25.204166666666666,0.16833333333333333,0.4245833333333333,25.641666666666666,25.370833333333334,25.25833333333333,25.329166666666666,0.04629166666666667,0.05145833333333333,0.067,0.08900000000000001
2021-08-30,u,26.15416666666667,86.20833333333333,23.625,29.804166666666664,1011.5,986.0166666666668,0.0,52.5,29.541666666666668,7.708333333333333,70.91666666666667,247.25,171.70833333333334,75.54166666666667,243.48749999999998,16.541666666666668,20.441666666666666,127.58333333333333,127.75,28.129166666666666,0.16541666666666668,0.4779166666666667,25.508333333333336,25.462500000000002,25.341666666666665,25.341666666666665,0.046625,0.05129166666666666,0.067,0.088375
2021-08-31,u,25.991666666666664,83.41666666666667,22.929166666666664,29.579166666666666,1012.1458333333334,986.6416666666668,0.0,20.958333333333332,9.75,0.2916666666666667,39.541666666666664,271.8333333333333,221.375,50.458333333333336,313.7916666666667,14.775,17.966666666666665,129.91666666666666,129.83333333333334,24.558333333333334,0.18625,0.5695833333333333,25.379166666666666,25.333333333333332,25.2,25.2,0.04545833333333333,0.050583333333333334,0.067,0.08800000000000001
2021-09-01,u,25.733333333333334,82.79166666666667,22.537499999999998,29.0125,1012.475,986.9458333333333,0.0,25.541666666666668,16.083333333333332,0.0,36.791666666666664,274.6666666666667,216.0,58.666666666666664,307.37916666666666,15.5375,18.841666666666665,138.04166666666666,138.29166666666666,24.441666666666666,0.1875,0.5833333333333334,25.354166666666668,25.270833333333332,25.224999999999998,25.2,0.044000000000000004,0.050499999999999996,0.06658333333333334,0.08800000000000001
2021-09-02,u,25.0625,83.91666666666667,22.15416666666667,28.425,1012.9958333333334,987.3874999999999,0.0,44.625,41.0,0.4583333333333333,24.833333333333332,248.41666666666666,184.16666666666666,64.25,260.225,12.612499999999999,15.191666666666668,142.875,145.83333333333334,22.09166666666667,0.1625,0.515,25.083333333333332,25.1875,25.2375,25.170833333333334,0.043000000000000003,0.05000000000000001,0.06620833333333333,0.08800000000000001
2021-09-03,u,24.925,86.125,22.425,28.445833333333336,1012.4333333333334,986.8208333333333,0.0,70.04166666666667,44.666666666666664,6.708333333333333,86.125,247.20833333333334,178.83333333333334,68.375,251.3166666666667,12.700000000000001,15.450000000000001,146.91666666666666,149.58333333333334,23.09583333333333,0.15875,0.44375000000000003,25.2625,25.104166666666668,25.208333333333332,25.1875,0.043375,0.04954166666666667,0.066,0.08800000000000001
2021-09-04,u,25.087500000000002,88.5,23.03333333333333,29.045833333333334,1012.5458333333332,986.9499999999999,0.0,81.20833333333333,59.416666666666664,18.583333333333332,63.041666666666664,216.5,136.83333333333334,79.66666666666667,194.90416666666667,11.35,13.725,141.625,144.20833333333334,20.962500000000002,0.13916666666666666,0.37125,25.27916666666667,25.266666666666666,25.370833333333334,25.370833333333334,0.045500000000000006,0.04900000000000001,0.065625,0.08800000000000001
2021-09-05,u,25.97083333333333,84.41666666666667,23.116666666666664,30.066666666666666,1012.6458333333334,987.125,0.0,53.458333333333336,24.75,8.375,87.16666666666667,273.75,220.29166666666666,53.458333333333336,300.5708333333333,12.391666666666666,15.329166666666666,134.375,135.625,21.945833333333336,0.18375,0.5329166666666666,25.3875,25.308333333333334,25.3,25.3,0.04708333333333333,0.04900000000000001,0.06579166666666668,0.08800000000000001
2021-09-06,u,26.379166666666666,86.625,23.912499999999998,30.75,1012.6750000000001,987.1875,0.0,46.541666666666664,24.583333333333332,5.416666666666667,70.45833333333333,259.5416666666667,202.83333333333334,56.708333333333336,279.60833333333335,13.358333333333334,16.741666666666667,128.45833333333334,127.45833333333333,21.900000000000002,0.17500000000000002,0.47583333333333333,25.641666666666666,25.40833333333333,25.329166666666666,25.329166666666666,0.04645833333333333,0.04858333333333333,0.06545833333333334,0.08800000000000001
2021-09-07,u,26.008333333333336,89.75,24.179166666666664,30.120833333333334,1012.7375000000001,987.2166666666667,0.0,45.416666666666664,22.333333333333332,19.083333333333332,46.041666666666664,246.125,181.33333333333334,64.79166666666667,249.9375,15.924999999999999,20.283333333333335,121.0,121.5,27.808333333333334,0.15791666666666668,0.3516666666666666,25.645833333333332,25.53333333333333,25.399999999999995,25.399999999999995,0.047125,0.04829166666666667,0.065125,0.08800000000000001
2021-09-08,u,26.3,83.79166666666667,23.2625,29.508333333333336,1012.1750000000001,986.6833333333334,0.0,25.375,14.5,8.791666666666666,23.291666666666668,268.625,216.04166666666666,52.583333333333336,302.53333333333336,18.620833333333334,23.95,124.04166666666667,123.41666666666667,30.529166666666665,0.18791666666666665,0.57375,25.504166666666666,25.454166666666666,25.341666666666665,25.341666666666665,0.04704166666666667,0.04745833333333333,0.06441666666666666,0.08754166666666667
2021-09-09,u,25.9375,86.29166666666667,23.445833333333336,29.84166666666667,1012.65,987.125,0.0,44.583333333333336,15.833333333333334,21.541666666666668,57.625,264.5833333333333,209.20833333333334,55.375,289.29583333333335,14.75,19.8625,123.29166666666667,123.0,24.808333333333334,0.17833333333333334,0.47,25.412499999999998,25.275000000000002,25.229166666666668,25.2,0.048999999999999995,0.04770833333333333,0.06429166666666668,0.08700000000000001
2021-09-10,u,26.212500000000002,89.25,24.291666666666668,30.745833333333334,1012.8291666666668,987.3291666666668,0.0,49.125,23.208333333333332,34.666666666666664,24.75,223.875,161.375,62.5,214.13750000000002,13.395833333333334,17.7625,125.625,125.45833333333333,22.429166666666664,0.14958333333333335,0.37375,25.429166666666664,25.308333333333334,25.270833333333332,25.170833333333334,0.051583333333333335,0.04800000000000001,0.06425,0.08700000000000001
2021-09-11,u,25.695833333333336,92.33333333333333,24.354166666666668,30.254166666666666,1011.7666666666668,986.2416666666667,0.0,84.45833333333333,33.208333333333336,68.625,65.0,179.70833333333334,102.79166666666667,76.91666666666667,140.52083333333334,12.170833333333334,16.145833333333332,123.125,122.375,21.0625,0.11583333333333334,0.2558333333333333,25.208333333333332,25.208333333333332,25.2,25.100000000000005,0.0735,0.052625,0.064,0.08700000000000001
2021-09-12,u,25.59583333333333,92.5,24.241666666666664,30.633333333333336,1011.1125000000001,985.5875,0.0,93.16666666666667,37.0,93.75,69.16666666666667,106.75,36.791666666666664,69.95833333333333,56.854166666666664,8.183333333333334,10.258333333333333,116.08333333333333,114.5,15.333333333333334,0.07708333333333334,0.2525,24.991666666666664,25.066666666666666,25.170833333333334,25.100000000000005,0.09745833333333333,0.07033333333333333,0.064,0.08700000000000001
2021-09-13,u,25.929166666666664,93.0,24.683333333333334,31.65416666666667,1011.6125000000001,986.1291666666666,0.0,84.08333333333333,26.958333333333332,67.375,69.5,136.16666666666666,56.208333333333336,79.95833333333333,89.39999999999999,5.354166666666667,7.241666666666667,114.83333333333333,107.66666666666667,12.366666666666667,0.09500000000000001,0.23625,25.05,24.974999999999998,25.100000000000005,25.100000000000005,0.10270833333333333,0.08666666666666667,0.064,0.08700000000000001
2021-09-14,u,26.370833333333334,91.5,24.858333333333334,32.2375,1012.3708333333334,986.9,0.0,45.25,25.125,19.75,39.541666666666664,266.5833333333333,210.125,56.458333333333336,282.39166666666665,7.516666666666667,10.262500000000001,113.45833333333333,116.625,16.066666666666666,0.17333333333333334,0.29833333333333334,25.479166666666668,25.170833333333334,25.1875,25.1875,0.10091666666666667,0.09658333333333334,0.06525,0.08700000000000001
2021-09-15,u,26.083333333333332,92.08333333333333,24.670833333333334,31.72083333333333,1013.125,987.5916666666667,0.0,53.75,30.958333333333332,10.625,64.70833333333333,272.0416666666667,210.66666666666666,61.375,291.4375,8.341666666666667,10.666666666666666,136.58333333333334,142.66666666666666,16.7375,0.17541666666666667,0.26916666666666667,25.675,25.474999999999998,25.458333333333332,25.429166666666664,0.10320833333333333,0.10079166666666667,0.06791666666666667,0.08700000000000001
2021-09-16,u,26.133333333333336,89.29166666666667,24.2,30.766666666666666,1012.5500000000001,987.0375,0.0,53.833333333333336,30.833333333333332,13.916666666666666,58.833333333333336,269.2083333333333,211.29166666666666,57.916666666666664,292.3333333333333,12.958333333333334,15.904166666666667,125.45833333333333,126.20833333333333,22.083333333333332,0.17500000000000002,0.3720833333333333,25.741666666666664,25.604166666666668,25.570833333333336,25.5,0.100125,0.09929166666666667,0.06979166666666668,0.08700000000000001
2021-09-17,u,26.224999999999998,87.54166666666667,23.9875,30.212500000000002,1012.0625,986.5791666666668,0.0,48.833333333333336,28.833333333333332,16.333333333333332,43.5,269.0,211.70833333333334,57.291666666666664,289.2,16.420833333333334,20.8,122.95833333333333,123.54166666666667,26.679166666666664,0.17625000000000002,0.43083333333333335,25.670833333333334,25.554166666666664,25.5,25.47083333333333,0.09608333333333334,0.09570833333333334,0.07091666666666667,0.08700000000000001
2021-09-18,u,26.141666666666666,89.45833333333333,24.229166666666668,30.25,1012.5291666666667,987.0208333333334,0.0,39.875,26.541666666666668,8.375,36.625,266.8333333333333,211.0,55.833333333333336,287.0458333333333,16.579166666666666,20.912499999999998,122.95833333333333,123.125,27.858333333333334,0.17041666666666666,0.36874999999999997,25.59166666666667,25.458333333333332,25.47083333333333,25.399999999999995,0.09145833333333332,0.09216666666666666,0.071,0.08700000000000001
2021-09-19,u,26.075,86.70833333333333,23.633333333333336,30.070833333333336,1013.0791666666668,987.5541666666667,0.0,35.125,22.625,9.541666666666666,30.0,283.5,233.95833333333334,49.541666666666664,319.62916666666666,15.158333333333333,19.266666666666666,129.58333333333334,130.125,27.525000000000002,0.18291666666666664,0.46291666666666664,25.400000000000002,25.333333333333332,25.370833333333334,25.341666666666665,0.08829166666666666,0.089125,0.071,0.08700000000000001
2021-09-20,u,25.7625,88.54166666666667,23.71666666666667,30.412499999999998,1012.5291666666667,986.9958333333334,0.0,56.333333333333336,34.041666666666664,30.333333333333332,26.541666666666668,238.5,172.33333333333334,66.16666666666667,229.64166666666665,10.362499999999999,13.5,134.0,136.83333333333334,21.070833333333333,0.15416666666666667,0.38458333333333333,25.325,25.204166666666666,25.291666666666668,25.229166666666668,0.09175,0.08891666666666666,0.071,0.08700000000000001
2021-09-21,u,26.379166666666666,89.08333333333333,24.40833333333333,31.5,1011.7333333333332,986.2791666666667,0.0,65.41666666666667,17.708333333333332,50.083333333333336,64.5,212.375,120.75,91.625,178.6,8.725,12.291666666666666,125.20833333333333,126.79166666666667,17.425,0.14583333333333334,0.3825,25.40833333333333,25.275000000000002,25.3,25.3,0.09641666666666666,0.09354166666666668,0.07179166666666666,0.08700000000000001
2021-09-22,u,26.558333333333334,88.5,24.47083333333333,32.208333333333336,1011.8708333333334,986.4291666666667,0.0,30.375,11.291666666666666,15.208333333333334,36.708333333333336,294.25,244.08333333333334,50.166666666666664,327.84583333333336,8.316666666666666,11.483333333333334,127.125,125.04166666666667,16.099999999999998,0.1991666666666667,0.41041666666666665,25.508333333333336,25.308333333333334,25.3,25.3,0.09100000000000001,0.09125,0.072,0.086625
2021-09-23,u,26.541666666666668,88.95833333333333,24.541666666666668,30.879166666666666,1012.4208333333332,986.9541666666668,0.0,67.79166666666667,18.125,46.791666666666664,78.0,170.29166666666666,90.79166666666667,79.5,132.2375,14.216666666666667,18.9125,123.0,121.5,24.320833333333336,0.12208333333333334,0.39125000000000004,25.441666666666666,25.325,25.3,25.3,0.08795833333333332,0.08854166666666667,0.072,0.08600000000000001
2021-09-24,u,26.337500000000002,90.41666666666667,24.608333333333334,31.745833333333334,1011.725,986.2624999999999,0.0,77.54166666666667,21.5,64.45833333333333,69.20833333333333,225.25,142.04166666666666,83.20833333333333,193.11666666666667,8.620833333333334,10.883333333333333,134.79166666666666,131.08333333333334,18.175,0.15625,0.34125,25.483333333333334,25.370833333333334,25.329166666666666,25.30416666666667,0.08854166666666667,0.08708333333333333,0.072,0.08600000000000001
2021-09-25,u,26.141666666666666,88.54166666666667,24.05,30.72083333333333,1010.7041666666668,985.2583333333333,0.0,58.25,38.875,42.666666666666664,10.958333333333334,263.7916666666667,206.0,57.791666666666664,275.96250000000003,12.662500000000001,15.945833333333333,122.54166666666667,123.25,20.691666666666666,0.1741666666666667,0.3979166666666667,25.525000000000002,25.379166666666666,25.399999999999995,25.34583333333333,0.08454166666666667,0.08508333333333333,0.07229166666666666,0.08600000000000001
2021-09-26,u,26.329166666666666,85.16666666666667,23.625,30.304166666666664,1010.525,985.0875,0.0,28.708333333333332,22.291666666666668,9.333333333333334,10.208333333333334,283.875,225.375,58.5,307.4916666666667,15.4125,19.150000000000002,127.29166666666667,126.5,25.145833333333332,0.1925,0.5158333333333334,25.641666666666666,25.46666666666667,25.399999999999995,25.399999999999995,0.08183333333333333,0.08387499999999999,0.07120833333333333,0.08600000000000001
2021-09-27,u,25.970833333333335,82.75,22.741666666666664,29.266666666666666,1010.7583333333333,985.2958333333332,0.0,47.041666666666664,31.041666666666668,0.0,63.583333333333336,286.875,226.04166666666666,60.833333333333336,306.21666666666664,16.379166666666666,19.995833333333334,131.79166666666666,132.54166666666666,27.212500000000002,0.19416666666666668,0.5933333333333334,25.47083333333333,25.420833333333334,25.370833333333334,25.370833333333334,0.0775,0.0815,0.071,0.08600000000000001
2021-09-28,u,25.545833333333334,85.41666666666667,22.90416666666667,29.391666666666666,1011.1208333333334,985.6125000000001,0.0,68.54166666666667,52.166666666666664,6.75,59.041666666666664,259.7083333333333,186.16666666666666,73.54166666666667,258.37916666666666,12.670833333333334,15.279166666666667,137.29166666666666,139.20833333333334,22.6875,0.1679166666666667,0.48041666666666666,25.329166666666666,25.287499999999998,25.329166666666666,25.3,0.07454166666666666,0.079,0.071,0.08600000000000001
2021-09-29,u,25.941666666666666,88.33333333333333,23.879166666666666,30.445833333333336,1011.15,985.6750000000001,0.0,46.125,39.083333333333336,4.875,26.75,268.3333333333333,206.66666666666666,61.666666666666664,277.6333333333333,12.4,15.095833333333333,130.75,132.08333333333334,20.920833333333334,0.1691666666666667,0.38999999999999996,25.454166666666666,25.354166666666668,25.399999999999995,25.354166666666668,0.07370833333333333,0.07704166666666666,0.071,0.08600000000000001
2021-09-30,u,25.954166666666666,89.70833333333333,24.108333333333334,30.495833333333334,1011.4583333333334,985.9708333333333,0.0,49.5,52.708333333333336,1.0833333333333333,4.791666666666667,259.5833333333333,185.29166666666666,74.29166666666667,258.3916666666667,12.683333333333332,15.4375,135.75,136.58333333333334,21.34583333333333,0.16125,0.35125,25.566666666666666,25.45,25.429166666666664,25.429166666666664,0.07270833333333333,0.075375,0.071,0.08600000000000001
2021-10-01,u,25.7625,89.875,23.945833333333336,30.641666666666666,1012.0375,986.5083333333333,0.0,46.625,38.25,6.416666666666667,27.333333333333332,275.3333333333333,213.41666666666666,61.916666666666664,290.73333333333335,10.383333333333333,12.5,157.75,158.95833333333334,19.641666666666666,0.17208333333333334,0.3408333333333333,25.6375,25.520833333333332,25.52916666666667,25.52916666666667,0.07104166666666667,0.07358333333333333,0.07070833333333333,0.08600000000000001
2021-10-02,u,25.6125,88.16666666666667,23.508333333333336,30.441666666666666,1011.6750000000001,986.1458333333334,0.0,67.70833333333333,56.0,7.083333333333333,50.666666666666664,284.0833333333333,227.375,56.708333333333336,303.9916666666667,9.237499999999999,11.0625,184.75,184.95833333333334,17.004166666666666,0.18000000000000002,0.38999999999999996,25.724999999999998,25.604166666666668,25.600000000000005,25.600000000000005,0.06895833333333334,0.07183333333333332,0.07,0.08600000000000001
2021-10-03,u,25.741666666666664,85.625,23.125,30.375,1011.1333333333333,985.625,0.0,63.208333333333336,54.416666666666664,13.208333333333334,23.958333333333332,264.6666666666667,199.5,65.16666666666667,277.8208333333333,8.2125,9.85,155.04166666666666,159.16666666666666,15.725,0.17500000000000002,0.4795833333333333,25.775000000000002,25.641666666666666,25.629166666666666,25.629166666666666,0.06754166666666667,0.06999999999999999,0.07,0.08600000000000001
2021-10-04,u,25.59166666666667,84.45833333333333,22.758333333333336,30.166666666666668,1010.6999999999999,985.1999999999999,0.0,52.958333333333336,35.125,6.666666666666667,57.666666666666664,266.8333333333333,197.5,69.33333333333333,258.925,7.325,8.637500000000001,157.70833333333334,168.875,16.425,0.17041666666666666,0.5129166666666667,25.791666666666668,25.679166666666664,25.7,25.7,0.06654166666666667,0.0685,0.0695,0.08600000000000001
2021-10-05,u,25.337500000000002,86.95833333333333,23.016666666666666,29.650000000000002,1009.9208333333332,984.4250000000001,0.0,54.125,46.666666666666664,5.625,29.0,229.95833333333334,154.625,75.33333333333333,206.80416666666667,9.295833333333333,11.1625,154.54166666666666,158.125,16.870833333333334,0.14708333333333332,0.4216666666666667,25.691666666666666,25.65416666666667,25.7,25.7,0.06704166666666667,0.06704166666666667,0.069,0.08600000000000001
2021-10-06,u,25.045833333333334,83.83333333333333,22.099999999999998,28.708333333333332,1010.4458333333333,984.8916666666668,0.0,50.625,39.916666666666664,6.125,36.75,256.375,175.91666666666666,80.45833333333333,244.23333333333335,10.595833333333333,12.708333333333334,161.25,164.04166666666666,19.775000000000002,0.16583333333333333,0.51375,25.587500000000002,25.575,25.670833333333334,25.670833333333334,0.06758333333333334,0.06583333333333334,0.069,0.08541666666666665
2021-10-07,u,25.40833333333333,79.125,21.483333333333334,29.195833333333336,1010.875,985.3583333333332,0.0,29.333333333333332,22.5,0.7083333333333334,28.708333333333332,295.125,233.83333333333334,61.291666666666664,315.175,8.608333333333333,10.262500000000001,143.04166666666666,148.83333333333334,17.954166666666666,0.19791666666666666,0.6887500000000001,25.40833333333333,25.462500000000002,25.541666666666668,25.541666666666668,0.06441666666666666,0.06466666666666666,0.06820833333333333,0.085
2021-10-08,u,25.383333333333336,86.70833333333333,22.9875,29.787499999999998,1011.6916666666666,986.1583333333333,0.0,53.041666666666664,44.416666666666664,0.2916666666666667,43.125,294.875,236.375,58.5,321.52500000000003,9.908333333333333,12.208333333333334,156.25,161.41666666666666,19.0,0.1825,0.4370833333333333,25.491666666666664,25.3875,25.399999999999995,25.399999999999995,0.06004166666666667,0.063125,0.068,0.085
2021-10-09,u,25.641666666666666,86.83333333333333,23.229166666666668,30.379166666666666,1011.6083333333332,986.0958333333333,0.0,53.166666666666664,48.375,8.333333333333334,15.25,293.5416666666667,235.58333333333334,57.958333333333336,317.4458333333333,8.845833333333333,10.875,153.91666666666666,158.66666666666666,17.945833333333333,0.18791666666666665,0.44333333333333336,25.645833333333332,25.454166666666666,25.429166666666664,25.458333333333332,0.05645833333333333,0.0615,0.06720833333333333,0.085
2021-10-10,u,25.858333333333334,87.91666666666667,23.675,30.8,1010.9791666666666,985.4958333333334,0.0,48.333333333333336,35.416666666666664,0.25,54.208333333333336,291.5416666666667,229.20833333333334,62.333333333333336,313.0625,9.116666666666665,10.950000000000001,148.70833333333334,156.95833333333334,18.412499999999998,0.18375,0.41125000000000006,25.829166666666666,25.645833333333332,25.52916666666667,25.600000000000005,0.05433333333333334,0.06008333333333333,0.067,0.085
2021-10-11,u,25.625,84.41666666666667,22.791666666666668,30.175,1010.6416666666668,985.1458333333334,0.0,31.708333333333332,20.25,0.0,44.833333333333336,293.625,231.0,62.625,315.2625,8.133333333333333,9.9625,180.83333333333334,186.58333333333334,17.866666666666667,0.18583333333333332,0.515,25.804166666666664,25.712500000000002,25.629166666666666,25.629166666666666,0.051625,0.058875000000000004,0.067,0.085
2021-10-12,u,25.695833333333336,83.83333333333333,22.695833333333336,30.27916666666667,1010.0666666666666,984.5791666666668,0.0,32.666666666666664,15.583333333333334,0.0,61.833333333333336,315.0833333333333,267.375,47.708333333333336,361.55833333333334,8.283333333333333,10.083333333333334,192.25,189.125,17.970833333333335,0.20750000000000002,0.5491666666666667,25.858333333333334,25.754166666666666,25.7,25.7,0.04883333333333334,0.057458333333333333,0.06620833333333333,0.085
2021-10-13,u,25.516666666666666,83.75,22.55,29.97083333333333,1009.8375,984.35,0.0,38.875,17.041666666666668,0.0,78.54166666666667,313.75,266.2916666666667,47.458333333333336,356.0083333333334,8.666666666666666,10.425,163.25,166.08333333333334,17.670833333333334,0.20125,0.5391666666666667,26.004166666666666,25.820833333333336,25.75833333333333,25.75833333333333,0.046875,0.05595833333333333,0.066,0.085
2021-10-14,u,25.78333333333333,86.375,23.325,30.3625,1010.2166666666667,984.7458333333334,0.0,52.25,29.875,1.25,81.875,281.4583333333333,205.875,75.58333333333333,276.7708333333333,9.795833333333333,11.354166666666666,156.08333333333334,157.25,18.691666666666666,0.17958333333333332,0.4579166666666667,26.1125,26.03333333333333,25.929166666666664,25.899999999999995,0.04566666666666667,0.05533333333333334,0.066,0.085
2021-10-15,u,26.375,86.45833333333333,23.8875,31.504166666666666,1009.3666666666667,983.9708333333333,0.0,37.708333333333336,23.75,4.416666666666667,45.5,284.5416666666667,202.0,82.54166666666667,276.18333333333334,8.65,9.854166666666666,156.66666666666666,157.54166666666666,16.504166666666666,0.18916666666666668,0.47625,26.40416666666667,26.183333333333334,26.02916666666667,25.933333333333334,0.04445833333333333,0.05445833333333333,0.066,0.085
2021-10-16,u,26.620833333333334,88.70833333333333,24.579166666666666,32.487500000000004,1009.7708333333334,984.3791666666666,0.0,30.875,24.541666666666668,6.0,17.166666666666668,283.2083333333333,221.75,61.458333333333336,295.73333333333335,6.691666666666666,7.708333333333333,164.875,167.83333333333334,14.583333333333334,0.18625,0.40041666666666664,26.641666666666666,26.379166666666666,26.158333333333335,26.070833333333336,0.04533333333333334,0.05345833333333333,0.066,0.08458333333333334
2021-10-17,u,26.675,88.66666666666667,24.620833333333334,32.49583333333333,1010.6041666666666,985.1916666666666,0.0,50.041666666666664,26.958333333333332,9.708333333333334,66.29166666666667,270.0,201.04166666666666,68.95833333333333,258.21666666666664,6.8999999999999995,8.487499999999999,136.25,141.91666666666666,15.3375,0.17666666666666667,0.40125000000000005,26.629166666666666,26.508333333333336,26.329166666666666,26.229166666666668,0.06583333333333334,0.05541666666666667,0.066,0.084
2021-10-18,u,27.1125,87.79166666666667,24.916666666666668,33.425000000000004,1011.5375,986.1333333333333,0.0,32.458333333333336,22.708333333333332,8.875,22.583333333333332,295.4583333333333,246.375,49.083333333333336,329.2708333333333,5.470833333333334,6.1125,128.91666666666666,134.75,16.229166666666668,0.20125,0.44166666666666665,26.808333333333334,26.575,26.458333333333332,26.358333333333334,0.08529166666666667,0.06320833333333332,0.06554166666666666,0.084
2021-10-19,u,26.916666666666668,88.625,24.879166666666666,33.225,1014.3041666666667,988.8333333333334,0.0,54.791666666666664,27.25,13.25,74.125,288.9583333333333,229.04166666666666,59.916666666666664,306.1958333333333,5.091666666666667,6.0249999999999995,139.20833333333334,158.29166666666666,13.85,0.19208333333333336,0.4033333333333333,26.920833333333334,26.745833333333334,26.600000000000005,26.5,0.08783333333333333,0.06479166666666668,0.065,0.084
2021-10-20,u,26.974999999999998,89.75,25.108333333333334,32.6625,1013.475,988.0166666666668,0.0,46.791666666666664,29.375,12.833333333333334,42.0,282.625,222.0,60.625,295.375,10.191666666666666,12.133333333333333,137.91666666666666,140.70833333333334,19.662499999999998,0.18583333333333332,0.3775,27.141666666666666,26.825,26.662499999999998,26.558333333333334,0.0855,0.06733333333333334,0.06420833333333333,0.084
2021-10-21,u,27.395833333333332,87.41666666666667,25.09166666666667,32.954166666666666,1012.6208333333334,987.2166666666667,0.0,53.791666666666664,25.708333333333332,11.0,79.95833333333333,282.1666666666667,221.25,60.916666666666664,288.2625,11.0375,13.35,132.375,134.54166666666666,21.295833333333334,0.19375,0.47000000000000003,27.175,26.954166666666666,26.8,26.670833333333334,0.08316666666666667,0.06720833333333333,0.065125,0.084
2021-10-22,u,26.90416666666667,88.875,24.891666666666666,32.24583333333333,1013.15,987.6958333333333,0.0,63.666666666666664,40.083333333333336,9.75,72.41666666666667,275.375,206.125,69.25,283.08750000000003,11.033333333333333,13.183333333333332,146.04166666666666,148.25,20.208333333333332,0.18083333333333332,0.40208333333333335,27.03333333333333,26.875,26.770833333333332,26.600000000000005,0.08329166666666667,0.0675,0.065375,0.084
2021-10-23,u,27.058333333333334,83.16666666666667,23.925,32.354166666666664,1012.9708333333333,987.5458333333332,0.0,32.25,20.208333333333332,0.875,45.416666666666664,302.0833333333333,239.41666666666666,62.666666666666664,323.07916666666665,8.054166666666667,9.612499999999999,192.95833333333334,191.45833333333334,16.679166666666667,0.20625000000000002,0.61125,27.070833333333336,26.8625,26.729166666666668,26.600000000000005,0.07541666666666667,0.0665,0.065,0.084
2021-10-24,u,26.991666666666664,81.875,23.6125,32.041666666666664,1011.8416666666667,986.4291666666667,0.0,35.583333333333336,11.083333333333334,0.16666666666666666,85.04166666666667,310.4583333333333,253.0,57.458333333333336,342.10833333333335,8.525,10.029166666666667,226.04166666666666,216.58333333333334,17.491666666666667,0.21,0.6525,27.02916666666667,26.8625,26.8,26.600000000000005,0.06808333333333333,0.06504166666666666,0.06470833333333333,0.084
2021-10-25,u,26.854166666666668,82.58333333333333,23.608333333333334,31.9375,1011.1208333333334,985.7125,0.0,41.375,17.833333333333332,6.791666666666667,70.41666666666667,307.7083333333333,254.875,52.833333333333336,342.93333333333334,8.3875,9.674999999999999,214.20833333333334,212.29166666666666,16.358333333333334,0.20583333333333334,0.6229166666666667,27.09583333333333,26.883333333333336,26.8,26.600000000000005,0.06420833333333333,0.06275,0.06358333333333334,0.084
2021-10-26,u,26.633333333333336,85.20833333333333,23.933333333333334,32.145833333333336,1011.0875,985.6541666666667,0.0,64.83333333333333,44.875,26.583333333333332,70.29166666666667,291.75,235.54166666666666,56.208333333333336,303.17083333333335,6.620833333333334,7.808333333333334,148.20833333333334,157.91666666666666,15.220833333333333,0.19041666666666668,0.52,27.0125,26.90833333333333,26.8,26.600000000000005,0.075625,0.063375,0.063,0.084
2021-10-27,u,26.545833333333334,89.75,24.71666666666667,32.199999999999996,1011.5124999999999,986.0625,0.0,80.45833333333333,55.333333333333336,15.416666666666666,86.0,233.33333333333334,153.25,80.08333333333333,196.5583333333333,7.825,9.174999999999999,126.54166666666667,126.91666666666667,17.391666666666666,0.15958333333333333,0.35833333333333334,26.770833333333332,26.825,26.770833333333332,26.570833333333336,0.09779166666666667,0.080125,0.06379166666666668,0.084
2021-10-28,u,27.125,88.625,25.075,33.025,1011.5375,986.1541666666667,0.0,68.08333333333333,37.833333333333336,12.916666666666666,96.33333333333333,261.375,177.70833333333334,83.66666666666667,228.39583333333334,8.166666666666666,9.608333333333333,125.95833333333333,126.79166666666667,17.295833333333334,0.17833333333333334,0.4183333333333333,27.133333333333336,26.849999999999998,26.787499999999998,26.587500000000002,0.10025,0.09500000000000001,0.064375,0.084
2021-10-29,u,26.766666666666666,89.54166666666667,24.900000000000002,32.475,1012.3874999999999,986.9416666666666,0.0,85.95833333333333,57.791666666666664,25.166666666666668,89.0,256.125,183.125,73.0,232.6,8.541666666666666,9.987499999999999,140.375,141.66666666666666,17.275000000000002,0.16958333333333334,0.3725,27.166666666666668,27.037499999999998,27.0,26.8,0.10179166666666667,0.09745833333333333,0.065625,0.084
2021-10-30,u,26.754166666666666,89.45833333333333,24.858333333333334,32.35,1012.525,987.0583333333334,0.0,73.29166666666667,39.083333333333336,19.875,96.79166666666667,198.625,108.70833333333333,89.91666666666667,142.4,7.55,8.829166666666667,137.33333333333334,135.875,16.525000000000002,0.13999999999999999,0.3745833333333333,27.02916666666667,26.954166666666666,27.0,26.8,0.10570833333333333,0.10220833333333333,0.06725,0.08358333333333334
2021-10-31,u,26.833333333333332,88.33333333333333,24.7375,32.295833333333334,1011.5333333333333,986.1083333333332,0.0,77.83333333333333,55.625,22.333333333333332,53.416666666666664,252.33333333333334,176.45833333333334,75.875,237.45000000000002,8.916666666666666,10.183333333333334,136.83333333333334,135.83333333333334,17.466666666666665,0.1679166666666667,0.4154166666666667,27.2,26.983333333333334,27.0,26.829166666666666,0.103375,0.10179166666666667,0.06916666666666667,0.083
2021-11-01,u,26.620833333333334,88.58333333333333,24.587500000000002,32.32083333333333,1011.5875,986.1416666666668,0.0,73.20833333333333,35.041666666666664,29.833333333333332,94.54166666666667,188.125,81.875,106.25,106.8875,5.308333333333334,6.008333333333333,157.29166666666666,145.08333333333334,13.895833333333334,0.1325,0.3975,26.983333333333334,26.962500000000002,27.0,26.899999999999995,0.10608333333333332,0.10354166666666666,0.07087500000000001,0.083
2021-11-02,u,26.52916666666667,89.79166666666667,24.691666666666666,32.03333333333333,1011.3708333333334,985.9333333333334,0.0,73.375,40.125,17.791666666666668,88.75,226.83333333333334,126.20833333333333,100.625,164.35416666666666,8.1875,9.4,149.04166666666666,148.58333333333334,17.054166666666667,0.15125,0.35874999999999996,27.020833333333332,26.929166666666664,27.0,26.899999999999995,0.10616666666666667,0.1055,0.07254166666666666,0.083
2021-11-03,u,27.3875,87.04166666666667,24.991666666666664,33.15416666666667,1010.4541666666668,985.1,0.0,53.666666666666664,23.208333333333332,15.416666666666666,81.41666666666667,298.9166666666667,246.875,52.041666666666664,327.98333333333335,9.483333333333333,11.570833333333333,119.91666666666667,121.75,18.308333333333334,0.20333333333333334,0.48541666666666666,27.22083333333333,27.045833333333334,27.0,26.899999999999995,0.10333333333333333,0.10266666666666667,0.07633333333333332,0.083
2021-11-04,u,26.766666666666666,90.75,25.120833333333334,32.49166666666667,1010.2624999999999,984.8708333333334,0.0,76.75,34.708333333333336,34.416666666666664,96.41666666666667,203.95833333333334,98.25,105.70833333333333,118.27499999999999,8.466666666666667,10.120833333333334,134.20833333333334,129.33333333333334,18.779166666666665,0.13958333333333334,0.33208333333333334,27.0625,27.058333333333334,26.97083333333333,26.870833333333334,0.10616666666666667,0.10504166666666666,0.07916666666666666,0.083
2021-11-05,u,26.9875,90.16666666666667,25.241666666666664,33.42916666666667,1009.5208333333334,984.1791666666667,0.0,63.208333333333336,25.916666666666668,18.291666666666668,97.41666666666667,227.375,126.33333333333333,101.04166666666667,161.44583333333333,4.3875,4.629166666666666,146.20833333333334,118.875,13.799999999999999,0.15916666666666668,0.35541666666666666,26.945833333333336,26.90833333333333,26.899999999999995,26.8,0.10720833333333334,0.10725,0.08420833333333333,0.083
2021-11-06,u,27.2625,89.58333333333333,25.366666666666664,33.833333333333336,1007.9875000000001,982.6875,0.0,61.416666666666664,28.666666666666668,30.25,78.08333333333333,292.7916666666667,224.375,68.41666666666667,300.825,5.55,6.341666666666666,120.875,129.16666666666666,13.762500000000001,0.19833333333333333,0.3841666666666667,27.083333333333332,26.95,26.899999999999995,26.8,0.10533333333333333,0.10683333333333334,0.08941666666666666,0.083
2021-11-07,u,27.65416666666667,85.375,24.97083333333333,33.92916666666667,1007.5041666666666,982.2541666666666,0.0,56.125,25.833333333333332,27.166666666666668,68.125,309.3333333333333,262.0,47.333333333333336,351.81666666666666,6.454166666666667,7.0125,110.5,117.45833333333333,13.458333333333334,0.21583333333333332,0.545,27.5125,27.108333333333334,27.016666666666666,26.916666666666668,0.10041666666666667,0.10404166666666666,0.09300000000000001,0.083
2021-11-08,u,27.433333333333334,86.79166666666667,25.004166666666666,33.61666666666667,1008.725,983.4375,0.0,59.416666666666664,21.5,26.0,91.20833333333333,273.1666666666667,198.08333333333334,75.08333333333333,256.0,6.2625,6.870833333333334,157.20833333333334,160.125,12.858333333333334,0.18666666666666668,0.4895833333333333,27.495833333333334,27.400000000000002,27.3,27.170833333333334,0.09949999999999999,0.10145833333333333,0.09354166666666668,0.083
2021-11-09,u,27.400000000000002,88.54166666666667,25.337500000000002,33.52916666666667,1008.6458333333334,983.3541666666666,0.0,59.375,25.166666666666668,16.041666666666668,90.125,225.54166666666666,115.16666666666667,110.375,148.62916666666666,6.666666666666667,7.5125,143.58333333333334,142.5,13.691666666666668,0.15416666666666665,0.42041666666666666,27.545833333333334,27.375,27.329166666666666,27.158333333333335,0.10075,0.10162500000000001,0.09479166666666666,0.083
2021-11-10,u,26.8625,90.41666666666667,25.1125,32.82083333333333,1009.6125000000001,984.2458333333334,0.0,85.25,63.375,33.875,82.58333333333333,212.95833333333334,126.45833333333333,86.5,152.50416666666666,7.416666666666667,8.674999999999999,183.25,183.125,17.75,0.14916666666666667,0.35041666666666665,27.537499999999998,27.433333333333334,27.399999999999995,27.270833333333332,0.10170833333333333,0.10029166666666667,0.09500000000000001,0.08333333333333333
2021-11-11,u,26.40833333333333,91.16666666666667,24.825,31.983333333333334,1009.5500000000001,984.1583333333333,0.0,94.83333333333333,69.08333333333333,30.583333333333332,99.66666666666667,140.95833333333334,30.375,110.58333333333333,36.854166666666664,7.158333333333334,8.758333333333333,165.29166666666666,164.16666666666666,18.504166666666666,0.10416666666666667,0.31,27.291666666666668,27.291666666666668,27.399999999999995,27.229166666666668,0.10725,0.10545833333333332,0.09600000000000002,0.084
2021-11-12,u,26.474999999999998,90.16666666666667,24.691666666666666,32.0625,1010.4166666666666,985.0041666666666,0.0,78.66666666666667,37.375,28.916666666666668,99.0,190.25,74.625,115.625,91.46666666666665,7.241666666666667,9.112499999999999,221.79166666666666,219.875,16.983333333333334,0.13541666666666666,0.34833333333333333,27.287499999999998,27.245833333333334,27.316666666666666,27.270833333333332,0.10670833333333334,0.10733333333333334,0.09766666666666668,0.084
2021-11-13,u,27.0125,83.5,23.991666666666664,32.34583333333333,1010.0625,984.6999999999999,0.0,66.29166666666667,18.5,37.416666666666664,96.91666666666667,223.95833333333334,110.91666666666667,113.04166666666667,150.64583333333334,5.945833333333333,6.966666666666666,179.875,177.79166666666666,13.541666666666666,0.15708333333333332,0.5854166666666667,27.412499999999998,27.304166666666664,27.3,27.229166666666668,0.10641666666666666,0.10691666666666666,0.09929166666666667,0.084
2021-11-14,u,26.879166666666666,85.79166666666667,24.3,32.762499999999996,1010.2333333333332,984.8458333333333,0.0,75.125,20.5,45.333333333333336,99.625,189.04166666666666,69.625,119.41666666666667,86.425,3.2916666666666665,3.670833333333334,192.16666666666666,189.75,11.691666666666668,0.13708333333333333,0.50375,27.2625,27.287499999999998,27.3,27.270833333333332,0.10708333333333332,0.10704166666666666,0.10075,0.084
2021-11-15,u,26.458333333333332,89.83333333333333,24.625,32.525,1009.8291666666668,984.4166666666666,0.0,76.125,39.0,48.791666666666664,94.91666666666667,237.625,149.04166666666666,88.58333333333333,196.0583333333333,4.7124999999999995,5.1125,160.41666666666666,140.58333333333334,13.691666666666668,0.16416666666666666,0.35958333333333337,27.233333333333334,27.229166666666668,27.270833333333332,27.2,0.10858333333333332,0.10891666666666666,0.103875,0.08429166666666667
2021-11-16,u,26.6875,90.54166666666667,25.016666666666666,32.775,1009.9416666666666,984.5583333333334,0.0,88.54166666666667,19.25,73.66666666666667,96.08333333333333,145.375,45.375,100.0,70.99583333333334,4.4624999999999995,4.991666666666666,144.875,145.0,12.495833333333332,0.10458333333333335,0.32875000000000004,27.433333333333334,27.229166666666668,27.316666666666666,27.316666666666666,0.10733333333333334,0.1085,0.10520833333333333,0.085
2021-11-17,u,27.037499999999998,88.79166666666667,25.025000000000002,33.00416666666667,1009.9499999999999,984.5875,0.0,67.66666666666667,27.125,32.5,82.0,241.625,158.66666666666666,82.95833333333333,201.95833333333334,7.0,7.9750000000000005,130.79166666666666,128.41666666666666,17.875,0.16833333333333333,0.40458333333333335,27.7625,27.583333333333332,27.600000000000005,27.600000000000005,0.10762500000000001,0.10858333333333332,0.10541666666666666,0.08587499999999999
2021-11-18,u,27.25,88.08333333333333,25.083333333333332,33.37916666666667,1008.5916666666667,983.2875,0.0,60.916666666666664,27.708333333333332,22.416666666666668,75.0,274.375,192.66666666666666,81.70833333333333,262.6458333333333,6.645833333333333,7.6375,138.875,139.33333333333334,15.616666666666667,0.18416666666666667,0.43416666666666665,27.84166666666667,27.683333333333334,27.600000000000005,27.600000000000005,0.10670833333333334,0.10879166666666666,0.10675,0.08625
2021-11-19,u,27.520833333333332,86.58333333333333,25.05,33.30416666666667,1007.5875,982.3291666666668,0.0,65.08333333333333,25.666666666666668,20.791666666666668,98.125,253.45833333333334,171.5,81.95833333333333,218.92083333333332,8.691666666666666,10.15,126.875,122.33333333333333,17.962500000000002,0.1758333333333333,0.5020833333333333,27.683333333333334,27.620833333333334,27.570833333333336,27.570833333333336,0.10679166666666666,0.10916666666666668,0.1085,0.08720833333333333
2021-11-20,u,26.412499999999998,90.66666666666667,24.7375,32.329166666666666,1008.1291666666666,982.7708333333334,0.0,88.08333333333333,27.125,62.458333333333336,98.20833333333333,80.875,11.708333333333334,69.16666666666667,23.40833333333333,4.258333333333334,4.995833333333334,205.125,198.70833333333334,14.379166666666668,0.06458333333333334,0.3254166666666667,27.28333333333333,27.416666666666668,27.5,27.5,0.10825,0.10933333333333334,0.109375,0.08858333333333333
2021-11-21,u,26.900000000000002,89.91666666666667,25.099999999999998,33.25416666666667,1009.3458333333333,983.9916666666667,0.0,71.70833333333333,24.125,35.125,98.95833333333333,168.375,55.833333333333336,112.54166666666667,70.81666666666666,3.3249999999999997,3.391666666666667,186.54166666666666,198.16666666666666,13.708333333333334,0.12541666666666668,0.35833333333333334,27.4375,27.34583333333333,27.47083333333333,27.47083333333333,0.10883333333333334,0.10991666666666666,0.10979166666666666,0.09016666666666666
2021-11-22,u,27.679166666666664,86.25,25.145833333333332,33.987500000000004,1008.6875,983.4083333333333,0.0,56.708333333333336,17.916666666666668,23.708333333333332,87.70833333333333,266.9583333333333,188.0,78.95833333333333,253.51666666666665,5.841666666666666,6.6375,123.58333333333333,120.16666666666667,14.691666666666668,0.18833333333333335,0.5175,27.745833333333334,27.483333333333334,27.429166666666664,27.429166666666664,0.10462500000000001,0.10679166666666666,0.10954166666666666,0.091625
2021-11-23,u,27.5625,86.16666666666667,25.016666666666666,33.81666666666667,1008.75,983.4583333333334,0.0,60.125,25.25,20.666666666666668,83.5,247.91666666666666,168.20833333333334,79.70833333333333,221.89583333333334,4.895833333333333,5.325,167.08333333333334,166.70833333333334,12.9125,0.17708333333333334,0.5183333333333333,27.6875,27.587500000000002,27.5,27.47083333333333,0.10670833333333334,0.10733333333333334,0.10912499999999999,0.09279166666666666
2021-11-24,u,26.616666666666664,90.20833333333333,24.870833333333334,32.30416666666667,1009.3000000000001,983.9250000000001,0.0,68.45833333333333,33.166666666666664,21.541666666666668,92.875,177.20833333333334,52.0,125.20833333333333,74.67916666666666,6.604166666666667,7.529166666666666,231.95833333333334,225.79166666666666,15.0625,0.1225,0.34375,27.479166666666668,27.45,27.5,27.399999999999995,0.10804166666666666,0.10854166666666666,0.108,0.09441666666666666
2021-11-25,u,26.895833333333332,89.16666666666667,24.941666666666666,32.67916666666667,1009.125,983.7624999999999,0.0,62.208333333333336,31.083333333333332,23.666666666666668,67.45833333333333,249.33333333333334,172.95833333333334,76.375,232.4375,7.870833333333334,9.245833333333334,234.25,232.83333333333334,16.279166666666665,0.16833333333333333,0.38958333333333334,27.558333333333334,27.445833333333336,27.46666666666667,27.399999999999995,0.105875,0.10741666666666666,0.10641666666666666,0.09500000000000001
2021-11-26,u,26.979166666666668,89.16666666666667,25.02916666666667,32.63333333333333,1009.1333333333333,983.7916666666666,0.0,74.45833333333333,28.5,33.958333333333336,94.58333333333333,187.41666666666666,71.70833333333333,115.70833333333333,101.7375,7.508333333333333,9.075000000000001,237.29166666666666,235.875,16.537499999999998,0.13375,0.38958333333333334,27.52916666666667,27.416666666666668,27.399999999999995,27.399999999999995,0.10770833333333334,0.1085,0.10625,0.09591666666666666
2021-11-27,u,26.983333333333334,88.41666666666667,24.875,32.775,1009.0666666666666,983.725,0.0,77.58333333333333,30.833333333333332,34.625,97.625,217.54166666666666,129.66666666666666,87.875,162.19583333333333,7.204166666666667,8.424999999999999,234.0,232.29166666666666,15.179166666666667,0.15291666666666667,0.42,27.645833333333332,27.462500000000002,27.420833333333334,27.399999999999995,0.10745833333333332,0.10833333333333334,0.107,0.096375
2021-11-28,u,26.099999999999998,88.79166666666667,24.108333333333334,31.150000000000002,1009.6291666666666,984.2041666666668,0.0,95.66666666666667,64.54166666666667,76.625,99.875,72.0,2.625,69.375,3.4625,7.4375,8.891666666666667,208.08333333333334,207.70833333333334,14.520833333333334,0.0625,0.37958333333333333,27.27916666666667,27.349999999999998,27.4375,27.399999999999995,0.10929166666666668,0.10962500000000001,0.10895833333333334,0.097375
2021-11-29,u,25.920833333333334,84.58333333333333,23.120833333333334,30.7375,1009.3625000000001,983.9166666666666,0.0,79.41666666666667,12.125,65.41666666666667,99.83333333333333,141.95833333333334,38.458333333333336,103.5,47.67083333333333,5.2375,6.204166666666667,174.54166666666666,171.375,15.487499999999999,0.10583333333333333,0.5170833333333333,27.179166666666664,27.175,27.370833333333334,27.399999999999995,0.10691666666666666,0.10758333333333332,0.11041666666666666,0.09979166666666667
2021-11-30,u,26.258333333333336,89.70833333333333,24.429166666666664,31.579166666666666,1009.1958333333333,983.7916666666666,0.0,86.5,19.041666666666668,69.45833333333333,99.45833333333333,107.75,8.791666666666666,98.95833333333333,11.4625,6.9750000000000005,7.941666666666666,150.375,149.0,13.983333333333334,0.08083333333333333,0.3491666666666667,27.133333333333336,27.141666666666666,27.3,27.366666666666664,0.10625,0.10520833333333333,0.10908333333333332,0.10100000000000002
2021-12-01,u,26.391666666666666,89.75,24.537499999999998,32.208333333333336,1009.6750000000001,984.2666666666668,0.0,92.0,19.125,78.45833333333333,99.66666666666667,115.04166666666667,24.833333333333332,90.20833333333333,31.183333333333337,4.0375000000000005,4.695833333333334,260.0,263.0416666666667,13.679166666666667,0.08666666666666667,0.35791666666666666,27.116666666666664,27.15416666666667,27.3,27.370833333333334,0.10854166666666666,0.10970833333333334,0.10945833333333332,0.10479166666666667
2021-12-02,u,27.09583333333333,87.0,24.724999999999998,32.725,1009.8791666666666,984.5208333333334,0.0,59.416666666666664,28.541666666666668,11.291666666666666,91.875,244.125,153.54166666666666,90.58333333333333,195.82083333333333,7.925,9.345833333333333,272.75,270.2916666666667,18.333333333333332,0.16583333333333333,0.4708333333333334,27.474999999999998,27.270833333333332,27.3,27.329166666666666,0.106375,0.10720833333333334,0.10962500000000001,0.10662500000000001
2021-12-03,u,27.1375,87.5,24.8625,33.083333333333336,1010.2958333333332,984.9333333333334,0.0,70.625,34.375,28.791666666666668,83.08333333333333,234.20833333333334,147.41666666666666,86.79166666666667,186.98333333333335,6.5874999999999995,7.654166666666666,266.0,268.2083333333333,15.262500000000001,0.16375,0.45541666666666664,27.525000000000002,27.379166666666666,27.3,27.370833333333334,0.10629166666666667,0.10629166666666667,0.109,0.107
2021-12-04,u,27.316666666666666,87.16666666666667,24.9875,33.862500000000004,1009.775,984.4499999999999,0.0,68.0,33.541666666666664,19.75,91.5,287.125,217.875,69.25,286.7375,4.3,4.725,226.08333333333334,224.79166666666666,15.041666666666666,0.19999999999999998,0.47,27.620833333333334,27.429166666666664,27.3,27.3,0.1065,0.10704166666666666,0.10725,0.107
2021-12-05,u,27.320833333333336,85.95833333333333,24.724999999999998,33.270833333333336,1009.5875,984.2541666666666,0.0,68.125,21.0,38.458333333333336,96.20833333333333,262.4583333333333,185.5,76.95833333333333,231.72916666666666,6.545833333333333,7.645833333333333,220.5,218.54166666666666,15.816666666666668,0.18416666666666667,0.5225,27.587500000000002,27.425,27.3,27.3,0.10595833333333333,0.10795833333333334,0.10725,0.107
2021-12-06,u,27.620833333333334,85.16666666666667,24.895833333333332,32.15,1009.5166666666668,984.2208333333333,0.0,81.79166666666667,12.375,68.5,99.70833333333333,109.75,21.5,88.25,28.670833333333334,14.429166666666667,18.270833333333332,282.0833333333333,279.2916666666667,28.025000000000002,0.09958333333333334,0.5483333333333333,27.28333333333333,27.3125,27.3,27.30416666666667,0.1075,0.10904166666666666,0.108375,0.10716666666666667
2021-12-07,u,28.020833333333332,83.45833333333333,24.90833333333333,34.1875,1010.0958333333333,984.8083333333334,0.0,44.375,9.541666666666666,27.541666666666668,63.916666666666664,242.91666666666666,164.20833333333334,78.70833333333333,213.61666666666667,5.033333333333333,6.1125,236.04166666666666,234.0,13.125,0.17875,0.6395833333333333,27.6125,27.420833333333334,27.358333333333334,27.383333333333336,0.10170833333333333,0.104875,0.10820833333333334,0.108
2021-12-08,u,27.983333333333334,84.625,25.09166666666667,34.291666666666664,1010.4166666666666,985.1208333333334,0.0,25.5,10.75,4.0,44.583333333333336,307.6666666666667,260.3333333333333,47.333333333333336,352.1375,6.520833333333333,7.05,155.25,173.95833333333334,13.65,0.21208333333333332,0.5962500000000001,27.837500000000002,27.6875,27.5,27.5,0.09933333333333333,0.100375,0.10729166666666667,0.108
2021-12-09,u,27.583333333333332,84.5,24.7,33.15833333333333,1010.6958333333333,985.3541666666666,0.0,26.708333333333332,10.666666666666666,9.833333333333334,37.125,278.3333333333333,218.125,60.208333333333336,308.925,8.6625,10.674999999999999,246.41666666666666,240.125,17.9875,0.19666666666666666,0.5850000000000001,27.995833333333334,27.75,27.59166666666667,27.558333333333334,0.098625,0.09908333333333334,0.10579166666666666,0.108
2021-12-10,u,27.270833333333332,87.54166666666667,25.02916666666667,32.40833333333333,1010.3708333333334,985.0166666666668,0.0,52.208333333333336,28.416666666666668,18.5,51.708333333333336,246.95833333333334,181.875,65.08333333333333,257.7666666666667,12.083333333333334,14.5875,249.875,248.20833333333334,23.191666666666666,0.165,0.45,27.895833333333332,27.820833333333336,27.7625,27.670833333333334,0.09979166666666667,0.09620833333333334,0.10441666666666666,0.107375
2021-12-11,u,27.316666666666666,85.95833333333333,24.7375,32.32083333333333,1010.2541666666666,984.9125,0.0,72.08333333333333,29.166666666666668,31.541666666666668,89.0,228.375,140.79166666666666,87.58333333333333,188.38333333333333,11.808333333333332,14.391666666666666,259.875,257.4166666666667,23.72083333333333,0.16041666666666668,0.5158333333333333,27.754166666666666,27.679166666666664,27.633333333333336,27.59166666666667,0.100125,0.09700000000000002,0.10279166666666666,0.107
2021-12-12,u,27.370833333333334,86.33333333333333,24.84166666666667,32.5,1009.8666666666667,984.5458333333332,0.0,59.875,26.916666666666668,20.541666666666668,77.625,263.625,188.25,75.375,246.85416666666666,12.195833333333333,15.020833333333334,257.2083333333333,254.5,23.233333333333334,0.18291666666666664,0.5095833333333334,27.7625,27.645833333333332,27.600000000000005,27.566666666666666,0.10312500000000001,0.10045833333333333,0.10141666666666667,0.107
2021-12-13,u,27.508333333333336,87.5,25.2625,33.358333333333334,1008.5333333333333,983.2458333333334,0.0,49.25,23.833333333333332,22.416666666666668,47.75,268.7916666666667,201.91666666666666,66.875,272.46250000000003,9.362499999999999,11.558333333333332,250.75,249.33333333333334,19.333333333333332,0.18333333333333335,0.4608333333333334,28.0125,27.712500000000002,27.629166666666666,27.558333333333334,0.10370833333333333,0.10233333333333333,0.10262500000000001,0.107
2021-12-14,u,27.045833333333334,89.5,25.162499999999998,32.920833333333334,1008.3874999999999,983.0583333333334,0.0,66.5,37.375,20.666666666666668,70.41666666666667,255.45833333333334,181.33333333333334,74.125,237.17916666666667,8.708333333333334,10.454166666666667,239.375,238.54166666666666,18.8875,0.1729166666666667,0.3804166666666667,27.883333333333336,27.795833333333334,27.670833333333334,27.666666666666668,0.10566666666666667,0.106,0.10316666666666667,0.107
2021-12-16,u,27.037499999999998,88.125,24.895833333333332,33.104166666666664,1009.2083333333334,983.85,0.0,81.08333333333333,50.375,33.375,86.91666666666667,243.66666666666666,159.625,84.04166666666667,211.39583333333334,5.55,5.966666666666666,164.66666666666666,121.54166666666667,15.445833333333333,0.16708333333333333,0.425,27.7625,27.608333333333334,27.600000000000005,27.600000000000005,0.10712499999999998,0.10820833333333334,0.10866666666666668,0.10775
2021-12-17,u,27.704166666666666,88.70833333333333,25.65416666666667,34.458333333333336,1008.8833333333333,983.6,0.0,69.29166666666667,35.291666666666664,21.625,88.70833333333333,288.9166666666667,226.66666666666666,62.25,307.24583333333334,5.520833333333333,6.120833333333334,143.04166666666666,123.0,14.204166666666666,0.19666666666666666,0.42583333333333334,27.979166666666668,27.72083333333333,27.620833333333334,27.600000000000005,0.10404166666666666,0.10541666666666666,0.10945833333333332,0.108
2021-12-18,u,28.070833333333336,87.41666666666667,25.7625,34.8375,1009.4250000000001,984.1666666666666,0.0,49.583333333333336,20.666666666666668,15.708333333333334,71.79166666666667,304.0833333333333,254.375,49.708333333333336,346.62083333333334,6.4750000000000005,7.3999999999999995,137.04166666666666,137.20833333333334,14.637500000000001,0.20958333333333334,0.48500000000000004,27.9875,27.816666666666666,27.670833333333334,27.570833333333336,0.10083333333333333,0.10116666666666667,0.10795833333333334,0.108
2021-12-19,u,27.412499999999998,89.5,25.508333333333336,33.487500000000004,1010.4499999999999,985.1166666666667,0.0,71.29166666666667,35.958333333333336,22.416666666666668,98.25,224.79166666666666,127.08333333333333,97.70833333333333,157.37916666666666,8.341666666666667,9.445833333333333,119.79166666666667,118.66666666666667,18.4375,0.15666666666666668,0.38833333333333336,27.820833333333336,27.712500000000002,27.600000000000005,27.5,0.10658333333333332,0.10566666666666667,0.10791666666666666,0.10812499999999999
2021-12-20,u,27.224999999999998,88.875,25.224999999999998,33.68333333333333,1011.6083333333332,986.2125,0.0,70.25,28.916666666666668,29.458333333333332,95.95833333333333,210.16666666666666,113.5,96.66666666666667,156.94583333333335,3.908333333333333,4.295833333333333,176.16666666666666,174.04166666666666,12.791666666666666,0.14791666666666667,0.40625,27.662499999999998,27.625,27.570833333333336,27.47083333333333,0.10833333333333334,0.10858333333333332,0.10933333333333334,0.10929166666666668
2021-12-21,u,27.712500000000002,85.16666666666667,24.983333333333334,33.62083333333333,1011.8125,986.4666666666667,0.0,78.25,9.791666666666666,69.04166666666667,94.0,126.45833333333333,26.541666666666668,99.91666666666667,36.65416666666667,5.5125,7.0249999999999995,232.41666666666666,223.33333333333334,14.416666666666666,0.10041666666666667,0.5554166666666667,27.487499999999997,27.45,27.5,27.399999999999995,0.10633333333333334,0.10625,0.10983333333333334,0.11
2021-12-22,u,28.145833333333332,85.95833333333333,25.55,34.61666666666667,1011.0291666666667,985.7291666666666,0.0,51.833333333333336,16.875,19.125,83.54166666666667,271.4583333333333,176.45833333333334,95.0,241.57916666666665,6.504166666666666,7.054166666666667,167.95833333333334,182.29166666666666,15.120833333333332,0.19208333333333336,0.5441666666666667,27.71666666666667,27.5125,27.47083333333333,27.370833333333334,0.09979166666666667,0.10137499999999999,0.10825,0.11
2021-12-23,u,27.9875,85.0,25.179166666666664,34.112500000000004,1009.9416666666666,984.6625,0.0,54.5,12.0,26.416666666666668,92.45833333333333,241.04166666666666,140.70833333333334,100.33333333333333,187.77916666666667,6.675,7.866666666666666,256.9166666666667,256.625,15.245833333333332,0.1725,0.5770833333333333,27.695833333333336,27.587500000000002,27.429166666666664,27.329166666666666,0.09945833333333333,0.09879166666666667,0.10679166666666666,0.11
2021-12-24,u,27.662499999999998,85.54166666666667,24.962500000000002,33.141666666666666,1009.6875,984.3791666666666,0.0,30.416666666666668,11.458333333333334,7.375,52.458333333333336,282.125,220.70833333333334,61.416666666666664,308.5708333333333,10.745833333333332,12.85,263.75,263.1666666666667,20.1875,0.19333333333333333,0.5437500000000001,27.7375,27.554166666666664,27.52916666666667,27.429166666666664,0.10158333333333334,0.10049999999999999,0.10475,0.10941666666666666
2021-12-25,u,27.900000000000002,85.45833333333333,25.195833333333336,33.36666666666667,1009.9541666666668,984.6583333333333,0.0,54.291666666666664,18.125,13.958333333333334,98.75,260.9166666666667,180.375,80.54166666666667,241.3375,11.450000000000001,13.8375,264.3333333333333,262.9583333333333,21.358333333333334,0.1875,0.5533333333333333,27.825,27.670833333333334,27.600000000000005,27.5,0.10016666666666667,0.09995833333333333,0.1025,0.109
2021-12-26,u,27.258333333333336,87.79166666666667,25.02916666666667,32.03333333333333,1010.9791666666666,985.6208333333333,0.0,68.58333333333333,29.375,25.166666666666668,93.75,260.2083333333333,195.16666666666666,65.04166666666667,266.7708333333333,15.279166666666667,18.695833333333333,264.6666666666667,261.5833333333333,28.204166666666666,0.17708333333333334,0.45083333333333336,27.787499999999998,27.6375,27.600000000000005,27.5,0.09820833333333334,0.09949999999999999,0.10054166666666668,0.109
2021-12-27,u,26.916666666666668,89.25,24.979166666666668,31.541666666666668,1011.1875,985.7916666666666,0.0,71.70833333333333,35.291666666666664,18.5,97.08333333333333,248.08333333333334,164.33333333333334,83.75,228.0583333333333,15.825000000000001,19.316666666666666,265.25,262.875,28.8125,0.16583333333333333,0.3858333333333333,27.733333333333334,27.620833333333334,27.629166666666666,27.52916666666667,0.09883333333333333,0.09883333333333333,0.09879166666666667,0.109
2021-12-28,u,27.195833333333336,87.75,24.954166666666666,32.15416666666667,1010.3583333333332,985.0041666666666,0.0,68.41666666666667,31.5,24.583333333333332,84.41666666666667,251.0,183.16666666666666,67.83333333333333,237.80416666666667,13.741666666666667,16.8625,263.5833333333333,262.2083333333333,27.045833333333334,0.1729166666666667,0.45375000000000004,28.016666666666666,27.77916666666667,27.787499999999998,27.6875,0.09920833333333334,0.09941666666666667,0.09791666666666667,0.109
2021-12-29,u,27.425,86.20833333333333,24.891666666666666,32.729166666666664,1010.375,985.0500000000001,0.0,70.91666666666667,26.458333333333332,33.791666666666664,90.45833333333333,247.91666666666666,165.04166666666666,82.875,220.58333333333334,10.845833333333333,13.204166666666666,261.75,261.1666666666667,21.825,0.16916666666666666,0.5095833333333334,28.02916666666667,27.9875,28.0,27.899999999999995,0.09929166666666667,0.09945833333333333,0.09691666666666666,0.10854166666666666
2021-12-30,u,27.208333333333332,86.70833333333333,24.791666666666668,32.61666666666667,1010.3958333333334,985.0375,0.0,70.33333333333333,37.291666666666664,20.583333333333332,97.41666666666667,177.95833333333334,77.58333333333333,100.375,99.46666666666665,8.470833333333333,10.279166666666667,282.8333333333333,284.0833333333333,18.125,0.12875,0.48374999999999996,27.875,27.870833333333334,27.925,27.858333333333334,0.10008333333333334,0.09929166666666667,0.096375,0.108
2021-12-31,u,27.40833333333333,85.375,24.683333333333334,32.891666666666666,1010.225,984.8833333333333,0.0,54.75,19.333333333333332,14.375,99.41666666666667,239.16666666666666,137.5,101.66666666666667,184.90416666666667,8.491666666666665,9.799999999999999,279.5833333333333,281.0416666666667,17.308333333333334,0.16666666666666666,0.5445833333333333,27.729166666666668,27.724999999999998,27.770833333333332,27.745833333333334,0.09891666666666667,0.09791666666666667,0.09520833333333334,0.108
2022-01-01,u,27.400000000000002,84.25,24.504166666666666,32.81666666666667,1010.1374999999999,984.8041666666667,0.0,65.54166666666667,25.5,22.875,99.58333333333333,234.125,142.5,91.625,194.1625,8.3125,10.395833333333334,248.0,243.375,14.166666666666666,0.1691666666666667,0.5758333333333333,27.650000000000002,27.645833333333332,27.670833333333334,27.670833333333334,0.09958333333333334,0.09849999999999999,0.09408333333333334,0.108
2022-01-02,u,26.745833333333334,87.875,24.566666666666666,31.849999999999998,1010.0666666666666,984.6916666666666,0.0,68.375,30.208333333333332,20.0,99.75,177.04166666666666,65.16666666666667,111.875,87.42916666666667,9.637500000000001,11.987499999999999,195.29166666666666,194.20833333333334,14.108333333333334,0.12541666666666665,0.4275,27.558333333333334,27.537499999999998,27.600000000000005,27.570833333333336,0.10191666666666667,0.10041666666666667,0.09429166666666666,0.108
2022-01-03,u,26.599999999999998,89.33333333333333,24.675,31.729166666666668,1010.1625,984.7583333333333,0.0,84.08333333333333,24.333333333333332,54.833333333333336,99.54166666666667,164.25,69.66666666666667,94.58333333333333,94.1125,9.454166666666667,11.483333333333334,207.79166666666666,208.125,17.25,0.11833333333333333,0.3775,27.508333333333336,27.441666666666666,27.53333333333333,27.5,0.10462500000000001,0.10275,0.09508333333333334,0.10766666666666667
2022-01-04,u,26.53333333333333,87.75,24.325,31.741666666666664,1010.85,985.4208333333332,0.0,78.0,27.291666666666668,42.291666666666664,99.45833333333333,163.95833333333334,41.5,122.45833333333333,50.74583333333333,7.383333333333333,8.795833333333333,202.16666666666666,203.08333333333334,15.845833333333333,0.11875000000000001,0.4275,27.425,27.38333333333333,27.47083333333333,27.47083333333333,0.10533333333333333,0.10516666666666667,0.09520833333333334,0.107
2022-01-05,u,26.820833333333336,84.20833333333333,23.933333333333334,32.520833333333336,1010.9708333333333,985.5666666666666,0.0,80.83333333333333,13.958333333333334,65.70833333333333,99.5,188.625,92.04166666666667,96.58333333333333,112.12916666666666,3.375,4.4125000000000005,206.33333333333334,208.375,11.3125,0.13708333333333333,0.5591666666666667,27.391666666666666,27.3,27.399999999999995,27.399999999999995,0.10558333333333332,0.10483333333333333,0.09558333333333334,0.107
2022-01-06,u,27.708333333333332,79.625,23.870833333333334,32.829166666666666,1011.2041666666668,985.8625000000001,0.0,67.95833333333333,8.875,55.791666666666664,87.95833333333333,210.79166666666666,122.83333333333333,87.95833333333333,159.05833333333334,7.241666666666667,8.470833333333333,192.20833333333334,192.5,13.7875,0.15708333333333332,0.7579166666666667,27.604166666666668,27.379166666666666,27.429166666666664,27.458333333333332,0.09975,0.10258333333333332,0.09600000000000002,0.107
2022-01-07,u,27.041666666666668,83.625,24.0,31.933333333333334,1011.5791666666668,986.1833333333334,0.0,49.416666666666664,17.375,20.875,70.375,271.0,210.75,60.25,288.37916666666666,10.4125,12.450000000000001,186.20833333333334,187.125,19.45,0.18541666666666667,0.5883333333333334,27.554166666666664,27.462500000000002,27.5,27.600000000000005,0.09975,0.10029166666666667,0.09579166666666666,0.107
2022-01-08,u,27.6375,78.45833333333333,23.520833333333332,32.25833333333333,1010.7541666666666,985.4208333333332,0.0,50.416666666666664,10.791666666666666,21.0,93.58333333333333,275.625,198.5,77.125,266.09166666666664,10.304166666666667,12.520833333333334,192.66666666666666,190.95833333333334,18.304166666666667,0.2025,0.8008333333333333,27.616666666666664,27.508333333333336,27.5,27.570833333333336,0.09716666666666667,0.09954166666666668,0.09483333333333333,0.107
2022-01-09,u,27.208333333333332,83.875,24.245833333333334,32.608333333333334,1009.775,984.4375,0.0,57.666666666666664,13.291666666666666,37.333333333333336,82.91666666666667,261.9166666666667,194.66666666666666,67.25,263.17083333333335,7.862500000000001,9.450000000000001,166.91666666666666,165.875,14.383333333333333,0.18208333333333335,0.58375,27.495833333333334,27.483333333333334,27.479166666666668,27.5,0.09904166666666668,0.09933333333333333,0.09445833333333332,0.107
2022-01-10,u,27.129166666666666,85.95833333333333,24.566666666666666,33.12916666666667,1009.6166666666667,984.2708333333334,0.0,59.208333333333336,20.416666666666668,32.083333333333336,78.83333333333333,250.16666666666666,178.70833333333334,71.45833333333333,234.73333333333335,5.0625,5.733333333333333,160.66666666666666,158.875,12.766666666666666,0.17666666666666667,0.5083333333333333,27.666666666666668,27.508333333333336,27.462500000000002,27.52916666666667,0.10216666666666667,0.10079166666666667,0.09479166666666666,0.10645833333333332
2022-01-11,u,27.133333333333336,87.04166666666667,24.775000000000002,32.925000000000004,1010.9625,985.5791666666668,0.0,89.16666666666667,23.416666666666668,75.95833333333333,99.29166666666667,165.91666666666666,75.58333333333333,90.33333333333333,97.03333333333335,5.983333333333333,6.883333333333333,195.41666666666666,197.08333333333334,12.441666666666668,0.12333333333333334,0.4695833333333333,27.620833333333334,27.537499999999998,27.570833333333336,27.600000000000005,0.10462500000000001,0.10233333333333333,0.09608333333333334,0.106
2022-01-13,u,27.900000000000002,79.625,24.03333333333333,33.4,1010.65,985.3291666666668,0.0,60.375,18.416666666666668,26.958333333333332,91.79166666666667,298.2083333333333,234.375,63.833333333333336,321.0708333333333,7.391666666666667,9.133333333333333,227.79166666666666,222.33333333333334,15.033333333333333,0.21375,0.7691666666666667,27.733333333333334,27.53333333333333,27.5,27.5,0.10475,0.10420833333333333,0.098625,0.107
2022-01-14,u,28.425,78.375,24.233333333333334,33.833333333333336,1009.4333333333334,984.2041666666668,0.0,39.208333333333336,6.75,6.208333333333333,98.0,282.625,204.66666666666666,77.95833333333333,270.50416666666666,8.466666666666667,8.745833333333334,145.08333333333334,144.95833333333334,21.3,0.21375,0.8520833333333333,27.708333333333332,27.579166666666666,27.47083333333333,27.47083333333333,0.10008333333333334,0.10087499999999999,0.09800000000000002,0.107
2022-01-15,u,28.09166666666667,81.75,24.670833333333334,33.40833333333333,1009.3583333333332,984.1125000000001,0.0,54.041666666666664,10.5,24.541666666666668,99.66666666666667,246.625,165.08333333333334,81.54166666666667,217.1916666666667,10.183333333333334,12.229166666666666,113.75,117.91666666666667,20.120833333333334,0.18041666666666667,0.6954166666666667,27.554166666666664,27.5125,27.40833333333333,27.399999999999995,0.10116666666666667,0.09970833333333334,0.09708333333333334,0.107
2022-01-16,u,28.537499999999998,80.16666666666667,24.71666666666667,34.266666666666666,1009.4041666666667,984.1791666666667,0.0,56.5,15.291666666666666,33.0,76.29166666666667,284.6666666666667,212.41666666666666,72.25,287.7291666666667,8.383333333333333,10.229166666666666,121.41666666666667,121.16666666666667,15.862499999999999,0.21541666666666667,0.7866666666666666,27.616666666666664,27.483333333333334,27.399999999999995,27.399999999999995,0.10383333333333333,0.10404166666666666,0.09641666666666666,0.107
2022-01-17,u,27.8125,83.33333333333333,24.712500000000002,33.44583333333333,1009.125,983.8375,0.0,73.375,19.791666666666668,42.833333333333336,99.875,205.25,105.91666666666667,99.33333333333333,140.93333333333334,6.904166666666666,8.275,159.33333333333334,153.91666666666666,13.9625,0.15791666666666668,0.6266666666666667,27.5125,27.424999999999997,27.399999999999995,27.399999999999995,0.103875,0.10354166666666666,0.09679166666666666,0.107
2022-01-18,u,26.520833333333332,87.75,24.329166666666666,31.8625,1009.275,983.8916666666668,0.0,93.79166666666667,24.5,78.79166666666667,98.875,107.20833333333333,20.5,86.70833333333333,29.962500000000002,6.495833333333334,7.675,171.25,169.875,19.7375,0.08416666666666667,0.42375,27.195833333333336,27.266666666666666,27.370833333333334,27.370833333333334,0.105875,0.10483333333333333,0.09729166666666667,0.107
2022-01-19,u,26.370833333333334,88.625,24.3125,31.175,1008.6916666666666,983.3208333333333,0.0,93.83333333333333,27.458333333333332,79.58333333333333,91.16666666666667,143.83333333333334,56.916666666666664,86.91666666666667,70.38333333333334,10.058333333333334,12.125,182.20833333333334,182.625,22.491666666666664,0.10375,0.3970833333333333,27.175,27.141666666666666,27.3,27.3,0.10729166666666667,0.10641666666666666,0.09808333333333334,0.107
2022-01-20,u,26.47083333333333,88.29166666666667,24.383333333333336,31.037499999999998,1009.4375,984.0416666666666,0.0,92.41666666666667,25.708333333333332,86.75,76.58333333333333,138.04166666666666,48.75,89.29166666666667,59.97083333333333,12.0,14.775,183.5,185.58333333333334,21.066666666666666,0.10458333333333332,0.4075,27.070833333333336,27.075000000000003,27.270833333333332,27.270833333333332,0.10820833333333334,0.108375,0.10000000000000002,0.107
2022-01-21,u,27.1875,84.16666666666667,24.254166666666666,31.825,1009.5875,984.2416666666667,0.0,73.25,17.208333333333332,52.291666666666664,91.95833333333333,212.95833333333334,124.79166666666667,88.16666666666667,160.27083333333334,11.804166666666667,14.75,184.25,186.20833333333334,22.21666666666667,0.1575,0.5758333333333333,27.104166666666668,27.058333333333334,27.170833333333334,27.2,0.10362500000000001,0.10520833333333333,0.10100000000000002,0.107
2022-01-22,u,26.629166666666666,89.20833333333333,24.662499999999998,31.254166666666666,1009.1791666666667,983.8083333333334,0.0,68.29166666666667,29.166666666666668,20.916666666666668,97.95833333333333,228.75,137.25,91.5,185.6875,13.866666666666667,17.004166666666666,183.54166666666666,185.83333333333334,27.258333333333336,0.15291666666666667,0.38375000000000004,27.15416666666667,27.087500000000002,27.100000000000005,27.2,0.10233333333333333,0.10125,0.10041666666666667,0.107
2022-01-23,u,27.4375,85.125,24.679166666666664,31.95,1008.3333333333334,983.0458333333332,0.0,43.791666666666664,26.208333333333332,12.458333333333334,42.375,284.2916666666667,214.91666666666666,69.375,295.375,16.033333333333335,19.745833333333334,174.95833333333334,176.95833333333334,30.1125,0.19999999999999998,0.5566666666666666,27.77916666666667,27.266666666666666,27.245833333333337,27.34583333333333,0.10154166666666666,0.10149999999999999,0.09954166666666668,0.107
2022-01-24,u,28.125,82.125,24.7375,32.36666666666667,1006.8249999999999,981.6374999999999,0.0,45.041666666666664,19.416666666666668,12.416666666666666,66.83333333333333,285.25,220.54166666666666,64.70833333333333,311.56666666666666,18.054166666666667,22.608333333333334,169.29166666666666,170.83333333333334,31.183333333333334,0.2125,0.6929166666666666,27.90416666666667,27.691666666666666,27.600000000000005,27.7,0.097625,0.09854166666666668,0.09849999999999999,0.10604166666666666
2022-01-25,u,28.616666666666664,79.29166666666667,24.604166666666668,33.96666666666667,1006.4499999999999,981.3208333333333,0.0,50.208333333333336,12.375,26.291666666666668,77.375,289.4583333333333,232.66666666666666,56.791666666666664,317.3833333333333,10.383333333333333,12.5,161.45833333333334,159.375,19.0,0.21833333333333335,0.8266666666666667,28.004166666666666,27.75,27.629166666666666,27.7,0.09325,0.09575,0.09733333333333334,0.106
2022-01-26,u,28.441666666666666,82.58333333333333,25.125,34.275,1007.1333333333333,981.9541666666668,0.0,51.625,15.916666666666666,21.375,81.83333333333333,271.2083333333333,198.75,72.45833333333333,265.53749999999997,8.987499999999999,10.958333333333334,160.66666666666666,157.33333333333334,19.141666666666666,0.205,0.6925,28.0125,27.829166666666666,27.7,27.7,0.09458333333333334,0.09375,0.09566666666666668,0.106
2022-01-27,u,26.933333333333334,89.41666666666667,25.037499999999998,31.77916666666667,1008.8375,983.4916666666667,0.0,68.25,24.291666666666668,27.583333333333332,99.33333333333333,204.125,92.54166666666667,111.58333333333333,121.37916666666666,13.616666666666667,16.366666666666667,180.66666666666666,180.08333333333334,29.383333333333336,0.14291666666666666,0.37916666666666665,27.849999999999998,27.8,27.7,27.7,0.09591666666666666,0.094125,0.09454166666666668,0.106
2022-01-28,u,26.90416666666667,88.20833333333333,24.770833333333332,31.541666666666668,1010.0416666666666,984.6666666666666,0.0,69.16666666666667,24.958333333333332,28.625,99.45833333333333,219.29166666666666,134.95833333333334,84.33333333333333,180.9125,13.983333333333334,17.004166666666666,182.25,183.41666666666666,24.5625,0.14916666666666667,0.4216666666666667,27.77916666666667,27.7375,27.7,27.7,0.09525,0.09445833333333332,0.093375,0.106
2022-01-29,u,27.9875,81.70833333333333,24.541666666666668,33.574999999999996,1010.0166666666668,984.7291666666666,0.0,65.125,9.166666666666666,45.458333333333336,98.33333333333333,246.83333333333334,155.91666666666666,90.91666666666667,200.775,7.683333333333334,9.25,183.91666666666666,182.125,15.166666666666666,0.18208333333333335,0.7000000000000001,27.808333333333334,27.695833333333336,27.675,27.670833333333334,0.096125,0.09395833333333332,0.09220833333333334,0.106
2022-01-30,u,27.45,86.04166666666667,24.895833333333332,32.96666666666667,1009.6541666666667,984.3458333333333,0.0,59.75,16.541666666666668,25.833333333333332,97.875,210.625,102.91666666666667,107.70833333333333,134.27083333333334,8.479166666666666,10.408333333333333,183.45833333333334,183.83333333333334,17.775000000000002,0.15166666666666667,0.5154166666666667,27.691666666666666,27.650000000000002,27.625,27.600000000000005,0.10066666666666667,0.09708333333333334,0.09120833333333334,0.10579166666666666
2022-01-31,u,28.27916666666667,80.0,24.40833333333333,33.1875,1008.8208333333333,983.5833333333334,0.0,46.666666666666664,13.125,8.041666666666666,99.66666666666667,269.9166666666667,164.16666666666666,105.75,212.35,11.975,14.820833333333333,177.79166666666666,177.125,21.358333333333334,0.20750000000000002,0.7870833333333334,27.795833333333334,27.6375,27.600000000000005,27.600000000000005,0.09595833333333333,0.09645833333333333,0.09075,0.105
2022-02-01,u,28.291666666666668,79.16666666666667,24.2625,33.737500000000004,1008.8791666666666,983.6374999999999,0.0,36.25,9.416666666666666,11.791666666666666,69.08333333333333,289.9166666666667,232.20833333333334,57.708333333333336,315.3333333333333,8.5,10.266666666666667,151.0,150.0,16.329166666666666,0.21375,0.8191666666666667,27.933333333333334,27.691666666666666,27.629166666666666,27.629166666666666,0.09691666666666666,0.09554166666666668,0.09000000000000001,0.105
2022-02-02,u,28.40416666666667,81.45833333333333,24.8625,34.88333333333333,1009.5541666666667,984.3166666666666,0.0,26.541666666666668,9.166666666666666,10.5,40.0,313.7083333333333,265.4166666666667,48.291666666666664,359.425,5.1375,9.120833333333334,271.2083333333333,137.70833333333334,11.316666666666668,0.2304166666666667,0.7370833333333334,27.816666666666666,27.75,27.666666666666668,27.641666666666666,0.09866666666666667,0.098125,0.09000000000000001,0.105
2022-02-03,u,27.883333333333336,83.33333333333333,24.745833333333334,33.795833333333334,1009.4416666666666,984.1666666666666,0.0,27.583333333333332,5.791666666666667,9.25,55.916666666666664,301.1666666666667,246.45833333333334,54.708333333333336,339.5125,7.508333333333333,10.695833333333333,257.0833333333333,164.04166666666666,15.391666666666666,0.21083333333333332,0.64125,27.816666666666666,27.65833333333333,27.600000000000005,27.5,0.09391666666666666,0.09525,0.08949999999999998,0.105
2022-02-04,u,27.329166666666666,84.25,24.40416666666667,31.9375,1008.3000000000001,983.0041666666666,0.0,57.125,11.666666666666666,33.0,89.16666666666667,253.79166666666666,182.54166666666666,71.25,247.46666666666667,13.375,16.570833333333333,185.625,185.875,24.4875,0.18416666666666667,0.58,27.7625,27.645833333333332,27.600000000000005,27.52916666666667,0.09391666666666666,0.09320833333333334,0.08858333333333333,0.105
2022-02-05,u,27.224999999999998,85.91666666666667,24.625,32.012499999999996,1007.9041666666667,982.6083333333332,0.0,78.08333333333333,22.291666666666668,50.291666666666664,96.29166666666667,204.29166666666666,106.54166666666667,97.75,138.59583333333333,12.200000000000001,14.758333333333333,170.95833333333334,171.08333333333334,22.083333333333332,0.15,0.5175,27.65416666666667,27.604166666666668,27.604166666666668,27.600000000000005,0.10075,0.09454166666666668,0.08775,0.10470833333333333
2022-02-06,u,27.483333333333334,84.16666666666667,24.545833333333334,33.420833333333334,1008.4541666666668,983.1666666666666,0.0,78.375,23.125,50.75,90.58333333333333,245.25,157.83333333333334,87.41666666666667,204.85833333333335,5.370833333333334,6.266666666666667,166.66666666666666,161.25,14.833333333333334,0.17875,0.58875,27.71666666666667,27.59583333333333,27.600000000000005,27.570833333333336,0.103,0.09983333333333333,0.08800000000000001,0.104
2022-02-07,u,27.958333333333332,83.04166666666667,24.787499999999998,33.97083333333333,1008.7833333333333,983.5208333333334,0.0,59.583333333333336,14.291666666666666,41.75,72.70833333333333,251.625,171.08333333333334,80.54166666666667,235.77916666666667,5.7,7.120833333333334,94.29166666666667,101.79166666666667,16.45,0.18625,0.6425,27.6375,27.5625,27.600000000000005,27.5,0.1055,0.10291666666666667,0.088375,0.104
2022-02-08,u,28.474999999999998,81.20833333333333,24.900000000000002,34.545833333333334,1009.5749999999999,984.3458333333333,0.0,56.916666666666664,12.0,36.791666666666664,80.91666666666667,265.875,188.54166666666666,77.33333333333333,258.15833333333336,6.266666666666667,7.204166666666667,157.25,187.29166666666666,14.25,0.19999999999999998,0.7429166666666668,27.6875,27.558333333333334,27.516666666666666,27.5,0.10591666666666666,0.10475,0.08995833333333332,0.104
2022-02-09,u,27.295833333333334,85.58333333333333,24.641666666666666,33.041666666666664,1009.1583333333333,983.8458333333333,0.0,72.20833333333333,15.291666666666666,48.083333333333336,98.5,207.625,113.875,93.75,135.85,6.395833333333333,7.483333333333333,196.16666666666666,228.25,13.291666666666666,0.14166666666666666,0.5229166666666667,27.5125,27.520833333333332,27.47083333333333,27.47083333333333,0.10516666666666667,0.10608333333333332,0.093625,0.104
2022-02-10,u,27.25,85.375,24.558333333333334,33.21666666666667,1008.3249999999999,983.0208333333334,0.0,76.375,10.375,62.708333333333336,97.5,188.83333333333334,82.41666666666667,106.41666666666667,103.65416666666665,4.033333333333333,4.704166666666667,187.75,167.08333333333334,14.9625,0.14125000000000001,0.5358333333333333,27.354166666666668,27.3875,27.370833333333334,27.370833333333334,0.10562500000000001,0.10612499999999998,0.09575,0.104
2022-02-11,u,27.316666666666666,83.41666666666667,24.241666666666664,32.9,1008.5083333333333,983.2125,0.0,82.16666666666667,11.333333333333334,70.25,99.875,120.25,28.541666666666668,91.70833333333333,39.00833333333333,4.5,5.7,188.41666666666666,194.29166666666666,14.641666666666666,0.09375,0.6004166666666667,27.191666666666666,27.22083333333333,27.3,27.3,0.10604166666666666,0.10470833333333333,0.09708333333333334,0.104
2022-02-12,u,27.45,81.33333333333333,23.979166666666668,32.44166666666667,1007.6166666666667,982.35,0.0,88.70833333333333,12.916666666666666,82.875,99.29166666666667,168.20833333333334,66.625,101.58333333333333,87.19166666666666,7.6000000000000005,9.383333333333333,106.25,110.83333333333333,13.633333333333333,0.13375,0.6829166666666667,27.008333333333336,27.05416666666667,27.270833333333332,27.270833333333332,0.10704166666666666,0.10633333333333334,0.09816666666666667,0.104
2022-02-13,u,27.34166666666667,86.375,24.837500000000002,33.0625,1007.7333333333332,982.4499999999999,0.0,85.5,17.208333333333332,73.04166666666667,95.29166666666667,171.875,87.04166666666667,84.83333333333333,110.34166666666665,6.441666666666666,7.508333333333333,228.0,219.25,12.329166666666666,0.12791666666666668,0.505,26.991666666666664,27.016666666666666,27.166666666666668,27.2,0.1075,0.10770833333333334,0.10066666666666667,0.10429166666666667
2022-02-14,u,26.2,89.83333333333333,24.395833333333332,31.616666666666664,1009.6625,984.2416666666667,0.0,88.04166666666667,51.041666666666664,50.791666666666664,93.83333333333333,97.58333333333333,15.75,81.83333333333333,20.104166666666668,6.133333333333333,7.195833333333333,278.4583333333333,276.2916666666667,16.283333333333335,0.07291666666666667,0.3445833333333333,26.9375,26.95,27.100000000000005,27.2,0.109,0.10929166666666668,0.10245833333333333,0.10525
2022-02-15,u,26.825000000000003,89.54166666666667,24.933333333333334,32.420833333333334,1009.1833333333334,983.8291666666668,0.0,60.125,37.625,25.083333333333332,38.375,249.08333333333334,163.29166666666666,85.79166666666667,217.20000000000002,8.9375,10.258333333333333,303.4583333333333,303.3333333333333,18.895833333333332,0.165,0.3754166666666667,27.474999999999998,27.125,27.1875,27.287499999999998,0.10625,0.10583333333333333,0.104,0.106
2022-02-16,u,26.974999999999998,89.08333333333333,25.037499999999998,33.2875,1007.6791666666667,982.3583333333332,0.0,52.25,29.125,23.25,40.458333333333336,267.125,198.79166666666666,68.33333333333333,261.41249999999997,5.595833333333334,6.158333333333334,304.9166666666667,285.25,14.145833333333334,0.18125,0.38875,27.620833333333334,27.4375,27.399999999999995,27.5,0.10595833333333333,0.10683333333333334,0.10429166666666667,0.106
2022-02-17,u,27.087500000000002,87.41666666666667,24.787499999999998,33.47083333333334,1007.9208333333332,982.6208333333334,0.0,56.125,32.458333333333336,18.416666666666668,55.041666666666664,278.4166666666667,213.58333333333334,64.83333333333333,285.79583333333335,4.045833333333333,4.6000000000000005,231.125,185.70833333333334,15.020833333333334,0.19208333333333336,0.46125,27.849999999999998,27.558333333333334,27.487499999999997,27.587500000000002,0.10575,0.10691666666666666,0.10475,0.106
2022-02-18,u,27.491666666666664,84.625,24.662499999999998,33.7125,1009.6083333333332,984.3041666666667,0.0,52.791666666666664,17.041666666666668,27.958333333333332,71.91666666666667,265.4166666666667,182.83333333333334,82.58333333333333,243.26666666666665,4.583333333333333,5.616666666666667,107.5,108.66666666666667,14.270833333333334,0.19208333333333336,0.5666666666666667,27.84583333333333,27.758333333333336,27.7,27.8,0.10562500000000001,0.1065,0.10420833333333333,0.106
2022-02-19,u,27.545833333333334,86.08333333333333,24.9875,33.954166666666666,1009.7333333333332,984.4208333333332,0.0,55.125,13.25,26.916666666666668,90.5,273.25,192.16666666666666,81.08333333333333,249.99166666666667,4.679166666666666,5.304166666666666,272.4583333333333,269.6666666666667,12.658333333333333,0.19125,0.5183333333333333,28.0,27.795833333333334,27.729166666666668,27.8,0.10620833333333334,0.10812499999999999,0.10420833333333333,0.106
2022-02-20,u,27.175,87.625,24.916666666666668,32.762499999999996,1009.4791666666666,984.1333333333333,0.0,50.583333333333336,24.208333333333332,7.041666666666667,81.75,274.8333333333333,200.33333333333334,74.5,255.58333333333334,9.924999999999999,12.004166666666668,196.75,198.33333333333334,19.2375,0.18708333333333335,0.4566666666666667,28.0,27.854166666666668,27.770833333333332,27.770833333333332,0.10562500000000001,0.10766666666666667,0.10595833333333333,0.106
2022-02-21,u,26.150000000000002,90.33333333333333,24.420833333333334,30.883333333333336,1009.6041666666666,984.1875,0.0,92.83333333333333,40.958333333333336,72.54166666666667,99.875,92.79166666666667,13.25,79.54166666666667,17.5,11.025,14.075000000000001,191.70833333333334,194.95833333333334,22.570833333333336,0.07333333333333333,0.33208333333333334,27.495833333333334,27.625,27.7,27.7,0.106875,0.10645833333333332,0.10504166666666666,0.106
2022-02-22,u,26.837500000000002,86.04166666666667,24.266666666666666,31.020833333333332,1009.9166666666666,984.5458333333332,0.0,90.08333333333333,26.958333333333332,65.54166666666667,94.16666666666667,232.875,136.66666666666666,96.20833333333333,169.14166666666668,15.5625,19.091666666666665,181.41666666666666,183.41666666666666,25.254166666666666,0.1691666666666667,0.5083333333333333,27.666666666666668,27.537499999999998,27.61666666666667,27.670833333333334,0.10662500000000001,0.10725,0.10504166666666666,0.106
2022-02-23,u,26.45,87.95833333333333,24.27916666666667,31.15416666666667,1010.5791666666668,985.1666666666666,0.0,74.29166666666667,25.833333333333332,44.791666666666664,99.83333333333333,124.83333333333333,19.375,105.45833333333333,27.087500000000002,10.541666666666666,12.891666666666666,176.16666666666666,179.625,21.483333333333334,0.09500000000000001,0.41875,27.491666666666664,27.483333333333334,27.575000000000003,27.600000000000005,0.10462500000000001,0.10554166666666666,0.10508333333333332,0.106
2022-02-24,u,26.837500000000002,85.54166666666667,24.204166666666666,31.504166666666666,1010.8416666666667,985.4541666666668,0.0,47.458333333333336,16.916666666666668,21.791666666666668,63.666666666666664,258.0416666666667,179.58333333333334,78.45833333333333,236.44583333333333,12.424999999999999,14.791666666666666,176.58333333333334,176.08333333333334,21.7375,0.17500000000000002,0.5133333333333333,27.495833333333334,27.445833333333336,27.541666666666668,27.570833333333336,0.10179166666666667,0.10316666666666667,0.10445833333333332,0.106
2022-02-25,u,27.458333333333332,82.04166666666667,24.09583333333333,32.87083333333333,1010.0,984.6750000000001,0.0,53.916666666666664,17.708333333333332,19.5,87.54166666666667,243.75,156.5,87.25,197.9333333333333,6.804166666666667,7.979166666666667,153.125,149.875,15.320833333333333,0.18000000000000002,0.6654166666666667,27.433333333333334,27.370833333333334,27.399999999999995,27.47083333333333,0.10208333333333335,0.10212500000000001,0.10341666666666666,0.106
2022-02-27,u,27.558333333333334,85.875,24.954166666666666,34.125,1009.4166666666666,984.1208333333334,0.0,59.791666666666664,13.708333333333334,29.083333333333332,99.75,262.5833333333333,175.875,86.70833333333333,224.52916666666667,3.3166666666666664,3.8000000000000003,207.25,131.41666666666666,13.916666666666666,0.19041666666666668,0.5266666666666667,27.429166666666664,27.308333333333334,27.3,27.370833333333334,0.10466666666666667,0.10658333333333332,0.105,0.106
2022-02-28,u,28.224999999999998,81.41666666666667,24.670833333333334,34.362500000000004,1008.6,983.3791666666666,0.0,50.958333333333336,11.416666666666666,19.875,96.91666666666667,265.9166666666667,184.66666666666666,81.25,245.98749999999998,4.95,6.1375,132.04166666666666,120.0,15.9,0.19875,0.7258333333333334,27.620833333333334,27.3875,27.358333333333334,27.358333333333334,0.10195833333333333,0.10520833333333333,0.10516666666666667,0.106
2022-03-01,u,28.21666666666667,81.125,24.645833333333332,34.02916666666666,1008.3833333333333,983.1541666666667,0.0,61.25,23.666666666666668,20.75,93.0,249.16666666666666,164.375,84.79166666666667,221.70000000000002,6.508333333333333,8.174999999999999,124.5,119.625,15.3375,0.18958333333333333,0.7304166666666667,27.541666666666668,27.466666666666665,27.441666666666666,27.47083333333333,0.103,0.1045,0.10512499999999998,0.106
2022-03-02,u,27.84166666666667,85.16666666666667,25.108333333333334,34.050000000000004,1007.8166666666666,982.5791666666668,0.0,63.708333333333336,25.166666666666668,20.041666666666668,96.70833333333333,226.91666666666666,125.58333333333333,101.33333333333333,166.16666666666666,5.283333333333333,6.3625,142.08333333333334,130.91666666666666,15.362499999999999,0.16749999999999998,0.5591666666666667,27.462500000000002,27.358333333333334,27.3,27.370833333333334,0.10733333333333334,0.108,0.106,0.106
2022-03-03,u,28.05,83.375,24.962500000000002,34.1875,1008.0416666666666,982.8166666666666,0.0,63.791666666666664,27.625,23.0,87.41666666666667,224.125,120.5,103.625,162.48333333333332,4.941666666666666,6.008333333333333,131.33333333333334,118.79166666666667,14.729166666666666,0.17041666666666666,0.6333333333333333,27.566666666666666,27.34166666666667,27.3,27.3,0.10462500000000001,0.10658333333333332,0.106375,0.106
2022-03-04,u,27.245833333333334,87.08333333333333,24.8625,32.9125,1009.7083333333334,984.3666666666667,0.0,57.041666666666664,22.208333333333332,23.541666666666668,76.41666666666667,248.66666666666666,160.125,88.54166666666667,208.0041666666667,8.383333333333335,10.025,160.41666666666666,161.375,15.4375,0.16833333333333333,0.47541666666666665,27.537499999999998,27.379166666666666,27.329166666666666,27.329166666666666,0.10575,0.10616666666666667,0.10612499999999998,0.106
2022-03-05,u,27.3625,85.625,24.7,32.3375,1009.4208333333332,984.1041666666666,0.0,63.75,25.0,20.625,96.16666666666667,231.41666666666666,128.04166666666666,103.375,159.79166666666666,12.120833333333332,14.75,200.375,202.375,21.920833333333334,0.16958333333333334,0.5345833333333333,27.625,27.433333333333334,27.399999999999995,27.399999999999995,0.1065,0.10712499999999998,0.10620833333333334,0.106
2022-03-06,u,26.65833333333333,89.33333333333333,24.733333333333334,31.895833333333332,1009.2416666666667,983.8708333333334,0.0,68.625,35.458333333333336,13.291666666666666,96.125,237.29166666666666,150.95833333333334,86.33333333333333,194.37083333333337,10.479166666666666,12.683333333333332,200.70833333333334,202.70833333333334,20.141666666666666,0.16125,0.3775,27.575,27.433333333333334,27.399999999999995,27.399999999999995,0.10758333333333332,0.10745833333333332,0.10683333333333334,0.106
2022-03-07,u,26.833333333333332,88.625,24.78333333333333,32.833333333333336,1008.9833333333332,983.6416666666668,0.0,69.5,37.083333333333336,17.916666666666668,94.0,228.83333333333334,131.625,97.20833333333333,176.4125,5.454166666666667,6.029166666666666,239.70833333333334,238.79166666666666,14.6875,0.16,0.4083333333333334,27.520833333333332,27.40833333333333,27.399999999999995,27.399999999999995,0.10741666666666666,0.109,0.10829166666666667,0.106
2022-03-08,u,27.008333333333336,87.5,24.71666666666667,33.06666666666667,1008.6791666666667,983.3458333333333,0.0,62.875,26.458333333333332,21.166666666666668,94.04166666666667,272.7916666666667,208.66666666666666,64.125,256.96250000000003,6.075,6.854166666666667,212.29166666666666,200.08333333333334,14.433333333333332,0.18083333333333332,0.45458333333333334,27.587500000000002,27.433333333333334,27.399999999999995,27.399999999999995,0.10625,0.10870833333333334,0.1085,0.106
2022-03-09,u,26.879166666666666,88.45833333333333,24.795833333333334,33.016666666666666,1008.275,982.9499999999999,0.0,64.16666666666667,22.916666666666668,35.333333333333336,74.33333333333333,230.95833333333334,141.95833333333334,89.0,188.23333333333335,4.541666666666667,4.8625,234.20833333333334,257.4166666666667,12.733333333333334,0.16333333333333333,0.4154166666666667,27.520833333333332,27.400000000000002,27.399999999999995,27.370833333333334,0.10616666666666667,0.10825,0.10875,0.10679166666666666
2022-03-10,u,26.90416666666667,88.33333333333333,24.804166666666664,32.987500000000004,1007.7375000000001,982.4166666666666,0.0,65.70833333333333,25.875,29.875,84.625,235.91666666666666,153.75,82.16666666666667,203.87916666666663,5.158333333333333,5.870833333333334,176.5,173.33333333333334,11.870833333333332,0.16083333333333336,0.41625,27.483333333333334,27.383333333333336,27.370833333333334,27.3,0.10633333333333334,0.10791666666666666,0.11025,0.10708333333333332
2022-03-11,u,27.170833333333334,88.0,24.995833333333334,33.545833333333334,1006.9875000000001,981.7125,0.0,70.41666666666667,32.416666666666664,31.875,75.875,211.75,124.58333333333333,87.16666666666667,158.29166666666666,3.720833333333333,3.891666666666667,252.125,204.75,15.25,0.15333333333333335,0.43375,27.925,27.474999999999998,27.474999999999998,27.474999999999998,0.10641666666666666,0.10741666666666666,0.109875,0.108
2022-03-12,u,27.7625,86.25,25.2375,34.5,1007.0083333333333,981.7833333333333,0.0,53.333333333333336,24.458333333333332,14.666666666666666,78.83333333333333,269.875,203.29166666666666,66.58333333333333,277.54583333333335,3.5375,3.6999999999999997,233.29166666666666,207.58333333333334,13.633333333333333,0.19499999999999998,0.51875,28.2,27.974999999999998,27.899999999999995,27.899999999999995,0.10312500000000001,0.10333333333333333,0.10775,0.108
2022-03-13,u,27.575,87.70833333333333,25.320833333333336,34.02916666666667,1008.4291666666667,983.1583333333333,0.0,71.04166666666667,35.583333333333336,20.083333333333332,93.25,245.75,166.54166666666666,79.20833333333333,213.975,5.116666666666666,5.445833333333333,272.5,273.4166666666667,13.174999999999999,0.17208333333333334,0.46,28.09583333333333,28.008333333333336,27.904166666666665,27.899999999999995,0.10333333333333333,0.10316666666666667,0.105375,0.108
2022-03-14,u,27.695833333333336,86.875,25.304166666666664,33.93333333333333,1008.525,983.2583333333333,0.0,57.291666666666664,32.041666666666664,12.458333333333334,71.91666666666667,264.7083333333333,198.58333333333334,66.125,251.3708333333333,7.1625000000000005,7.591666666666666,311.7083333333333,315.3333333333333,15.729166666666666,0.18333333333333335,0.4916666666666667,28.287499999999998,28.037499999999998,27.958333333333332,27.958333333333332,0.10475,0.10583333333333333,0.10420833333333333,0.108
2022-03-15,u,27.662499999999998,88.0,25.491666666666664,34.05833333333333,1007.8083333333334,982.5708333333333,0.0,52.5,24.958333333333332,15.333333333333334,69.08333333333333,265.0416666666667,193.95833333333334,71.08333333333333,253.8125,6.9624999999999995,7.6499999999999995,300.1666666666667,303.125,15.608333333333334,0.1825,0.4495833333333333,28.420833333333334,28.224999999999998,28.100000000000005,28.070833333333336,0.10670833333333334,0.10762500000000001,0.10375,0.108
2022-03-16,u,27.483333333333334,88.70833333333333,25.433333333333334,33.641666666666666,1008.1625,982.8874999999999,0.0,59.708333333333336,29.083333333333332,16.958333333333332,78.125,250.58333333333334,170.54166666666666,80.04166666666667,223.5,7.608333333333333,8.708333333333334,282.4583333333333,282.2916666666667,16.841666666666665,0.16833333333333333,0.41875,28.325,28.15416666666667,28.070833333333336,28.0,0.10662500000000001,0.10833333333333334,0.10429166666666667,0.108
2022-03-17,u,28.116666666666664,87.41666666666667,25.816666666666666,34.449999999999996,1007.7916666666666,982.5749999999999,0.0,38.916666666666664,19.208333333333332,13.208333333333334,45.375,286.9583333333333,230.0,56.958333333333336,304.5541666666667,9.295833333333333,10.875,319.5,318.875,18.370833333333334,0.19999999999999998,0.48541666666666666,28.491666666666664,28.208333333333332,28.02916666666667,28.02916666666667,0.10266666666666667,0.10570833333333333,0.10533333333333333,0.108
2022-03-18,u,27.84166666666667,88.625,25.77916666666667,34.30416666666667,1007.2624999999999,982.025,0.0,60.625,28.375,13.666666666666666,89.625,241.54166666666666,155.66666666666666,85.875,198.19583333333333,7.283333333333334,8.225,302.5833333333333,305.0833333333333,17.0875,0.16708333333333333,0.4295833333333334,28.40833333333333,28.27916666666667,28.170833333333334,28.070833333333336,0.1025,0.10225,0.10445833333333332,0.108
2022-03-19,u,27.066666666666666,88.625,25.0,32.85,1007.3916666666668,982.1,0.0,72.29166666666667,29.958333333333332,27.25,96.45833333333333,221.125,138.125,83.0,173.71666666666667,7.958333333333333,9.720833333333333,200.79166666666666,200.41666666666666,16.208333333333332,0.1575,0.41208333333333336,28.204166666666666,28.125,28.070833333333336,27.97083333333333,0.10404166666666666,0.10066666666666667,0.10370833333333333,0.108
2022-03-20,u,27.429166666666664,84.75,24.620833333333334,32.92916666666667,1008.3874999999999,983.0833333333334,0.0,67.20833333333333,18.25,35.0,98.95833333333333,197.5,111.58333333333333,85.91666666666667,155.9625,6.983333333333333,8.416666666666666,141.375,139.0,16.004166666666666,0.14791666666666667,0.5608333333333334,27.929166666666664,27.954166666666666,27.97083333333333,27.870833333333334,0.104,0.10170833333333335,0.10233333333333333,0.108
2022-03-21,u,26.84583333333333,88.70833333333333,24.820833333333336,32.858333333333334,1009.8708333333334,984.4833333333332,0.0,77.875,32.0,40.583333333333336,98.66666666666667,177.75,70.45833333333333,107.29166666666667,93.7625,4.5,5.670833333333333,143.125,126.58333333333333,14.445833333333333,0.12875,0.39916666666666667,27.729166666666668,27.78333333333333,27.870833333333334,27.770833333333332,0.10854166666666666,0.1075,0.10279166666666666,0.108
2022-03-22,u,27.558333333333334,85.25,24.858333333333334,33.725,1010.1458333333334,984.8083333333334,0.0,60.166666666666664,21.0,31.833333333333332,75.875,244.95833333333334,167.875,77.08333333333333,233.32083333333333,5.104166666666667,6.4875,101.08333333333333,99.83333333333333,14.745833333333332,0.1775,0.5445833333333333,27.7375,27.704166666666666,27.8,27.7,0.10720833333333334,0.10862500000000001,0.10491666666666666,0.108
2022-03-23,u,27.787499999999998,84.41666666666667,24.8875,34.229166666666664,1010.0500000000001,984.7458333333334,0.0,38.541666666666664,15.0,10.708333333333334,62.0,284.3333333333333,229.08333333333334,55.25,311.3625,4.5249999999999995,4.7875000000000005,177.08333333333334,156.29166666666666,13.883333333333333,0.2041666666666667,0.59,27.808333333333334,27.708333333333332,27.724999999999998,27.7,0.10212500000000001,0.10520833333333333,0.105,0.108
2022-03-24,u,28.1375,82.54166666666667,24.866666666666664,34.34583333333333,1009.7208333333333,984.4583333333334,0.0,41.333333333333336,17.0,10.958333333333334,67.91666666666667,271.1666666666667,200.95833333333334,70.20833333333333,266.175,5.654166666666666,6.308333333333334,155.83333333333334,158.41666666666666,14.204166666666666,0.19458333333333333,0.6699999999999999,28.349999999999998,27.912499999999998,27.84583333333333,27.84583333333333,0.09658333333333334,0.10025,0.10379166666666666,0.108
2022-03-25,u,27.258333333333336,88.20833333333333,25.133333333333336,33.699999999999996,1011.0875,985.7166666666667,0.0,47.333333333333336,19.0,10.833333333333334,79.16666666666667,252.95833333333334,173.54166666666666,79.41666666666667,229.79166666666666,4.579166666666667,5.133333333333334,210.91666666666666,196.0,12.741666666666667,0.17708333333333334,0.43041666666666667,28.0625,28.141666666666666,28.083333333333332,28.083333333333332,0.105,0.102375,0.10304166666666666,0.108
2022-03-26,u,27.395833333333332,86.66666666666667,24.95,33.65416666666667,1010.9916666666667,985.65,0.0,36.5,14.208333333333334,7.5,63.666666666666664,265.0833333333333,200.20833333333334,64.875,263.1041666666667,5.295833333333333,5.795833333333333,271.7083333333333,266.75,12.8375,0.18041666666666667,0.49333333333333335,27.941666666666666,27.849999999999998,27.8,27.8,0.104375,0.10425,0.103,0.108
2022-03-27,u,26.84583333333333,88.75,24.8,32.71666666666667,1010.85,985.4416666666666,0.0,43.958333333333336,15.833333333333334,14.208333333333334,70.41666666666667,235.875,161.75,74.125,203.3166666666667,6.6875,7.620833333333334,191.41666666666666,192.54166666666666,15.204166666666666,0.16041666666666668,0.4066666666666667,28.03333333333333,27.8875,27.858333333333334,27.829166666666666,0.10520833333333333,0.10595833333333333,0.103,0.108
2022-03-28,u,28.066666666666666,81.75,24.616666666666664,33.92916666666667,1010.1416666666668,984.8583333333332,0.0,45.666666666666664,13.5,7.208333333333333,96.95833333333333,224.75,129.875,94.875,176.89583333333334,5.554166666666667,6.3625,223.95833333333334,222.125,12.420833333333334,0.16874999999999998,0.7029166666666667,28.004166666666666,27.9375,27.97083333333333,27.899999999999995,0.10454166666666666,0.10612499999999998,0.10408333333333332,0.108
2022-03-29,u,27.354166666666668,83.25,24.2375,32.958333333333336,1010.3333333333334,984.9791666666666,0.0,53.833333333333336,14.5,18.875,98.625,205.875,90.04166666666667,115.83333333333333,111.72083333333335,5.3374999999999995,5.808333333333334,236.25,237.5,12.475,0.15208333333333332,0.6145833333333334,27.891666666666666,27.879166666666666,27.899999999999995,27.870833333333334,0.10429166666666667,0.10529166666666667,0.105,0.108
2022-03-30,u,27.587500000000002,82.83333333333333,24.391666666666666,32.579166666666666,1010.4499999999999,985.125,0.0,62.083333333333336,10.708333333333334,39.041666666666664,96.75,200.08333333333334,95.625,104.45833333333333,131.80416666666667,9.741666666666667,11.191666666666668,303.9166666666667,305.25,16.787499999999998,0.15208333333333332,0.6383333333333333,27.900000000000002,27.854166666666668,27.899999999999995,27.8,0.1025,0.10479166666666666,0.10412499999999998,0.108
2022-03-31,u,27.95,80.75,24.287499999999998,33.079166666666666,1010.3916666666668,985.1083333333332,0.0,51.583333333333336,9.375,40.708333333333336,62.166666666666664,276.4583333333333,220.58333333333334,55.875,288.5708333333333,10.570833333333333,12.170833333333334,324.4583333333333,325.5,18.766666666666666,0.20166666666666666,0.7374999999999999,28.170833333333334,27.95,27.899999999999995,27.829166666666666,0.10133333333333333,0.10266666666666667,0.1025,0.108
2022-04-01,u,26.575,89.125,24.633333333333336,32.199999999999996,1010.8791666666666,985.4499999999999,0.0,55.958333333333336,27.583333333333332,22.708333333333332,60.0,240.20833333333334,173.08333333333334,67.125,225.05416666666667,7.6375,8.770833333333334,274.5,274.5833333333333,16.166666666666668,0.15958333333333333,0.38083333333333336,28.03333333333333,27.95,27.899999999999995,27.870833333333334,0.10466666666666667,0.104875,0.10183333333333333,0.10704166666666666
2022-04-02,u,26.491666666666664,88.375,24.40416666666667,32.074999999999996,1010.9083333333333,985.4833333333332,0.0,50.583333333333336,23.666666666666668,23.208333333333332,51.583333333333336,224.375,142.08333333333334,82.29166666666667,190.225,6.366666666666667,7.454166666666667,245.16666666666666,245.25,13.637500000000001,0.15041666666666667,0.4075,27.758333333333336,27.795833333333334,27.870833333333334,27.770833333333332,0.1065,0.10754166666666666,0.10279166666666666,0.107
2022-04-03,u,26.820833333333336,88.08333333333333,24.65833333333333,32.69583333333333,1010.8041666666667,985.3958333333334,0.0,37.5,23.083333333333332,9.208333333333334,37.375,260.9166666666667,198.95833333333334,61.958333333333336,268.79583333333335,6.3875,7.095833333333334,245.5,241.58333333333334,15.483333333333334,0.1725,0.42583333333333334,28.025000000000002,27.8,27.858333333333334,27.816666666666666,0.10570833333333333,0.1065,0.10379166666666666,0.107
2022-04-04,u,27.037499999999998,87.125,24.704166666666666,32.987500000000004,1011.4083333333333,986.0041666666666,0.0,32.916666666666664,18.916666666666668,9.666666666666666,33.666666666666664,283.4166666666667,234.54166666666666,48.875,323.9916666666667,6.866666666666667,7.579166666666667,288.4583333333333,286.5416666666667,15.133333333333333,0.18958333333333333,0.4633333333333333,28.224999999999998,28.041666666666668,28.02916666666667,28.02916666666667,0.10329166666666667,0.10508333333333332,0.10320833333333333,0.107
2022-04-05,u,27.416666666666668,82.75,24.175,32.86666666666667,1011.7291666666666,986.3583333333332,0.0,27.916666666666668,12.541666666666666,12.208333333333334,30.916666666666668,282.5833333333333,234.66666666666666,47.916666666666664,329.5,7.8,8.975,305.0416666666667,304.0833333333333,15.208333333333334,0.19791666666666666,0.6425,28.133333333333336,28.058333333333334,28.041666666666668,28.041666666666668,0.09783333333333333,0.10066666666666667,0.101125,0.107
2022-04-06,u,26.599999999999998,87.875,24.420833333333334,32.045833333333334,1011.3833333333333,985.9541666666668,0.0,50.833333333333336,29.25,21.458333333333332,41.708333333333336,216.125,142.45833333333334,73.66666666666667,194.9416666666667,7.304166666666667,8.870833333333334,274.9166666666667,273.0833333333333,18.6875,0.14666666666666667,0.42583333333333334,27.979166666666668,27.883333333333336,27.899999999999995,27.870833333333334,0.09779166666666667,0.10016666666666667,0.10083333333333333,0.107
2022-04-07,u,26.65833333333333,87.58333333333333,24.412499999999998,32.25,1010.5083333333333,985.1,0.0,52.416666666666664,25.583333333333332,16.0,66.41666666666667,244.45833333333334,182.70833333333334,61.75,258.8125,6.808333333333334,8.070833333333333,284.1666666666667,283.375,16.245833333333334,0.16541666666666666,0.44375000000000003,27.912499999999998,27.795833333333334,27.870833333333334,27.8,0.09949999999999999,0.09879166666666667,0.10008333333333334,0.107
2022-04-08,u,27.333333333333332,85.375,24.625,32.862500000000004,1010.0791666666668,984.7541666666666,0.0,37.875,13.25,14.958333333333334,56.541666666666664,264.9583333333333,208.25,56.708333333333336,292.96666666666664,8.65,10.383333333333333,233.25,235.66666666666666,16.6875,0.18125,0.5404166666666667,28.1375,27.84583333333333,27.829166666666666,27.829166666666666,0.09820833333333334,0.09791666666666667,0.09900000000000002,0.107
2022-04-09,u,27.15833333333333,86.45833333333333,24.6875,32.8875,1009.8958333333334,984.5500000000001,0.0,32.083333333333336,20.041666666666668,13.166666666666666,20.291666666666668,227.95833333333334,167.79166666666666,60.166666666666664,240.0041666666667,6.558333333333334,7.583333333333333,235.95833333333334,234.75,14.6,0.15583333333333335,0.4945833333333333,28.041666666666668,27.929166666666664,27.899999999999995,27.899999999999995,0.09966666666666667,0.09804166666666668,0.09825,0.107
2022-04-10,u,27.425,85.0,24.670833333333334,33.487500000000004,1010.4666666666667,985.125,0.0,42.166666666666664,17.833333333333332,12.833333333333334,61.208333333333336,253.70833333333334,188.375,65.33333333333333,262.39166666666665,5.0125,5.708333333333333,281.25,274.7083333333333,11.808333333333332,0.1758333333333333,0.5537500000000001,28.054166666666664,27.90416666666667,27.899999999999995,27.899999999999995,0.1035,0.101875,0.09766666666666668,0.107
2022-04-11,u,27.59583333333333,81.375,24.1125,32.80833333333333,1010.2916666666666,984.9625,0.0,23.791666666666668,12.125,5.291666666666667,32.166666666666664,260.2083333333333,207.33333333333334,52.875,301.5125,8.445833333333333,10.083333333333334,322.5833333333333,316.9583333333333,16.879166666666666,0.18375,0.6891666666666666,28.02916666666667,27.925,27.899999999999995,27.899999999999995,0.10058333333333334,0.103875,0.09800000000000002,0.10604166666666666
2022-04-12,u,27.3125,79.875,23.53333333333333,32.37916666666667,1009.4041666666667,984.0791666666668,0.0,23.5,9.333333333333334,9.916666666666666,30.416666666666668,269.2916666666667,221.70833333333334,47.583333333333336,314.49583333333334,7.354166666666667,8.658333333333333,310.2083333333333,306.125,15.137500000000001,0.18875,0.7283333333333334,27.9375,27.829166666666666,27.899999999999995,27.899999999999995,0.09541666666666666,0.09954166666666668,0.09720833333333334,0.106
2022-04-13,u,27.2625,84.0,24.304166666666664,32.74166666666667,1009.375,984.0375,0.0,29.875,13.083333333333334,11.208333333333334,37.5,269.1666666666667,220.83333333333334,48.333333333333336,316.60833333333335,7.845833333333334,8.7875,315.7083333333333,314.875,14.520833333333334,0.18458333333333332,0.5825,28.02916666666667,27.858333333333334,27.899999999999995,27.899999999999995,0.092625,0.09645833333333333,0.09620833333333334,0.106
2022-04-14,u,27.900000000000002,83.375,24.808333333333334,33.270833333333336,1009.3541666666666,984.0749999999999,0.0,26.208333333333332,16.958333333333332,7.541666666666667,21.541666666666668,270.8333333333333,226.29166666666666,44.541666666666664,321.125,10.85,12.841666666666667,322.125,321.4166666666667,18.375,0.19499999999999998,0.6316666666666667,28.09583333333333,27.90416666666667,27.899999999999995,27.899999999999995,0.09049999999999998,0.09408333333333334,0.09616666666666666,0.106
2022-04-15,u,28.09583333333333,83.625,25.03333333333333,33.858333333333334,1009.6125000000001,984.3625000000001,0.0,38.083333333333336,17.541666666666668,12.875,48.416666666666664,268.375,223.625,44.75,317.94166666666666,9.079166666666667,10.483333333333333,322.7083333333333,322.5833333333333,16.095833333333335,0.1925,0.63125,28.150000000000002,27.983333333333334,27.899999999999995,27.899999999999995,0.08845833333333332,0.09208333333333334,0.09549999999999999,0.106
2022-04-16,u,27.454166666666666,87.5,25.179166666666664,33.704166666666666,1009.3041666666667,984.0,0.0,44.958333333333336,20.083333333333332,16.791666666666668,55.958333333333336,237.875,174.75,63.125,231.54583333333335,6.058333333333334,6.841666666666666,277.7083333333333,278.1666666666667,13.704166666666666,0.16708333333333333,0.46166666666666667,27.883333333333336,27.90416666666667,27.841666666666665,27.841666666666665,0.09766666666666667,0.095625,0.094375,0.106
2022-04-17,u,27.641666666666666,86.91666666666667,25.245833333333334,33.775,1008.9583333333334,983.6625,0.0,51.166666666666664,19.0,9.458333333333334,94.58333333333333,241.83333333333334,175.45833333333334,66.375,234.51250000000002,7.066666666666666,8.170833333333333,296.0,222.79166666666666,13.799999999999999,0.16666666666666666,0.48833333333333334,27.8125,27.741666666666664,27.7,27.7,0.105,0.10495833333333333,0.09429166666666666,0.106
2022-04-18,u,27.412499999999998,88.5,25.320833333333336,34.00416666666667,1009.3166666666666,984.0083333333333,0.0,66.83333333333333,33.75,20.916666666666668,98.125,175.75,88.54166666666667,87.20833333333333,123.0125,2.858333333333333,3.4,167.41666666666666,156.875,10.529166666666667,0.12833333333333333,0.4245833333333333,27.724999999999998,27.691666666666666,27.670833333333334,27.670833333333334,0.10795833333333334,0.10866666666666668,0.09645833333333333,0.10545833333333332
2022-04-19,u,26.891666666666666,90.20833333333333,25.125,32.795833333333334,1010.0208333333334,984.65,0.0,90.41666666666667,34.5,71.20833333333333,99.16666666666667,126.70833333333333,38.666666666666664,88.04166666666667,60.675000000000004,6.079166666666667,7.075,230.58333333333334,219.33333333333334,11.270833333333334,0.09250000000000001,0.3491666666666667,27.479166666666668,27.5125,27.570833333333336,27.570833333333336,0.10929166666666668,0.10883333333333334,0.100875,0.105
2022-04-20,u,26.95,89.20833333333333,25.016666666666666,32.858333333333334,1010.1750000000001,984.8125,0.0,89.875,40.916666666666664,66.33333333333333,97.58333333333333,151.875,72.125,79.75,102.69166666666666,5.6625000000000005,6.670833333333333,212.75,205.45833333333334,13.637500000000001,0.11166666666666668,0.38375000000000004,27.46666666666667,27.433333333333334,27.5,27.5,0.10895833333333334,0.107875,0.10341666666666666,0.105
2022-04-21,u,27.1875,88.75,25.162499999999998,33.458333333333336,1009.9958333333334,984.6291666666666,0.0,69.875,20.958333333333332,45.5,84.41666666666667,208.25,144.66666666666666,63.583333333333336,194.72916666666666,4.958333333333333,5.708333333333333,172.375,163.83333333333334,15.754166666666668,0.14875,0.4054166666666667,27.583333333333332,27.483333333333334,27.5,27.5,0.10679166666666666,0.10858333333333332,0.10595833333333333,0.105
2022-04-22,u,27.429166666666664,88.5,25.333333333333332,33.43333333333333,1010.725,985.3791666666666,0.0,57.083333333333336,19.666666666666668,21.208333333333332,89.375,227.29166666666666,145.25,82.04166666666667,194.69583333333333,7.9624999999999995,9.566666666666666,309.625,308.875,14.354166666666666,0.15833333333333333,0.425,27.7375,27.5625,27.52916666666667,27.52916666666667,0.10491666666666666,0.10754166666666666,0.107,0.10583333333333333
2022-04-23,u,27.879166666666666,87.04166666666667,25.483333333333334,33.612500000000004,1009.4,984.125,0.0,43.166666666666664,20.208333333333332,15.583333333333334,51.875,253.79166666666666,205.125,48.666666666666664,290.3375,10.891666666666666,13.120833333333332,327.3333333333333,328.875,18.037499999999998,0.1775,0.49583333333333335,27.870833333333334,27.683333333333334,27.600000000000005,27.600000000000005,0.10441666666666666,0.10679166666666666,0.107,0.106
2022-04-24,u,27.8125,86.95833333333333,25.395833333333332,34.262499999999996,1008.8833333333333,983.625,0.0,31.666666666666668,16.208333333333332,18.25,20.5,257.375,213.70833333333334,43.666666666666664,308.4875,5.75,6.6499999999999995,201.16666666666666,202.79166666666666,12.629166666666668,0.18041666666666667,0.49416666666666664,28.0,27.7625,27.629166666666666,27.629166666666666,0.105,0.10541666666666666,0.10620833333333334,0.106
2022-04-25,u,27.708333333333332,85.04166666666667,24.9375,32.97083333333333,1008.6041666666666,983.3333333333334,0.0,26.166666666666668,13.875,11.541666666666666,22.416666666666668,245.25,195.79166666666666,49.458333333333336,280.02500000000003,11.191666666666668,13.220833333333333,323.4166666666667,323.5416666666667,19.116666666666667,0.1708333333333333,0.5620833333333334,27.849999999999998,27.754166666666666,27.670833333333334,27.641666666666666,0.102,0.10366666666666667,0.10570833333333333,0.106
2022-04-26,u,27.625,84.41666666666667,24.712500000000002,33.608333333333334,1008.0708333333333,982.8083333333334,0.0,33.875,15.958333333333334,10.583333333333334,43.583333333333336,253.08333333333334,203.54166666666666,49.541666666666664,294.40000000000003,6.1125,6.491666666666667,243.79166666666666,262.875,13.8125,0.18375,0.58875,27.6875,27.616666666666664,27.600000000000005,27.52916666666667,0.09679166666666666,0.10016666666666667,0.10483333333333333,0.106
2022-04-27,u,27.820833333333336,84.16666666666667,24.84166666666667,33.96666666666667,1008.1041666666666,982.8625000000001,0.0,21.708333333333332,5.5,3.875,47.875,265.3333333333333,224.45833333333334,40.875,332.575,5.495833333333334,5.933333333333334,162.08333333333334,154.54166666666666,13.820833333333333,0.18833333333333335,0.6066666666666667,27.679166666666664,27.566666666666666,27.600000000000005,27.570833333333336,0.09149999999999998,0.09629166666666666,0.10366666666666667,0.106
2022-04-28,u,27.733333333333334,86.45833333333333,25.241666666666664,34.016666666666666,1008.8833333333333,983.6125000000001,0.0,46.833333333333336,7.75,23.416666666666668,85.54166666666667,205.625,134.0,71.625,187.53333333333333,5.154166666666667,5.7124999999999995,174.45833333333334,169.08333333333334,13.887500000000001,0.14916666666666667,0.5116666666666666,27.670833333333334,27.566666666666666,27.600000000000005,27.52916666666667,0.09449999999999999,0.093625,0.10266666666666667,0.106
2022-04-29,u,27.825,86.375,25.304166666666664,34.199999999999996,1008.9708333333333,983.6999999999999,0.0,40.75,18.791666666666668,10.458333333333334,59.083333333333336,238.41666666666666,183.29166666666666,55.125,266.8833333333333,5.491666666666667,7.0375000000000005,126.41666666666667,129.875,13.575000000000001,0.17083333333333336,0.5170833333333333,27.770833333333332,27.670833333333334,27.600000000000005,27.600000000000005,0.09816666666666667,0.095125,0.10195833333333333,0.106
2022-04-30,u,27.6375,88.16666666666667,25.479166666666668,34.25833333333333,1009.1333333333333,983.8416666666667,0.0,37.166666666666664,20.125,17.958333333333332,27.541666666666668,240.79166666666666,191.875,48.916666666666664,281.2708333333333,4.691666666666666,5.333333333333333,287.4166666666667,243.5,13.85,0.16625,0.4466666666666667,27.754166666666666,27.670833333333334,27.604166666666668,27.600000000000005,0.09999999999999999,0.09616666666666666,0.100875,0.106
2022-05-01,u,27.545833333333334,89.625,25.65833333333333,34.07083333333333,1009.3833333333333,984.0666666666666,0.0,49.416666666666664,33.833333333333336,14.833333333333334,33.291666666666664,237.04166666666666,183.54166666666666,53.5,263.6041666666667,6.041666666666667,7.054166666666667,267.9166666666667,264.1666666666667,17.29583333333333,0.16833333333333333,0.3875,27.770833333333332,27.625,27.625,27.600000000000005,0.09895833333333333,0.09833333333333334,0.10025,0.10545833333333332
2022-05-02,u,28.379166666666666,84.375,25.433333333333334,33.68333333333333,1009.3249999999999,984.1041666666666,0.0,46.75,18.458333333333332,13.458333333333334,73.20833333333333,254.08333333333334,210.20833333333334,43.875,314.98333333333335,13.4125,16.529166666666665,332.4166666666667,332.3333333333333,21.154166666666665,0.18541666666666667,0.6175,27.808333333333334,27.670833333333334,27.608333333333334,27.570833333333336,0.09666666666666668,0.09845833333333333,0.099625,0.105
2022-05-03,u,28.02916666666667,87.58333333333333,25.754166666666666,33.637499999999996,1009.775,984.5083333333333,0.0,40.541666666666664,16.458333333333332,10.458333333333334,64.75,240.20833333333334,181.875,58.333333333333336,268.0083333333333,12.541666666666666,15.329166666666666,329.0,329.375,21.920833333333334,0.16833333333333333,0.47583333333333333,27.679166666666664,27.570833333333336,27.47083333333333,27.47083333333333,0.09370833333333334,0.09616666666666666,0.09854166666666668,0.105
2022-05-04,u,27.666666666666668,87.375,25.370833333333334,33.079166666666666,1010.0041666666666,984.6875,0.0,46.708333333333336,19.25,19.291666666666668,59.625,252.58333333333334,210.41666666666666,42.166666666666664,311.3,12.4,15.25,331.125,330.5,21.041666666666668,0.17208333333333334,0.47375000000000006,27.695833333333336,27.483333333333334,27.399999999999995,27.399999999999995,0.096125,0.09491666666666666,0.09816666666666667,0.105
2022-05-05,u,27.3,89.16666666666667,25.375,32.858333333333334,1009.4791666666666,984.1541666666667,0.0,57.541666666666664,21.75,24.291666666666668,77.79166666666667,205.08333333333334,128.95833333333334,76.125,189.86249999999998,10.308333333333334,12.3125,320.2916666666667,320.9583333333333,18.108333333333334,0.14125000000000001,0.39166666666666666,27.583333333333332,27.4875,27.399999999999995,27.399999999999995,0.09933333333333334,0.09679166666666666,0.09825,0.105
2022-05-06,u,27.741666666666664,86.75,25.304166666666664,33.166666666666664,1008.6208333333334,983.3541666666666,0.0,27.541666666666668,18.5,16.833333333333332,3.1666666666666665,237.875,188.25,49.625,277.12083333333334,11.712499999999999,14.258333333333333,326.875,327.2916666666667,19.516666666666666,0.16375,0.5008333333333334,27.4875,27.412499999999998,27.399999999999995,27.370833333333334,0.10133333333333333,0.098125,0.09879166666666667,0.105
2022-05-07,u,28.09583333333333,87.25,25.766666666666666,34.15,1008.3375,983.1041666666666,0.0,27.041666666666668,19.666666666666668,10.208333333333334,10.625,248.08333333333334,203.45833333333334,44.625,303.65000000000003,9.870833333333334,11.695833333333333,313.1666666666667,314.7916666666667,15.404166666666667,0.17208333333333334,0.48875,27.745833333333334,27.491666666666664,27.458333333333332,27.358333333333334,0.10158333333333334,0.10075,0.09925,0.105
2022-05-08,u,27.462500000000002,89.5,25.575,34.074999999999996,1008.625,983.3291666666668,0.0,58.416666666666664,28.041666666666668,27.083333333333332,65.58333333333333,232.20833333333334,183.58333333333334,48.625,270.97499999999997,5.0,6.0375000000000005,209.29166666666666,202.29166666666666,12.158333333333333,0.16041666666666668,0.38875,27.741666666666664,27.633333333333336,27.600000000000005,27.5,0.10454166666666666,0.10341666666666667,0.09920833333333334,0.105
2022-05-09,u,27.433333333333334,88.58333333333333,25.3625,33.295833333333334,1009.275,983.9499999999999,0.0,50.541666666666664,18.0,29.125,56.0,155.79166666666666,87.25,68.54166666666667,139.25833333333333,7.4375,8.695833333333335,313.6666666666667,315.3333333333333,13.0375,0.11166666666666668,0.4220833333333333,27.474999999999998,27.483333333333334,27.541666666666668,27.441666666666666,0.10770833333333334,0.107875,0.10129166666666667,0.105
2022-05-10,u,27.791666666666668,86.125,25.224999999999998,32.979166666666664,1009.3249999999999,984.0333333333333,0.0,66.625,36.0,19.208333333333332,75.375,226.0,167.04166666666666,58.958333333333336,251.59166666666667,12.708333333333334,15.275,305.2916666666667,306.7916666666667,20.325,0.16291666666666668,0.5279166666666667,27.6125,27.40416666666667,27.429166666666664,27.358333333333334,0.10545833333333333,0.10762500000000001,0.10308333333333332,0.105
2022-05-11,u,27.900000000000002,84.83333333333333,25.070833333333336,33.270833333333336,1008.6291666666666,983.3833333333333,0.0,44.583333333333336,23.75,7.833333333333333,62.083333333333336,227.375,169.83333333333334,57.541666666666664,251.98333333333335,10.9625,13.025,327.6666666666667,317.3333333333333,17.858333333333334,0.16874999999999998,0.5791666666666667,27.59583333333333,27.525000000000002,27.47083333333333,27.47083333333333,0.10491666666666666,0.10695833333333334,0.10470833333333333,0.105
2022-05-12,u,27.4875,88.91666666666667,25.495833333333334,33.983333333333334,1009.2875,983.975,0.0,68.83333333333333,33.791666666666664,19.083333333333332,93.58333333333333,215.5,144.875,70.625,206.975,4.883333333333334,5.116666666666666,308.0416666666667,299.7083333333333,11.654166666666667,0.15125,0.4070833333333333,27.579166666666666,27.433333333333334,27.399999999999995,27.370833333333334,0.10304166666666666,0.10366666666666667,0.105,0.105
2022-05-13,u,27.454166666666666,88.33333333333333,25.3125,33.84583333333333,1010.4083333333333,985.0708333333333,0.0,39.208333333333336,24.208333333333332,10.916666666666666,37.041666666666664,239.08333333333334,190.875,48.208333333333336,291.37083333333334,5.195833333333334,5.745833333333334,227.04166666666666,223.83333333333334,11.5375,0.16291666666666668,0.4345833333333333,27.754166666666666,27.5,27.458333333333332,27.358333333333334,0.10345833333333333,0.10366666666666667,0.105,0.105
2022-05-14,u,27.849999999999998,85.625,25.175,33.891666666666666,1011.375,986.0458333333332,0.0,40.458333333333336,11.833333333333334,3.8333333333333335,91.54166666666667,239.45833333333334,189.375,50.083333333333336,284.7125,7.1125,7.866666666666667,217.16666666666666,261.375,14.195833333333333,0.16833333333333333,0.545,27.933333333333334,27.708333333333332,27.658333333333335,27.587500000000002,0.09945833333333333,0.10241666666666667,0.10466666666666667,0.105
2022-05-15,u,27.766666666666666,82.79166666666667,24.5625,32.87916666666667,1011.5,986.1541666666667,0.0,20.166666666666668,18.25,0.0,12.083333333333334,230.33333333333334,173.75,56.583333333333336,270.0125,10.270833333333334,11.754166666666668,320.0833333333333,321.25,18.366666666666667,0.16583333333333333,0.6475000000000001,27.78333333333333,27.8,27.770833333333332,27.74166666666667,0.09425,0.09825,0.10362500000000001,0.105
2022-05-16,u,27.625,81.29166666666667,24.05,32.87083333333333,1010.9166666666666,985.5791666666668,0.0,18.041666666666668,14.125,3.6666666666666665,10.208333333333334,243.45833333333334,197.0,46.458333333333336,295.52500000000003,8.041666666666666,9.174999999999999,309.8333333333333,309.625,15.525,0.17541666666666667,0.7066666666666667,27.77916666666667,27.629166666666666,27.670833333333334,27.600000000000005,0.09016666666666666,0.09491666666666666,0.10279166666666666,0.105
2022-05-17,u,27.429166666666664,87.41666666666667,25.1375,33.550000000000004,1011.3041666666667,985.9541666666668,0.0,58.958333333333336,33.958333333333336,30.708333333333332,66.54166666666667,207.83333333333334,144.66666666666666,63.166666666666664,210.59583333333333,5.841666666666666,6.4125000000000005,268.75,273.0416666666667,13.429166666666667,0.14583333333333334,0.4666666666666666,27.6875,27.599999999999998,27.670833333333334,27.600000000000005,0.09641666666666666,0.094875,0.10170833333333333,0.105
2022-05-18,u,27.433333333333334,88.125,25.275000000000002,33.5,1012.0875,986.7083333333334,0.0,63.166666666666664,28.375,20.916666666666668,84.91666666666667,184.41666666666666,123.25,61.166666666666664,173.04583333333335,6.5125,7.433333333333334,313.625,304.0,13.808333333333332,0.12875,0.43625,27.641666666666666,27.570833333333336,27.587500000000002,27.570833333333336,0.10320833333333333,0.100125,0.10100000000000002,0.10445833333333332
2022-05-19,u,27.416666666666668,88.125,25.295833333333334,33.75416666666667,1012.0,986.6125000000001,0.0,55.291666666666664,19.5,16.083333333333332,93.45833333333333,203.95833333333334,135.375,68.58333333333333,197.57916666666665,4.870833333333334,5.4125000000000005,273.8333333333333,282.2083333333333,11.4625,0.14125000000000001,0.43124999999999997,27.666666666666668,27.52916666666667,27.52916666666667,27.52916666666667,0.10458333333333332,0.10383333333333333,0.10033333333333334,0.104
2022-05-20,u,27.133333333333336,88.54166666666667,25.058333333333334,32.77916666666667,1011.1999999999999,985.8166666666666,0.0,56.333333333333336,23.583333333333332,18.875,78.875,193.25,141.0,52.25,212.41666666666666,8.25,9.5,234.625,219.875,16.133333333333333,0.13208333333333333,0.4183333333333333,27.52916666666667,27.545833333333334,27.570833333333336,27.570833333333336,0.10541666666666666,0.10629166666666667,0.10141666666666667,0.104
2022-05-21,u,27.291666666666668,85.95833333333333,24.7375,33.5125,1010.4541666666668,985.1125000000001,0.0,38.541666666666664,16.916666666666668,20.083333333333332,37.291666666666664,233.91666666666666,187.79166666666666,46.125,284.0708333333333,3.841666666666667,4.245833333333333,206.16666666666666,175.54166666666666,10.375,0.16166666666666668,0.5170833333333333,27.666666666666668,27.491666666666664,27.558333333333334,27.558333333333334,0.10333333333333333,0.10579166666666666,0.103,0.104
2022-05-22,u,27.6125,81.91666666666667,24.125,32.99583333333333,1009.5666666666666,984.2624999999999,0.0,12.666666666666666,10.541666666666666,1.4166666666666667,7.541666666666667,253.875,216.66666666666666,37.208333333333336,334.09166666666664,7.391666666666667,8.466666666666667,225.33333333333334,299.7083333333333,15.075000000000001,0.18333333333333335,0.6925,27.695833333333336,27.625,27.729166666666668,27.729166666666668,0.09945833333333333,0.10279166666666667,0.10262500000000001,0.104
2022-05-23,u,27.8125,82.33333333333333,24.458333333333332,33.362500000000004,1009.875,984.5875,0.0,12.75,11.041666666666666,0.4583333333333333,8.333333333333334,249.79166666666666,211.0,38.791666666666664,325.27500000000003,7.6499999999999995,9.120833333333334,286.2916666666667,334.0833333333333,16.170833333333334,0.17875,0.6783333333333333,27.745833333333334,27.662499999999998,27.8,27.8,0.09449999999999999,0.09925,0.10170833333333333,0.104
2022-05-24,u,27.670833333333334,84.41666666666667,24.708333333333332,33.43333333333333,1011.3791666666666,986.0500000000001,0.0,36.916666666666664,17.041666666666668,16.041666666666668,39.458333333333336,233.875,191.41666666666666,42.458333333333336,298.45416666666665,6.779166666666666,8.237499999999999,215.125,273.8333333333333,14.75,0.16874999999999998,0.5979166666666667,27.675,27.608333333333334,27.74166666666667,27.74166666666667,0.09191666666666666,0.09554166666666668,0.10100000000000002,0.104
2022-05-25,u,27.629166666666666,86.20833333333333,25.087500000000002,33.4375,1011.2125,985.8791666666666,0.0,49.125,16.666666666666668,20.375,72.79166666666667,209.875,138.79166666666666,71.08333333333333,211.04583333333335,7.666666666666667,9.441666666666666,302.125,300.7083333333333,15.241666666666667,0.15,0.5191666666666667,27.6125,27.545833333333334,27.570833333333336,27.570833333333336,0.09704166666666665,0.09541666666666666,0.09941666666666667,0.104
2022-05-26,u,26.6875,88.75,24.683333333333334,32.354166666666664,1010.8541666666666,985.4416666666666,0.0,76.5,35.333333333333336,30.541666666666668,97.5,159.29166666666666,85.95833333333333,73.33333333333333,110.92500000000001,6.716666666666666,7.995833333333334,244.625,268.7083333333333,13.891666666666666,0.11666666666666665,0.3933333333333333,27.34583333333333,27.391666666666666,27.47083333333333,27.47083333333333,0.10566666666666667,0.10420833333333333,0.09908333333333334,0.104
2022-05-27,u,26.829166666666666,87.33333333333333,24.5,32.25833333333333,1010.6666666666666,985.2833333333333,0.0,76.83333333333333,27.333333333333332,40.916666666666664,97.91666666666667,155.875,58.416666666666664,97.45833333333333,90.22500000000001,6.5249999999999995,7.7749999999999995,263.5,263.1666666666667,13.799999999999999,0.11125,0.4595833333333333,27.3,27.27916666666667,27.370833333333334,27.399999999999995,0.10641666666666666,0.10695833333333334,0.10020833333333334,0.104
2022-05-28,u,27.616666666666664,84.54166666666667,24.741666666666664,33.475,1009.5749999999999,984.2666666666668,0.0,50.25,20.208333333333332,27.166666666666668,52.958333333333336,187.16666666666666,114.41666666666667,72.75,176.55416666666667,5.079166666666667,5.879166666666666,145.45833333333334,146.83333333333334,12.916666666666666,0.13583333333333333,0.58,27.52916666666667,27.34166666666667,27.358333333333334,27.429166666666664,0.10304166666666666,0.10566666666666667,0.10100000000000002,0.104
2022-05-29,u,27.870833333333334,84.125,24.929166666666664,34.0375,1009.3625000000001,984.0833333333334,0.0,33.625,9.041666666666666,20.875,43.041666666666664,228.16666666666666,182.375,45.791666666666664,279.3625,5.191666666666666,6.466666666666666,112.54166666666667,109.08333333333333,14.570833333333333,0.165,0.6025,27.416666666666668,27.416666666666668,27.441666666666666,27.47083333333333,0.10129166666666667,0.10354166666666666,0.10145833333333333,0.104
2022-05-30,u,28.145833333333332,83.5,25.05,33.80416666666667,1008.3958333333334,983.1708333333332,0.0,23.375,5.75,8.375,43.916666666666664,223.66666666666666,181.20833333333334,42.458333333333336,285.62083333333334,8.620833333333334,9.920833333333333,243.45833333333334,231.54166666666666,14.012500000000001,0.16458333333333333,0.6429166666666667,27.53333333333333,27.34583333333333,27.358333333333334,27.458333333333332,0.09608333333333334,0.10020833333333334,0.10100000000000002,0.104
2022-05-31,u,27.65416666666667,86.375,25.129166666666666,33.725,1008.9208333333332,983.6416666666668,0.0,35.916666666666664,16.291666666666668,11.25,48.375,223.95833333333334,181.125,42.833333333333336,287.96666666666664,6.158333333333334,9.2875,275.875,263.375,12.583333333333334,0.15791666666666668,0.51375,27.52916666666667,27.458333333333332,27.5,27.570833333333336,0.092875,0.09700000000000002,0.10041666666666667,0.104
2022-06-01,u,26.679166666666664,85.875,24.079166666666666,32.083333333333336,1010.375,984.9708333333333,0.0,76.66666666666667,26.416666666666668,59.208333333333336,91.16666666666667,157.5,88.625,68.875,123.89999999999999,5.708333333333333,9.116666666666667,59.166666666666664,89.125,13.720833333333333,0.11625,0.49499999999999994,27.429166666666664,27.40833333333333,27.5,27.5,0.09679166666666666,0.09579166666666666,0.10020833333333334,0.104
2022-06-02,u,27.179166666666664,76.79166666666667,22.712500000000002,31.787499999999998,1010.4083333333333,985.0583333333334,0.0,22.708333333333332,6.791666666666667,7.625,39.791666666666664,237.0,197.41666666666666,39.583333333333336,309.1333333333333,6.4375,8.358333333333333,205.66666666666666,215.33333333333334,12.679166666666667,0.17,0.8404166666666667,27.400000000000002,27.349999999999998,27.47083333333333,27.5,0.09470833333333334,0.09600000000000002,0.09979166666666667,0.104
2022-06-03,u,26.6875,88.25,24.537499999999998,32.225,1011.0166666666668,985.5958333333333,0.0,34.541666666666664,23.916666666666668,14.083333333333334,14.875,198.20833333333334,140.08333333333334,58.125,215.77083333333334,6.791666666666667,7.779166666666666,297.6666666666667,297.5416666666667,13.504166666666668,0.13125,0.41500000000000004,27.3875,27.325,27.370833333333334,27.47083333333333,0.09433333333333334,0.09391666666666666,0.098375,0.104
2022-06-04,u,26.995833333333334,87.5,24.72083333333333,32.62916666666667,1011.0583333333334,985.6541666666667,0.0,34.666666666666664,19.458333333333332,13.333333333333334,30.583333333333332,212.5,161.16666666666666,51.333333333333336,246.61249999999998,7.245833333333334,8.358333333333333,321.5833333333333,319.5,13.116666666666667,0.14416666666666667,0.45125,27.287499999999998,27.2625,27.3,27.399999999999995,0.09804166666666668,0.094125,0.09749999999999999,0.104
2022-06-05,u,26.59166666666667,89.66666666666667,24.741666666666664,31.954166666666666,1010.9250000000001,985.5041666666666,0.0,54.208333333333336,24.291666666666668,21.125,65.125,196.33333333333334,132.66666666666666,63.666666666666664,200.79166666666666,8.766666666666667,9.995833333333334,322.5,325.125,16.679166666666667,0.13083333333333333,0.3620833333333333,27.125,27.166666666666668,27.24166666666667,27.341666666666665,0.10208333333333335,0.09670833333333334,0.09779166666666667,0.104
2022-06-06,u,27.1875,86.91666666666667,24.795833333333334,32.583333333333336,1010.2041666666668,984.85,0.0,36.166666666666664,17.416666666666668,14.583333333333334,38.833333333333336,226.08333333333334,183.125,42.958333333333336,283.69166666666666,9.4625,10.987499999999999,323.3333333333333,325.125,17.558333333333334,0.15583333333333335,0.4808333333333334,27.429166666666664,27.166666666666668,27.1875,27.287499999999998,0.10316666666666667,0.10058333333333334,0.09800000000000002,0.1035
2022-06-07,u,27.6875,84.91666666666667,24.883333333333336,32.93333333333333,1009.9708333333333,984.6625,0.0,28.625,11.041666666666666,4.75,52.666666666666664,226.75,185.79166666666666,40.958333333333336,281.22083333333336,10.9625,13.545833333333334,265.375,282.3333333333333,19.516666666666666,0.15958333333333333,0.5695833333333333,27.400000000000002,27.358333333333334,27.341666666666665,27.441666666666666,0.09991666666666667,0.10045833333333333,0.09741666666666667,0.103
2022-06-08,u,27.266666666666666,87.45833333333333,24.962500000000002,33.266666666666666,1009.9583333333334,984.6083333333332,0.0,42.375,21.333333333333332,10.291666666666666,56.5,212.875,166.45833333333334,46.416666666666664,261.825,5.675,6.875,183.25,210.58333333333334,13.0,0.14791666666666667,0.46541666666666665,27.258333333333336,27.195833333333336,27.2,27.270833333333332,0.10241666666666667,0.10175000000000001,0.09700000000000002,0.103
2022-06-09,u,27.083333333333332,88.58333333333333,25.025000000000002,32.80416666666667,1010.3583333333332,984.9833333333332,0.0,57.375,25.25,12.541666666666666,90.29166666666667,204.125,147.875,56.25,220.15416666666667,8.016666666666667,9.5875,287.75,271.0,15.620833333333332,0.14083333333333334,0.4154166666666667,27.179166666666664,27.1125,27.162499999999998,27.2,0.10325,0.10333333333333333,0.09779166666666667,0.103
2022-06-10,u,27.045833333333334,87.29166666666667,24.745833333333334,32.94583333333333,1010.2125,984.8625000000001,0.0,54.958333333333336,18.75,20.541666666666668,94.125,211.25,152.08333333333334,59.166666666666664,232.5,5.533333333333334,5.804166666666667,219.5,225.58333333333334,12.5625,0.14666666666666667,0.4575,27.116666666666664,27.05,27.070833333333336,27.170833333333334,0.10391666666666666,0.10425,0.09800000000000002,0.103
2022-06-11,u,27.1125,88.04166666666667,24.920833333333334,32.983333333333334,1010.1458333333334,984.775,0.0,34.125,17.458333333333332,16.375,28.625,217.04166666666666,172.75,44.291666666666664,274.0,6.595833333333334,7.941666666666666,267.5,270.8333333333333,13.9,0.1525,0.4429166666666667,27.258333333333336,27.03333333333333,27.058333333333334,27.129166666666666,0.10333333333333333,0.10395833333333333,0.09895833333333333,0.103
2022-06-12,u,26.8,88.91666666666667,24.791666666666668,32.291666666666664,1011.0,985.6083333333332,0.0,51.625,23.625,21.791666666666668,57.583333333333336,204.625,150.08333333333334,54.541666666666664,236.95416666666665,8.254166666666666,9.408333333333333,324.2083333333333,311.4583333333333,16.041666666666668,0.13875,0.3970833333333333,27.204166666666666,27.141666666666666,27.170833333333334,27.170833333333334,0.10475,0.10479166666666666,0.09983333333333333,0.103
2022-06-13,u,26.933333333333334,86.66666666666667,24.504166666666666,32.0,1010.9875000000001,985.5875,0.0,61.625,29.5,16.708333333333332,86.66666666666667,200.75,144.125,56.625,229.14583333333334,9.595833333333333,11.2125,323.2916666666667,325.0833333333333,16.125,0.14125000000000001,0.48416666666666663,27.058333333333334,27.03333333333333,27.070833333333336,27.100000000000005,0.10475,0.10562500000000001,0.10100000000000002,0.103
2022-06-14,u,26.683333333333334,87.54166666666667,24.416666666666668,31.575,1011.3916666666668,985.9708333333333,0.0,53.5,33.375,23.791666666666668,31.916666666666668,206.45833333333334,159.20833333333334,47.25,252.57916666666665,10.75,12.820833333333333,331.9166666666667,333.2916666666667,18.337500000000002,0.14666666666666667,0.44249999999999995,27.066666666666666,26.97083333333333,27.02916666666667,27.100000000000005,0.103875,0.10512499999999998,0.10191666666666666,0.103
2022-06-15,u,27.433333333333334,86.66666666666667,24.991666666666664,32.92916666666667,1010.9583333333334,985.6041666666666,0.0,47.416666666666664,23.291666666666668,18.583333333333332,50.958333333333336,222.45833333333334,174.83333333333334,47.625,275.87916666666666,9.6,11.525,279.0416666666667,281.875,17.920833333333334,0.15833333333333333,0.49666666666666665,27.375,27.104166666666668,27.158333333333335,27.1875,0.10258333333333332,0.10391666666666666,0.10120833333333334,0.103
2022-06-16,u,26.90416666666667,88.58333333333333,24.849999999999998,32.74166666666667,1011.2708333333334,985.85,0.0,57.458333333333336,27.791666666666668,20.833333333333332,67.33333333333333,188.91666666666666,121.29166666666667,67.625,186.73333333333335,5.916666666666667,7.120833333333334,248.66666666666666,231.66666666666666,15.745833333333335,0.13,0.40625,27.191666666666666,27.204166666666666,27.24166666666667,27.3125,0.10733333333333334,0.106375,0.10066666666666667,0.103
2022-06-17,u,26.65416666666667,90.20833333333333,24.916666666666668,31.741666666666664,1011.0583333333334,985.6374999999999,0.0,41.791666666666664,22.5,17.041666666666668,37.416666666666664,193.125,133.25,59.875,210.54583333333335,11.354166666666666,13.862499999999999,323.0,322.4166666666667,19.212500000000002,0.12583333333333332,0.3408333333333333,26.916666666666668,26.95,27.0,27.041666666666668,0.10516666666666667,0.10662500000000001,0.10220833333333333,0.103
2022-06-18,u,26.77916666666667,86.75,24.379166666666666,31.59583333333333,1011.2125,985.8083333333334,0.0,48.666666666666664,19.666666666666668,11.416666666666666,80.16666666666667,206.91666666666666,155.04166666666666,51.875,243.38750000000002,11.083333333333334,13.529166666666667,328.3333333333333,327.8333333333333,19.541666666666668,0.1475,0.4725,26.866666666666664,26.825,26.899999999999995,26.899999999999995,0.1025,0.10479166666666666,0.10291666666666666,0.103
2022-06-19,u,27.1125,85.04166666666667,24.34583333333333,31.558333333333334,1011.0166666666668,985.6333333333333,0.0,45.333333333333336,20.541666666666668,18.25,53.0,215.875,167.875,48.0,262.89166666666665,13.658333333333333,17.079166666666666,331.4166666666667,330.4583333333333,22.537499999999998,0.15625,0.5499999999999999,26.929166666666664,26.808333333333334,26.870833333333334,26.870833333333334,0.10054166666666665,0.10279166666666667,0.10220833333333333,0.103
2022-06-20,u,26.583333333333332,88.58333333333333,24.52916666666667,30.65416666666667,1009.8708333333334,984.4666666666667,0.0,31.375,15.416666666666666,19.208333333333332,19.708333333333332,206.58333333333334,161.125,45.458333333333336,252.13333333333333,16.758333333333333,20.916666666666668,332.4583333333333,332.25,27.45,0.13791666666666666,0.39958333333333335,26.791666666666668,26.71666666666667,26.770833333333332,26.8,0.10029166666666667,0.10095833333333333,0.10120833333333334,0.103
2022-06-21,u,26.6875,81.875,23.304166666666664,29.95,1010.1541666666667,984.7624999999999,0.0,15.583333333333334,16.291666666666668,1.5,0.25,213.41666666666666,165.375,48.041666666666664,264.325,17.179166666666667,21.254166666666666,329.625,330.0833333333333,28.370833333333334,0.16291666666666668,0.6383333333333333,26.629166666666666,26.625,26.7,26.770833333333332,0.099125,0.10099999999999999,0.10045833333333333,0.103
2022-06-22,u,26.770833333333332,83.58333333333333,23.729166666666668,30.379166666666666,1011.5124999999999,986.0916666666667,0.0,19.125,14.208333333333334,6.291666666666667,8.583333333333334,214.0,170.58333333333334,43.416666666666664,272.73333333333335,16.791666666666668,21.099999999999998,332.1666666666667,332.5833333333333,26.6125,0.15958333333333333,0.58875,26.566666666666666,26.491666666666664,26.645833333333332,26.729166666666668,0.09445833333333332,0.09808333333333334,0.10000000000000002,0.103
2022-06-23,u,26.883333333333336,84.75,24.079166666666666,30.3125,1011.9291666666667,986.5041666666666,0.0,30.958333333333332,21.375,8.458333333333334,22.041666666666668,204.20833333333334,154.66666666666666,49.541666666666664,247.6916666666667,19.233333333333334,24.070833333333336,331.25,331.7083333333333,31.183333333333334,0.1525,0.5458333333333333,26.745833333333334,26.629166666666666,26.7,26.8,0.09533333333333334,0.09629166666666666,0.09920833333333334,0.103
2022-06-24,u,26.458333333333332,84.75,23.675,29.7,1011.2333333333332,985.7916666666666,0.0,64.66666666666667,33.416666666666664,16.375,82.29166666666667,191.375,128.83333333333334,62.541666666666664,203.4416666666667,18.5,22.920833333333334,329.9583333333333,329.6666666666667,30.991666666666664,0.14125000000000001,0.5295833333333334,26.575,26.579166666666666,26.641666666666666,26.74166666666667,0.096125,0.09549999999999999,0.09849999999999999,0.103
2022-06-25,u,26.25,86.29166666666667,23.7625,29.4875,1010.1875,984.75,0.0,69.54166666666667,32.458333333333336,26.541666666666668,81.83333333333333,153.95833333333334,95.375,58.583333333333336,154.225,18.433333333333334,23.204166666666666,329.1666666666667,328.7083333333333,30.1875,0.11625,0.4666666666666666,26.333333333333332,26.370833333333334,26.47083333333333,26.570833333333336,0.09766666666666667,0.09679166666666666,0.09800000000000002,0.103
2022-06-26,u,26.15833333333333,87.54166666666667,23.895833333333332,29.916666666666668,1011.3583333333332,985.8833333333333,0.0,59.833333333333336,37.208333333333336,21.916666666666668,45.5,159.625,95.33333333333333,64.29166666666667,158.07083333333333,15.604166666666666,19.479166666666668,324.6666666666667,324.5416666666667,25.320833333333336,0.11750000000000001,0.4283333333333333,26.270833333333332,26.2375,26.370833333333334,26.47083333333333,0.10291666666666667,0.10099999999999999,0.09958333333333334,0.103
2022-06-27,u,25.691666666666666,88.25,23.587500000000002,29.02916666666667,1011.8708333333334,986.3333333333334,0.0,46.833333333333336,29.916666666666668,15.0,36.416666666666664,203.83333333333334,154.0,49.833333333333336,242.15,17.6375,21.995833333333334,324.5833333333333,323.1666666666667,30.412499999999998,0.13583333333333333,0.38916666666666666,26.304166666666664,26.15416666666667,26.295833333333334,26.429166666666664,0.10041666666666667,0.10154166666666666,0.10000000000000002,0.103
2022-06-28,u,25.6875,83.16666666666667,22.59166666666667,28.379166666666666,1010.7791666666667,985.2833333333333,0.0,32.333333333333336,17.125,8.416666666666666,39.5,205.83333333333334,150.54166666666666,55.291666666666664,241.82916666666665,18.075,22.474999999999998,326.4166666666667,325.0833333333333,30.666666666666668,0.14875,0.5620833333333334,26.008333333333336,26.133333333333336,26.3125,26.441666666666666,0.09600000000000002,0.09979166666666667,0.10000000000000002,0.10254166666666666
2022-06-29,u,25.40833333333333,87.125,23.09166666666667,29.366666666666664,1009.9833333333332,984.4708333333333,0.0,40.041666666666664,19.166666666666668,7.625,60.75,219.95833333333334,173.16666666666666,46.791666666666664,272.9875,11.945833333333333,14.558333333333332,320.25,317.9583333333333,22.079166666666666,0.14583333333333334,0.42291666666666666,25.900000000000002,25.8875,26.100000000000005,26.3,0.09291666666666666,0.096875,0.09954166666666668,0.102
2022-06-30,u,25.7625,89.75,23.945833333333336,29.320833333333336,1010.225,984.7458333333334,0.0,57.833333333333336,23.291666666666668,11.958333333333334,98.75,205.91666666666666,155.5,50.416666666666664,250.59583333333333,17.758333333333333,22.55,331.25,330.5,30.412499999999998,0.13208333333333333,0.3433333333333333,25.983333333333334,25.941666666666666,26.070833333333336,26.270833333333332,0.09104166666666667,0.094125,0.09900000000000002,0.102
2022-07-01,u,25.958333333333332,88.75,23.958333333333332,29.28333333333333,1010.5916666666667,985.1208333333334,0.0,62.416666666666664,27.458333333333332,24.791666666666668,76.20833333333333,197.875,146.45833333333334,51.416666666666664,232.3791666666667,19.220833333333335,24.46666666666667,333.9166666666667,333.625,30.866666666666664,0.13375,0.37916666666666665,25.9875,25.912499999999998,25.97083333333333,26.170833333333334,0.08929166666666666,0.09204166666666667,0.098375,0.102
2022-07-02,u,26.670833333333334,88.83333333333333,24.65833333333333,31.191666666666666,1009.5291666666667,984.1458333333334,0.0,71.04166666666667,32.916666666666664,28.083333333333332,87.875,203.29166666666666,155.70833333333334,47.583333333333336,247.375,14.216666666666667,18.479166666666668,331.9166666666667,333.2083333333333,22.670833333333334,0.13958333333333334,0.3941666666666667,26.037499999999998,25.9375,25.899999999999995,26.100000000000005,0.09108333333333334,0.09058333333333334,0.09800000000000002,0.102
2022-07-03,u,26.616666666666664,90.45833333333333,24.933333333333334,32.550000000000004,1009.2875,983.9166666666666,0.0,55.375,29.416666666666668,11.958333333333334,76.66666666666667,216.91666666666666,167.41666666666666,49.5,264.06666666666666,6.258333333333333,7.833333333333333,208.625,217.16666666666666,14.2875,0.14625,0.3333333333333333,26.25,26.03333333333333,25.958333333333332,26.129166666666666,0.09649999999999999,0.08895833333333332,0.09758333333333334,0.102
2022-07-04,u,26.983333333333334,89.20833333333333,25.020833333333332,33.09583333333333,1009.5958333333333,984.2416666666667,0.0,29.208333333333332,16.625,9.833333333333334,27.541666666666668,221.41666666666666,177.79166666666666,43.625,277.8,5.520833333333333,6.858333333333333,170.66666666666666,155.45833333333334,12.366666666666667,0.15291666666666667,0.3925,26.46666666666667,26.254166666666666,26.158333333333335,26.25833333333333,0.09625,0.08870833333333333,0.09779166666666667,0.102
2022-07-05,u,26.75,89.79166666666667,24.920833333333334,31.78333333333333,1009.9958333333334,984.6166666666667,0.0,24.458333333333332,21.625,6.083333333333333,4.25,211.5,162.79166666666666,48.708333333333336,259.5,12.025,14.766666666666666,331.125,317.1666666666667,18.329166666666666,0.14041666666666666,0.36083333333333334,26.258333333333336,26.287499999999998,26.24166666666667,26.341666666666665,0.09583333333333333,0.090625,0.09675,0.102
2022-07-06,u,26.1125,88.16666666666667,23.979166666666668,29.829166666666666,1011.7875,986.3083333333334,0.0,35.0,23.25,12.333333333333334,22.291666666666668,187.875,130.66666666666666,57.208333333333336,211.90833333333333,16.25,20.075,332.7083333333333,332.75,24.920833333333334,0.12791666666666665,0.4041666666666666,25.895833333333332,26.0,26.012500000000003,26.112499999999997,0.09658333333333334,0.09300000000000001,0.09554166666666668,0.102
2022-07-07,u,25.2375,80.66666666666667,21.620833333333334,27.616666666666664,1012.1541666666667,986.5916666666667,0.0,24.0,14.75,6.041666666666667,23.625,209.16666666666666,156.875,52.291666666666664,254.3791666666667,16.620833333333334,20.370833333333334,328.375,327.75,27.204166666666666,0.15666666666666668,0.6254166666666666,25.15833333333333,25.46666666666667,25.65416666666667,25.754166666666663,0.09179166666666666,0.09229166666666666,0.09500000000000001,0.102
2022-07-08,u,24.641666666666666,73.625,19.454166666666666,26.754166666666666,1011.6125000000001,986.0041666666666,0.0,7.291666666666667,4.375,0.6666666666666666,9.666666666666666,246.58333333333334,207.20833333333334,39.375,325.16249999999997,12.004166666666668,14.604166666666666,314.7083333333333,313.4166666666667,23.974999999999998,0.18541666666666667,0.8375,24.770833333333332,24.90416666666667,25.3,25.429166666666664,0.08670833333333333,0.09008333333333333,0.094375,0.102
2022-07-09,u,25.1125,83.66666666666667,22.083333333333332,28.0125,1010.8333333333334,985.2833333333333,0.0,34.25,30.708333333333332,4.75,12.416666666666666,204.41666666666666,150.79166666666666,53.625,238.45416666666665,14.770833333333334,18.175,321.9583333333333,321.75,23.854166666666668,0.14458333333333334,0.5358333333333333,25.045833333333334,24.995833333333334,25.329166666666666,25.52916666666667,0.08329166666666667,0.087875,0.09354166666666668,0.102
2022-07-10,u,26.09583333333333,86.5,23.662499999999998,29.891666666666666,1011.0500000000001,985.5791666666668,0.0,42.333333333333336,26.25,12.208333333333334,38.083333333333336,205.75,155.83333333333334,49.916666666666664,250.525,14.895833333333334,18.904166666666665,328.9166666666667,329.25,22.7,0.13999999999999999,0.46291666666666664,25.55,25.27916666666667,25.458333333333332,25.658333333333335,0.08175,0.08574999999999999,0.09300000000000001,0.102
2022-07-11,u,26.175,89.75,24.349999999999998,30.204166666666666,1011.8791666666666,986.4041666666667,0.0,58.666666666666664,30.208333333333332,36.75,31.958333333333332,183.66666666666666,128.58333333333334,55.083333333333336,198.48749999999998,16.095833333333335,21.1875,332.4583333333333,333.0416666666667,26.087500000000002,0.12375000000000001,0.34875000000000006,25.712500000000002,25.579166666666666,25.595833333333335,25.8,0.09120833333333334,0.08587499999999999,0.092875,0.102
2022-07-12,u,26.03333333333333,89.20833333333333,24.116666666666664,29.854166666666668,1011.1083333333332,985.6458333333334,0.0,45.5,31.25,21.333333333333332,15.333333333333334,209.875,160.5,49.375,249.14583333333334,16.8625,21.3625,332.9583333333333,333.25,26.90416666666667,0.13833333333333334,0.3645833333333333,25.629166666666666,25.541666666666668,25.541666666666668,25.7,0.09454166666666668,0.08895833333333332,0.09200000000000001,0.102
2022-07-13,u,25.912499999999998,87.125,23.599999999999998,29.59166666666667,1010.4333333333334,984.9708333333333,0.0,69.58333333333333,47.875,28.125,67.91666666666667,199.125,140.08333333333334,59.041666666666664,222.27083333333334,15.299999999999999,19.575,330.75,331.5833333333333,24.879166666666666,0.13875,0.43625,25.304166666666664,25.337500000000002,25.3125,25.512500000000003,0.09033333333333333,0.08925,0.091375,0.10141666666666667
2022-07-14,u,25.84583333333333,86.33333333333333,23.366666666666664,29.554166666666664,1010.9375,985.4458333333333,0.0,38.458333333333336,31.458333333333332,14.458333333333334,8.541666666666666,218.08333333333334,168.0,50.083333333333336,263.09999999999997,14.658333333333333,18.583333333333332,333.2083333333333,335.6666666666667,23.766666666666666,0.14833333333333334,0.46375000000000005,25.258333333333336,25.141666666666666,25.129166666666666,25.329166666666666,0.08645833333333335,0.087875,0.09075,0.10100000000000002
2022-07-15,u,25.795833333333334,87.29166666666667,23.5125,29.425,1011.3291666666668,985.8166666666666,0.0,34.708333333333336,32.541666666666664,8.5,0.7916666666666666,221.83333333333334,175.66666666666666,46.166666666666664,270.00416666666666,15.754166666666668,19.9875,324.8333333333333,325.7916666666667,24.1125,0.14583333333333334,0.42874999999999996,25.1375,25.15416666666667,25.191666666666666,25.370833333333334,0.08420833333333333,0.08612500000000001,0.09000000000000001,0.10100000000000002
2022-07-16,u,25.479166666666668,88.70833333333333,23.47083333333333,29.441666666666666,1012.2333333333332,986.6750000000001,0.0,32.583333333333336,27.458333333333332,12.916666666666666,0.4166666666666667,220.66666666666666,174.58333333333334,46.083333333333336,271.4916666666667,13.304166666666667,16.758333333333333,326.875,311.6666666666667,21.679166666666664,0.14125000000000001,0.37166666666666665,25.1125,25.09166666666667,25.145833333333332,25.329166666666666,0.08279166666666667,0.08454166666666667,0.08949999999999998,0.10100000000000002
2022-07-17,u,25.645833333333332,88.875,23.650000000000002,29.458333333333332,1012.3291666666668,986.7875,0.0,48.833333333333336,37.5,13.833333333333334,22.25,205.75,150.29166666666666,55.458333333333336,233.59583333333333,14.641666666666666,18.429166666666667,327.7083333333333,327.7916666666667,23.108333333333334,0.1325,0.37375,25.116666666666664,25.116666666666664,25.170833333333334,25.370833333333334,0.08141666666666668,0.08345833333333334,0.08900000000000001,0.10100000000000002
2022-07-18,u,25.795833333333334,88.04166666666667,23.625,29.429166666666664,1011.2583333333333,985.7583333333333,0.0,44.458333333333336,35.166666666666664,0.75,40.916666666666664,212.79166666666666,154.16666666666666,58.625,240.05416666666667,15.991666666666667,20.025000000000002,322.6666666666667,323.5,24.71666666666667,0.14083333333333334,0.4079166666666667,25.120833333333334,25.0625,25.100000000000005,25.270833333333332,0.08004166666666666,0.08204166666666667,0.088375,0.10100000000000002
2022-07-19,u,25.633333333333336,86.75,23.183333333333334,29.058333333333334,1011.3458333333333,985.8333333333334,0.0,43.666666666666664,31.416666666666668,2.1666666666666665,46.666666666666664,225.45833333333334,166.16666666666666,59.291666666666664,251.69583333333333,15.979166666666666,19.558333333333334,318.75,319.5,26.162499999999998,0.15083333333333335,0.45375000000000004,25.166666666666668,25.09583333333333,25.129166666666666,25.229166666666668,0.077,0.0805,0.08758333333333333,0.10100000000000002
2022-07-20,u,25.45,83.875,22.462500000000002,28.795833333333334,1011.3833333333333,985.8666666666667,0.0,35.166666666666664,32.291666666666664,0.75,18.625,238.91666666666666,191.54166666666666,47.375,296.8291666666667,13.995833333333332,16.854166666666668,323.9583333333333,325.5,23.045833333333334,0.165,0.53875,25.045833333333334,25.070833333333336,25.170833333333334,25.270833333333332,0.07375,0.079,0.08700000000000001,0.10100000000000002
2022-07-21,u,25.337500000000002,84.5,22.525000000000002,28.295833333333334,1012.4458333333333,986.8874999999999,0.0,44.041666666666664,44.791666666666664,1.4166666666666667,9.625,224.66666666666666,168.66666666666666,56.0,261.96666666666664,16.420833333333334,20.150000000000002,319.5,319.0,26.2375,0.15291666666666667,0.5054166666666667,25.05,25.020833333333332,25.100000000000005,25.2,0.07183333333333332,0.0775,0.08633333333333333,0.10100000000000002
2022-07-22,u,25.429166666666664,86.5,22.979166666666668,29.03333333333333,1012.7583333333333,987.1999999999999,0.0,47.208333333333336,36.666666666666664,4.125,39.208333333333336,203.41666666666666,140.79166666666666,62.625,220.1291666666667,13.304166666666667,16.5625,321.3333333333333,320.3333333333333,22.545833333333334,0.13625,0.44249999999999995,25.05,25.0125,25.100000000000005,25.2,0.07066666666666667,0.076,0.085625,0.10070833333333334
2022-07-23,u,25.483333333333334,85.875,22.933333333333334,28.683333333333334,1012.0583333333334,986.5166666666668,0.0,25.333333333333332,24.708333333333332,3.4583333333333335,3.25,215.54166666666666,160.58333333333334,54.958333333333336,237.10833333333335,16.45416666666667,20.433333333333334,324.0416666666667,322.875,26.754166666666666,0.14583333333333334,0.46374999999999994,24.90416666666667,24.97083333333333,25.041666666666668,25.141666666666666,0.069875,0.07454166666666666,0.085,0.10000000000000002
2022-07-24,u,24.645833333333332,77.0,20.279166666666665,26.162499999999998,1011.3208333333333,985.725,0.0,19.666666666666668,10.833333333333334,0.0,33.0,241.33333333333334,188.20833333333334,53.125,284.77500000000003,18.508333333333333,22.916666666666668,321.0416666666667,320.0416666666667,30.825,0.1825,0.7245833333333334,24.616666666666664,24.741666666666664,24.929166666666664,25.02916666666667,0.0675,0.07345833333333333,0.08437500000000002,0.10000000000000002
2022-07-25,u,24.625,75.58333333333333,20.025000000000002,25.829166666666666,1011.4375,985.8416666666667,0.0,29.291666666666668,24.875,0.3333333333333333,21.958333333333332,198.625,134.875,63.75,211.8166666666667,18.783333333333335,23.7375,324.75,323.875,30.870833333333334,0.1625,0.75875,24.395833333333332,24.570833333333336,24.9375,25.100000000000005,0.065,0.07245833333333333,0.084,0.10000000000000002
2022-07-26,u,25.325,82.70833333333333,22.141666666666666,28.125,1011.475,985.9291666666667,0.0,48.958333333333336,44.5,0.25,29.416666666666668,212.04166666666666,153.125,58.916666666666664,232.33333333333334,15.804166666666667,20.125,325.2083333333333,324.7083333333333,26.541666666666668,0.15125,0.5679166666666667,24.708333333333332,24.6375,24.899999999999995,25.100000000000005,0.063,0.071,0.08316666666666667,0.10000000000000002
2022-07-27,u,25.6875,87.25,23.370833333333334,29.27916666666667,1011.0791666666668,985.5708333333333,0.0,36.25,37.833333333333336,1.125,4.916666666666667,222.16666666666666,169.08333333333334,53.083333333333336,255.83333333333334,15.479166666666666,19.320833333333333,323.4583333333333,323.5,24.78333333333333,0.1475,0.4295833333333334,25.0,24.883333333333336,24.899999999999995,25.100000000000005,0.06145833333333334,0.06958333333333334,0.082625,0.10000000000000002
2022-07-28,u,25.537499999999998,85.91666666666667,22.962500000000002,29.09166666666667,1010.9333333333334,985.4333333333334,0.0,21.0,18.708333333333332,0.08333333333333333,13.583333333333334,240.79166666666666,190.75,50.041666666666664,290.25,14.487499999999999,18.270833333333332,316.7083333333333,332.625,23.400000000000002,0.16,0.47458333333333336,24.991666666666664,24.933333333333334,24.929166666666664,25.129166666666666,0.05979166666666667,0.06854166666666667,0.082,0.10000000000000002
2022-07-29,u,25.629166666666666,87.16666666666667,23.258333333333336,29.412499999999998,1010.8833333333333,985.3791666666666,0.0,49.708333333333336,31.416666666666668,0.08333333333333333,71.04166666666667,235.83333333333334,181.375,54.458333333333336,276.87916666666666,13.9625,17.345833333333335,325.8333333333333,327.0833333333333,23.208333333333332,0.15541666666666668,0.44125,25.104166666666668,25.05,25.02916666666667,25.2,0.057999999999999996,0.0675,0.08158333333333334,0.10000000000000002
2022-07-30,u,25.291666666666668,86.375,22.804166666666664,28.558333333333334,1011.2416666666667,985.7125,0.0,59.458333333333336,46.125,0.08333333333333333,59.25,215.625,154.83333333333334,60.791666666666664,239.35,15.262500000000001,18.625,317.2916666666667,317.4166666666667,24.962500000000002,0.1445833333333333,0.45291666666666663,25.09583333333333,25.0625,25.100000000000005,25.229166666666668,0.05633333333333334,0.0665,0.081,0.099625
2022-07-31,u,25.191666666666666,86.75,22.787499999999998,28.629166666666666,1010.6041666666666,985.0791666666668,0.0,62.541666666666664,41.166666666666664,0.7083333333333334,83.29166666666667,217.20833333333334,154.16666666666666,63.041666666666664,235.6875,13.966666666666667,17.412499999999998,320.1666666666667,320.8333333333333,22.84583333333333,0.14416666666666667,0.435,25.0,25.05,25.070833333333336,25.270833333333332,0.05554166666666666,0.06554166666666666,0.08066666666666666,0.09900000000000002
2022-08-01,u,25.820833333333336,88.04166666666667,23.633333333333336,30.65416666666667,1009.9125,984.4458333333333,0.0,66.70833333333333,42.5,12.041666666666666,82.375,238.58333333333334,192.41666666666666,46.166666666666664,290.1375,8.495833333333334,10.495833333333334,264.625,267.3333333333333,16.266666666666666,0.16125,0.41250000000000003,25.15833333333333,25.0,25.0,25.2,0.05408333333333334,0.06454166666666666,0.08,0.09900000000000002
2022-08-02,u,26.03333333333333,91.125,24.454166666666666,31.420833333333334,1010.5875,985.125,0.0,63.5,28.958333333333332,15.458333333333334,94.54166666666667,215.70833333333334,144.04166666666666,71.66666666666667,214.4958333333333,7.766666666666667,10.0625,259.2083333333333,333.7916666666667,14.025,0.14416666666666667,0.3016666666666667,25.349999999999998,25.183333333333334,25.058333333333334,25.229166666666668,0.054125,0.06345833333333334,0.079375,0.09900000000000002
2022-08-03,u,25.787499999999998,91.29166666666667,24.245833333333334,30.708333333333332,1011.25,985.7458333333334,0.0,41.625,35.416666666666664,3.5416666666666665,25.666666666666668,232.375,177.95833333333334,54.416666666666664,261.30833333333334,10.304166666666667,12.4375,221.58333333333334,317.1666666666667,17.349999999999998,0.14833333333333334,0.295,25.3625,25.21666666666667,25.2,25.3,0.05604166666666666,0.0625,0.079,0.09900000000000002
2022-08-04,u,25.379166666666666,85.20833333333333,22.650000000000002,28.833333333333332,1011.8541666666666,986.3041666666667,0.0,30.75,13.625,1.5,58.541666666666664,246.5,192.20833333333334,54.291666666666664,293.25,13.825000000000001,17.133333333333333,320.7916666666667,319.625,24.6375,0.16291666666666665,0.4925,25.145833333333332,25.2,25.2,25.270833333333332,0.05408333333333334,0.06145833333333334,0.078125,0.09900000000000002
2022-08-05,u,25.083333333333332,84.83333333333333,22.320833333333336,28.97083333333333,1011.7375000000001,986.1666666666666,0.0,16.458333333333332,12.0,1.0833333333333333,16.416666666666668,249.33333333333334,195.45833333333334,53.875,295.99583333333334,9.866666666666667,11.875,308.4583333333333,320.125,19.091666666666665,0.16291666666666668,0.49291666666666667,24.95,25.0125,25.133333333333336,25.2,0.05204166666666666,0.0605,0.0775,0.09900000000000002
2022-08-06,u,24.974999999999998,88.625,22.9375,29.558333333333334,1011.7916666666666,986.2208333333333,0.0,51.541666666666664,30.416666666666668,2.9583333333333335,74.58333333333333,227.58333333333334,166.25,61.333333333333336,244.07916666666665,7.404166666666666,9.008333333333333,289.625,299.5416666666667,15.754166666666668,0.14583333333333334,0.3666666666666667,25.0125,24.979166666666668,25.100000000000005,25.2,0.050125,0.05954166666666666,0.077,0.09895833333333333
2022-08-07,u,25.0,91.25,23.454166666666666,29.491666666666664,1011.5833333333334,986.0083333333333,0.0,51.041666666666664,41.75,14.916666666666666,30.958333333333332,227.41666666666666,171.83333333333334,55.583333333333336,255.40416666666667,9.799999999999999,11.683333333333332,310.8333333333333,309.1666666666667,18.866666666666667,0.14333333333333334,0.2808333333333333,25.1875,25.070833333333336,25.129166666666666,25.229166666666668,0.050499999999999996,0.058625000000000003,0.07616666666666666,0.09800000000000002
2022-08-08,u,25.370833333333334,88.08333333333333,23.21666666666667,29.141666666666666,1011.4708333333333,985.9375,0.0,25.916666666666668,26.083333333333332,4.083333333333333,0.0,225.25,162.83333333333334,62.416666666666664,247.95833333333334,13.516666666666666,16.412499999999998,316.9166666666667,316.7916666666667,23.370833333333334,0.1475,0.3941666666666667,25.258333333333336,25.208333333333332,25.229166666666668,25.329166666666666,0.050749999999999997,0.058208333333333334,0.076,0.09800000000000002
2022-08-09,u,25.320833333333336,88.20833333333333,23.208333333333332,29.2,1011.4916666666667,985.9541666666668,0.0,42.208333333333336,39.416666666666664,10.666666666666666,0.6666666666666666,223.5,166.66666666666666,56.833333333333336,242.09166666666667,12.825000000000001,15.545833333333334,312.7083333333333,311.7916666666667,21.166666666666668,0.14333333333333334,0.385,25.275000000000002,25.245833333333334,25.270833333333332,25.370833333333334,0.050666666666666665,0.05741666666666667,0.07520833333333334,0.09800000000000002
2022-08-10,u,25.766666666666666,89.75,23.958333333333332,30.125,1011.4958333333334,985.9916666666667,0.0,71.20833333333333,36.333333333333336,47.458333333333336,33.416666666666664,168.5,96.95833333333333,71.54166666666667,144.25,11.533333333333333,14.145833333333334,321.7916666666667,321.5,19.341666666666665,0.11416666666666665,0.3416666666666666,25.379166666666666,25.28333333333333,25.233333333333334,25.329166666666666,0.05429166666666666,0.057,0.075,0.09800000000000002
2022-08-11,u,26.375,87.625,24.133333333333336,31.599999999999998,1011.2708333333334,985.8208333333333,0.0,41.583333333333336,23.958333333333332,24.958333333333332,16.583333333333332,245.20833333333334,198.41666666666666,46.791666666666664,289.1666666666667,8.391666666666667,10.575000000000001,278.9583333333333,322.2083333333333,14.604166666666666,0.16666666666666666,0.43291666666666667,25.837500000000002,25.516666666666666,25.387500000000003,25.458333333333332,0.06279166666666668,0.057,0.07445833333333333,0.09800000000000002
2022-08-12,u,26.6375,88.91666666666667,24.625,32.13333333333333,1010.7875,985.3708333333334,0.0,41.375,23.791666666666668,20.583333333333332,25.0,240.58333333333334,190.25,50.333333333333336,277.43333333333334,8.2875,10.645833333333334,266.0833333333333,295.5416666666667,14.841666666666667,0.16291666666666668,0.3941666666666667,25.833333333333332,25.724999999999998,25.600000000000005,25.600000000000005,0.06845833333333333,0.057875,0.07479166666666666,0.09800000000000002
2022-08-13,u,26.208333333333332,91.75,24.758333333333336,32.27916666666667,1011.0833333333334,985.6166666666667,0.0,46.708333333333336,34.0,18.541666666666668,17.5,227.25,170.75,56.5,242.2875,4.820833333333334,5.533333333333334,229.25,219.75,11.25,0.15125,0.285,25.945833333333336,25.770833333333332,25.6875,25.71666666666667,0.086375,0.06220833333333333,0.07570833333333334,0.09800000000000002
2022-08-14,u,26.03333333333333,89.95833333333333,24.224999999999998,31.683333333333334,1011.2416666666667,985.7666666666668,0.0,62.166666666666664,41.291666666666664,16.25,55.583333333333336,231.04166666666666,167.33333333333334,63.708333333333336,238.8166666666667,5.366666666666667,6.516666666666667,204.5,222.16666666666666,12.9375,0.15541666666666668,0.34625,25.958333333333332,25.925,25.870833333333334,25.941666666666666,0.09554166666666668,0.07120833333333333,0.07520833333333334,0.09749999999999999
2022-08-15,u,26.25,88.66666666666667,24.22083333333333,31.254166666666666,1011.6166666666667,986.1583333333333,0.0,31.875,20.291666666666668,11.375,22.5,254.25,207.83333333333334,46.416666666666664,301.85833333333335,10.325,12.666666666666666,331.5416666666667,331.5416666666667,17.054166666666667,0.16541666666666668,0.39166666666666666,25.96666666666667,25.866666666666664,25.8,25.8,0.09475,0.0795,0.075375,0.09700000000000002
2022-08-16,u,26.120833333333334,88.70833333333333,24.083333333333332,30.78333333333333,1012.0375,986.5541666666667,0.0,28.083333333333332,20.5,3.2083333333333335,25.583333333333332,245.45833333333334,172.04166666666666,73.41666666666667,254.30416666666667,11.666666666666666,13.808333333333332,321.3333333333333,307.875,17.891666666666666,0.16041666666666668,0.38875,25.795833333333334,25.8,25.8,25.8,0.08741666666666666,0.08083333333333333,0.07533333333333332,0.09700000000000002
2022-08-17,u,25.5,87.33333333333333,23.2,29.041666666666668,1013.3708333333334,987.8000000000001,0.0,40.041666666666664,27.416666666666668,21.708333333333332,7.916666666666667,228.54166666666666,175.33333333333334,53.208333333333336,257.00416666666666,15.145833333333334,18.45,320.125,320.0,25.179166666666664,0.15208333333333332,0.42208333333333337,25.541666666666668,25.6125,25.708333333333332,25.712500000000002,0.08329166666666667,0.08041666666666668,0.075,0.09700000000000002
2022-08-18,u,25.566666666666666,86.125,23.09583333333333,28.358333333333334,1012.5333333333333,986.9791666666666,0.0,48.125,40.416666666666664,19.583333333333332,0.0,209.33333333333334,145.33333333333334,64.0,210.0041666666667,19.55,24.900000000000002,328.125,328.0833333333333,31.8125,0.14166666666666666,0.45333333333333337,25.295833333333334,25.337500000000002,25.441666666666666,25.441666666666666,0.08145833333333334,0.07945833333333334,0.075,0.09700000000000002
2022-08-19,u,25.854166666666668,84.16666666666667,22.929166666666664,28.645833333333332,1012.2291666666666,986.7041666666668,0.0,30.375,31.5,2.7916666666666665,0.9166666666666666,240.5,185.45833333333334,55.041666666666664,270.26666666666665,19.366666666666667,24.333333333333332,324.0416666666667,324.6666666666667,30.55,0.16541666666666666,0.5358333333333333,25.270833333333332,25.233333333333334,25.270833333333332,25.270833333333332,0.07795833333333334,0.07791666666666668,0.075,0.09700000000000002
2022-08-20,u,25.525000000000002,79.45833333333333,21.675,27.566666666666666,1012.0208333333334,986.4916666666667,0.0,19.458333333333332,20.458333333333332,0.0,3.2083333333333335,264.375,214.33333333333334,50.041666666666664,307.8833333333333,20.175,25.1875,326.9166666666667,327.7916666666667,31.395833333333332,0.19041666666666668,0.68,25.129166666666666,25.099999999999998,25.2,25.2,0.07358333333333333,0.07633333333333332,0.074875,0.09700000000000002
2022-08-21,u,25.566666666666666,83.16666666666667,22.445833333333336,29.166666666666668,1011.6583333333333,986.1374999999999,0.0,44.875,34.791666666666664,3.125,42.541666666666664,260.875,209.79166666666666,51.083333333333336,304.6458333333333,12.700000000000001,15.5875,318.2916666666667,318.9583333333333,20.566666666666666,0.17875,0.56375,25.087500000000002,25.041666666666668,25.166666666666668,25.229166666666668,0.070125,0.0745,0.074625,0.09700000000000002
2022-08-22,u,25.679166666666664,85.58333333333333,23.05,28.608333333333334,1012.1875,986.6583333333333,0.0,38.458333333333336,22.0,0.9583333333333334,60.416666666666664,242.08333333333334,185.95833333333334,56.125,269.89166666666665,18.954166666666666,24.15416666666667,327.0,327.0833333333333,30.0125,0.16166666666666665,0.4870833333333333,25.21666666666667,25.150000000000002,25.2,25.3,0.06825,0.07304166666666666,0.07425,0.09658333333333334
2022-08-23,u,25.579166666666666,82.41666666666667,22.320833333333336,28.045833333333334,1012.2624999999999,986.725,0.0,22.541666666666668,21.208333333333332,1.7083333333333333,8.208333333333334,255.33333333333334,202.04166666666666,53.291666666666664,288.4791666666667,19.433333333333334,24.370833333333334,325.7916666666667,325.7916666666667,31.354166666666668,0.17625,0.5870833333333333,25.287499999999998,25.2,25.229166666666668,25.329166666666666,0.06533333333333334,0.07104166666666667,0.074,0.09600000000000002
2022-08-24,u,25.625,81.625,22.191666666666666,28.354166666666668,1012.4458333333333,986.9041666666667,0.0,39.291666666666664,19.458333333333332,2.125,68.16666666666667,261.5,208.91666666666666,52.583333333333336,300.65833333333336,17.412499999999998,21.7375,323.25,323.4166666666667,29.616666666666664,0.18500000000000003,0.6191666666666666,25.229166666666668,25.208333333333332,25.3,25.370833333333334,0.06245833333333334,0.06916666666666667,0.07358333333333333,0.09600000000000002
2022-08-25,u,25.895833333333332,84.375,23.020833333333332,28.983333333333334,1011.9833333333332,986.4708333333333,0.0,67.29166666666667,36.083333333333336,11.333333333333334,93.33333333333333,241.625,182.45833333333334,59.166666666666664,256.1666666666667,17.975,22.40416666666667,325.4166666666667,325.75,29.03333333333333,0.16874999999999998,0.5308333333333334,25.358333333333334,25.21666666666667,25.270833333333332,25.3,0.060625000000000005,0.06754166666666667,0.073,0.09600000000000002
2022-08-26,u,25.741666666666664,87.70833333333333,23.525000000000002,29.1875,1011.0291666666667,985.5208333333334,0.0,63.166666666666664,38.958333333333336,9.833333333333334,73.5,243.08333333333334,187.08333333333334,56.0,268.58750000000003,17.391666666666666,21.508333333333336,324.4166666666667,325.0833333333333,27.483333333333334,0.15833333333333333,0.41333333333333333,25.15416666666667,25.191666666666666,25.112499999999997,25.212500000000002,0.06091666666666667,0.0665,0.073,0.09600000000000002
2022-08-27,u,25.316666666666666,86.45833333333333,22.849999999999998,28.520833333333332,1010.9916666666667,985.4583333333334,0.0,48.041666666666664,45.791666666666664,3.375,15.916666666666666,237.125,167.66666666666666,69.45833333333333,241.54999999999998,16.029166666666665,19.541666666666668,318.4166666666667,318.0,26.516666666666666,0.155,0.4466666666666667,25.09583333333333,25.008333333333336,24.958333333333332,25.02916666666667,0.06025,0.06545833333333334,0.073,0.09600000000000002
2022-08-28,u,24.891666666666666,86.875,22.5125,28.650000000000002,1011.1875,985.6291666666666,0.0,49.625,43.5,14.125,9.875,235.25,173.33333333333334,61.916666666666664,243.07500000000002,11.262500000000001,13.583333333333334,311.25,309.5416666666667,21.05,0.14958333333333332,0.42166666666666663,25.03333333333333,25.03333333333333,25.09166666666667,25.129166666666666,0.06,0.064,0.072375,0.09600000000000002
2022-08-29,u,24.991666666666664,89.79166666666667,23.183333333333334,28.875,1011.4,985.8291666666668,0.0,52.916666666666664,40.875,21.958333333333332,9.791666666666666,244.79166666666666,189.45833333333334,55.333333333333336,265.41249999999997,13.233333333333334,16.3625,316.7083333333333,314.4583333333333,23.212500000000002,0.15208333333333332,0.33166666666666667,25.170833333333334,25.108333333333334,25.2,25.2,0.060625000000000005,0.06316666666666666,0.072,0.09600000000000002
2022-08-30,u,25.554166666666664,90.58333333333333,23.883333333333336,30.108333333333334,1010.7208333333333,985.225,0.0,55.416666666666664,28.708333333333332,15.333333333333334,67.83333333333333,245.29166666666666,183.875,61.416666666666664,258.0625,11.566666666666668,14.604166666666666,327.5,324.4583333333333,20.591666666666665,0.15333333333333335,0.3145833333333334,25.22083333333333,25.145833333333332,25.170833333333334,25.170833333333334,0.06341666666666666,0.06229166666666667,0.07158333333333333,0.09549999999999999
2022-08-31,u,25.733333333333334,89.0,23.77916666666667,30.4375,1010.5583333333334,985.0791666666668,0.0,50.625,37.5,28.875,1.3333333333333333,239.91666666666666,181.0,58.916666666666664,251.23333333333335,10.225,12.625,327.2916666666667,324.7083333333333,17.2625,0.15416666666666667,0.3666666666666667,25.241666666666664,25.1375,25.100000000000005,25.100000000000005,0.07016666666666667,0.06183333333333333,0.07145833333333333,0.09500000000000001
2022-09-01,u,26.058333333333334,88.45833333333333,23.97083333333333,30.483333333333334,1011.2291666666666,985.7583333333333,0.0,37.541666666666664,32.333333333333336,10.0,8.125,263.4166666666667,213.16666666666666,50.25,299.0625,13.295833333333334,16.666666666666668,324.7083333333333,324.25,21.608333333333334,0.17166666666666666,0.39958333333333335,25.316666666666666,25.166666666666668,25.100000000000005,25.100000000000005,0.07137500000000001,0.06179166666666667,0.071,0.09500000000000001
2022-09-02,u,26.233333333333334,88.0,24.058333333333334,30.84166666666667,1011.7916666666666,986.3083333333334,0.0,34.041666666666664,29.708333333333332,5.333333333333333,13.625,263.4166666666667,204.04166666666666,59.375,285.19166666666666,12.487499999999999,15.820833333333333,322.0833333333333,321.9583333333333,21.695833333333336,0.17416666666666666,0.42,25.5125,25.254166666666666,25.150000000000002,25.158333333333335,0.06645833333333334,0.06116666666666667,0.07054166666666667,0.09500000000000001
2022-09-03,u,25.891666666666666,90.375,24.170833333333334,30.695833333333336,1011.5166666666668,986.0208333333334,0.0,55.666666666666664,35.291666666666664,10.375,59.0,251.54166666666666,189.75,61.791666666666664,265.0125,11.254166666666668,14.020833333333334,318.875,316.875,18.770833333333332,0.16125,0.32666666666666666,25.479166666666668,25.370833333333334,25.3,25.3,0.06291666666666666,0.060458333333333336,0.07,0.09500000000000001
2022-09-04,u,25.912499999999998,88.95833333333333,23.933333333333334,30.5625,1011.8541666666666,986.3416666666667,0.0,59.25,24.875,13.625,95.66666666666667,246.33333333333334,182.875,63.458333333333336,259.3125,11.091666666666667,13.620833333333332,323.8333333333333,322.0,18.64166666666667,0.15958333333333333,0.37666666666666665,25.420833333333334,25.34166666666667,25.275000000000002,25.270833333333332,0.06216666666666667,0.059458333333333335,0.069625,0.09500000000000001
2022-09-05,u,25.858333333333334,90.91666666666667,24.224999999999998,31.09583333333333,1011.9541666666668,986.4333333333334,0.0,55.25,22.208333333333332,9.041666666666666,99.54166666666667,255.83333333333334,187.20833333333334,68.625,256.89166666666665,8.862499999999999,10.637500000000001,314.1666666666667,315.75,15.875,0.16708333333333333,0.31124999999999997,25.5,25.34583333333333,25.254166666666666,25.229166666666668,0.06233333333333333,0.05858333333333333,0.069,0.09500000000000001
2022-09-06,u,26.05,88.125,23.875,30.766666666666666,1011.8208333333333,986.3249999999999,0.0,39.208333333333336,19.458333333333332,19.333333333333332,33.083333333333336,256.125,193.79166666666666,62.333333333333336,277.30833333333334,10.5875,12.770833333333334,281.7916666666667,311.5416666666667,18.529166666666665,0.16874999999999998,0.4091666666666667,25.7375,25.5,25.40833333333333,25.387500000000003,0.06229166666666667,0.058,0.069,0.09500000000000001
2022-09-07,u,25.9875,89.54166666666667,24.125,30.604166666666668,1012.5583333333334,987.0333333333333,0.0,54.166666666666664,30.333333333333332,28.291666666666668,32.416666666666664,253.45833333333334,199.29166666666666,54.166666666666664,276.41249999999997,12.320833333333333,15.045833333333334,322.2083333333333,321.875,20.358333333333334,0.1625,0.35791666666666666,25.620833333333334,25.6375,25.541666666666668,25.541666666666668,0.06475,0.058,0.069,0.09454166666666668
2022-09-08,u,26.2,88.41666666666667,24.09583333333333,31.004166666666666,1012.9666666666667,987.4458333333333,0.0,47.0,25.166666666666668,24.0,33.166666666666664,249.45833333333334,190.95833333333334,58.5,269.2,10.854166666666666,13.725,325.875,325.7916666666667,18.17083333333333,0.16583333333333333,0.4033333333333333,25.608333333333334,25.495833333333334,25.399999999999995,25.375,0.06704166666666667,0.058,0.069,0.09400000000000001
2022-09-09,u,25.770833333333332,90.79166666666667,24.141666666666666,30.854166666666668,1013.4166666666666,987.8708333333334,0.0,73.83333333333333,27.916666666666668,45.958333333333336,76.875,210.875,136.625,74.25,184.78333333333333,8.841666666666667,11.083333333333334,297.3333333333333,326.0416666666667,16.7625,0.14166666666666666,0.3125,25.545833333333334,25.46666666666667,25.429166666666664,25.38333333333333,0.08266666666666667,0.0625,0.069,0.09400000000000001
2022-09-10,u,25.870833333333334,89.83333333333333,24.054166666666664,30.474999999999998,1012.6625,987.1333333333333,0.0,57.041666666666664,25.208333333333332,18.75,76.625,248.79166666666666,184.91666666666666,63.875,253.22083333333333,12.041666666666666,15.133333333333333,327.1666666666667,325.25,19.2,0.16041666666666668,0.35083333333333333,25.6125,25.495833333333334,25.5,25.399999999999995,0.09616666666666666,0.07608333333333334,0.069,0.09400000000000001
2022-09-11,u,25.695833333333336,90.95833333333333,24.09583333333333,30.204166666666666,1011.9333333333334,986.4166666666666,0.0,65.33333333333333,34.166666666666664,14.916666666666666,86.95833333333333,250.375,185.16666666666666,65.20833333333333,253.98333333333335,12.887500000000001,15.995833333333332,326.0833333333333,327.0416666666667,21.929166666666664,0.15666666666666668,0.3025,25.541666666666668,25.508333333333336,25.47083333333333,25.370833333333334,0.09354166666666668,0.08116666666666666,0.069,0.09400000000000001
2022-09-12,u,26.166666666666668,89.29166666666667,24.229166666666668,31.400000000000002,1011.5041666666666,986.0333333333333,0.0,45.333333333333336,32.333333333333336,7.791666666666667,38.666666666666664,279.5416666666667,222.58333333333334,56.958333333333336,308.7375,9.3125,11.487499999999999,276.7916666666667,279.1666666666667,16.820833333333333,0.18541666666666667,0.3775,25.641666666666666,25.4375,25.429166666666664,25.329166666666666,0.085625,0.08079166666666666,0.069,0.09400000000000001
2022-09-13,u,26.191666666666666,88.66666666666667,24.141666666666666,30.40833333333333,1013.7541666666666,988.2208333333333,0.0,32.291666666666664,31.666666666666668,6.333333333333333,0.16666666666666666,271.5833333333333,212.54166666666666,59.041666666666664,294.3625,15.454166666666666,19.675,324.125,324.25,26.0125,0.17500000000000002,0.3979166666666667,25.6875,25.52916666666667,25.5,25.429166666666664,0.07920833333333334,0.07891666666666668,0.06854166666666667,0.09400000000000001
2022-09-14,u,25.599999999999998,90.29166666666667,23.879166666666666,29.6875,1014.8708333333334,989.2541666666666,0.0,42.583333333333336,32.583333333333336,20.416666666666668,3.2916666666666665,248.08333333333334,187.70833333333334,60.375,262.5125,14.608333333333334,18.145833333333332,328.625,326.9166666666667,25.620833333333334,0.15666666666666668,0.32375000000000004,25.65833333333333,25.516666666666666,25.52916666666667,25.52916666666667,0.07683333333333332,0.07670833333333334,0.068,0.09400000000000001
2022-09-15,u,25.375,90.45833333333333,23.683333333333334,29.2,1013.4833333333332,987.8958333333334,0.0,65.875,41.208333333333336,21.25,54.583333333333336,246.54166666666666,182.375,64.16666666666667,242.79166666666666,15.870833333333332,19.712500000000002,324.375,323.0416666666667,27.337500000000002,0.15375,0.315,25.566666666666666,25.52916666666667,25.570833333333336,25.570833333333336,0.07583333333333332,0.07495833333333334,0.068,0.09400000000000001
2022-09-16,u,25.804166666666664,87.16666666666667,23.479166666666668,29.970833333333335,1012.6041666666666,987.0791666666668,0.0,57.458333333333336,18.916666666666668,22.333333333333332,89.83333333333333,249.16666666666666,178.54166666666666,70.625,247.13333333333333,12.708333333333334,15.525,321.125,320.4583333333333,24.21666666666667,0.1675,0.43416666666666665,25.3875,25.429166666666664,25.441666666666666,25.441666666666666,0.07316666666666666,0.07354166666666666,0.068,0.09358333333333334
2022-09-17,u,25.616666666666664,88.5,23.53333333333333,30.1875,1012.1416666666668,986.6166666666667,0.0,47.0,26.75,1.4583333333333333,73.375,289.1666666666667,229.16666666666666,60.0,315.31666666666666,11.1875,13.529166666666667,314.25,312.875,20.083333333333332,0.18625,0.38958333333333334,25.34166666666667,25.28333333333333,25.316666666666666,25.3,0.06945833333333333,0.07245833333333333,0.068,0.09300000000000001
2022-09-18,u,25.75,89.125,23.787499999999998,30.816666666666666,1012.5416666666666,987.0124999999999,0.0,47.791666666666664,31.458333333333332,0.7083333333333334,63.5,294.2083333333333,238.875,55.333333333333336,328.1791666666667,8.954166666666667,10.579166666666667,304.5416666666667,304.0,17.516666666666666,0.18875,0.36833333333333335,25.7375,25.474999999999998,25.441666666666666,25.387500000000003,0.066,0.07070833333333333,0.068,0.09300000000000001
2022-09-19,u,25.508333333333336,89.0,23.545833333333334,30.229166666666668,1012.7624999999999,987.2041666666668,0.0,52.291666666666664,29.583333333333332,6.416666666666667,72.54166666666667,270.3333333333333,208.41666666666666,61.916666666666664,288.53333333333336,9.470833333333333,11.454166666666666,290.1666666666667,287.2083333333333,17.416666666666668,0.17,0.3620833333333333,25.691666666666666,25.675,25.7,25.600000000000005,0.064,0.06895833333333334,0.06745833333333334,0.09300000000000001
2022-09-20,u,25.545833333333334,87.08333333333333,23.22083333333333,29.7,1012.7791666666667,987.2333333333332,0.0,59.625,28.416666666666668,17.5,78.83333333333333,238.91666666666666,163.75,75.16666666666667,229.2541666666667,11.354166666666666,14.029166666666667,317.25,313.3333333333333,21.099999999999998,0.15791666666666668,0.4270833333333333,25.683333333333334,25.616666666666664,25.650000000000002,25.600000000000005,0.0645,0.06766666666666667,0.06725,0.09300000000000001
2022-09-21,u,25.8875,87.45833333333333,23.633333333333336,30.3,1012.3416666666667,986.8166666666666,0.0,70.75,37.125,24.208333333333332,78.16666666666667,262.625,196.375,66.25,265.5541666666667,11.904166666666667,14.674999999999999,293.75,320.2916666666667,21.120833333333334,0.17333333333333334,0.4245833333333333,25.633333333333336,25.6125,25.570833333333336,25.570833333333336,0.07454166666666667,0.06754166666666667,0.06725,0.09300000000000001
2022-09-22,u,26.141666666666666,87.75,23.916666666666668,30.570833333333336,1011.9916666666667,986.5,0.0,48.583333333333336,32.333333333333336,14.583333333333334,35.75,259.75,201.625,58.125,279.48333333333335,12.700000000000001,15.866666666666667,321.0416666666667,320.1666666666667,22.270833333333332,0.17125,0.42,25.712500000000002,25.587500000000002,25.520833333333332,25.5,0.08950000000000001,0.071125,0.067,0.09300000000000001
2022-09-23,u,26.3125,90.5,24.604166666666668,31.741666666666664,1011.2458333333334,985.8041666666667,0.0,49.625,28.958333333333332,12.875,52.291666666666664,277.4583333333333,220.375,57.083333333333336,299.4916666666667,9.554166666666667,12.166666666666666,313.5833333333333,310.2916666666667,17.491666666666667,0.17833333333333334,0.33416666666666667,26.09166666666667,25.758333333333336,25.691666666666666,25.616666666666664,0.0835,0.07245833333333333,0.067,0.09300000000000001
2022-09-24,u,26.412499999999998,89.29166666666667,24.483333333333334,32.00416666666667,1011.2833333333333,985.8333333333334,0.0,39.041666666666664,24.958333333333332,8.25,38.916666666666664,285.2916666666667,229.83333333333334,55.458333333333336,311.56666666666666,8.283333333333333,9.799999999999999,289.4166666666667,299.625,16.629166666666666,0.18791666666666665,0.3770833333333334,26.366666666666664,26.133333333333336,26.02916666666667,25.958333333333332,0.07795833333333334,0.07154166666666666,0.067,0.09295833333333332
2022-09-25,u,26.09583333333333,88.20833333333333,24.0,31.241666666666664,1011.6458333333334,986.1625,0.0,42.291666666666664,22.708333333333332,11.958333333333334,48.833333333333336,270.25,210.54166666666666,59.708333333333336,286.72499999999997,8.6,10.262500000000001,302.4583333333333,298.9583333333333,17.670833333333334,0.17666666666666667,0.40208333333333335,26.291666666666668,26.229166666666668,26.100000000000005,26.100000000000005,0.07445833333333333,0.0705,0.06641666666666667,0.09200000000000001
2022-09-26,u,25.816666666666666,89.125,23.8625,30.741666666666664,1011.5458333333332,986.0375,0.0,42.416666666666664,28.541666666666668,7.666666666666667,40.541666666666664,279.5,216.45833333333334,63.041666666666664,297.3666666666667,9.845833333333333,12.066666666666668,298.3333333333333,293.0,19.166666666666668,0.18041666666666667,0.3725,26.104166666666668,26.09583333333333,26.070833333333336,26.05,0.073,0.06954166666666667,0.066,0.09200000000000001
2022-09-27,u,25.75,84.66666666666667,22.8875,30.21666666666667,1010.2375000000001,984.7583333333333,0.0,27.125,23.166666666666668,0.0,20.75,309.4166666666667,264.4583333333333,44.958333333333336,359.17083333333335,9.804166666666667,11.541666666666666,292.5833333333333,290.3333333333333,18.079166666666666,0.20458333333333334,0.5258333333333334,26.212500000000002,26.05,26.058333333333334,25.991666666666664,0.06904166666666667,0.068125,0.066,0.09200000000000001
2022-09-28,u,25.787499999999998,85.5,23.150000000000002,30.5125,1009.475,984.0124999999999,0.0,45.583333333333336,37.375,12.375,14.916666666666666,288.375,234.0,54.375,311.2708333333333,8.641666666666667,9.983333333333333,293.7083333333333,291.0833333333333,16.170833333333334,0.1875,0.4870833333333333,26.2,26.15416666666667,26.2,26.100000000000005,0.06479166666666668,0.0665,0.06558333333333334,0.09200000000000001
2022-09-29,u,26.241666666666664,84.875,23.47083333333333,31.275000000000002,1009.9416666666666,984.5208333333334,0.0,44.5,25.083333333333332,8.583333333333334,55.958333333333336,277.5416666666667,215.66666666666666,61.875,293.4916666666667,7.570833333333333,8.3375,294.75,292.4583333333333,14.654166666666667,0.18708333333333335,0.5195833333333334,26.354166666666668,26.22083333333333,26.170833333333334,26.100000000000005,0.063,0.06545833333333334,0.06579166666666668,0.09200000000000001
2022-09-30,u,25.879166666666666,90.45833333333333,24.1875,31.441666666666666,1011.0833333333334,985.6125000000001,0.0,70.16666666666667,43.208333333333336,20.458333333333332,93.54166666666667,199.66666666666666,100.45833333333333,99.20833333333333,121.5625,5.283333333333333,6.020833333333333,281.75,309.0833333333333,12.841666666666667,0.13666666666666666,0.32083333333333336,26.291666666666668,26.204166666666666,26.158333333333335,26.129166666666666,0.073,0.06633333333333334,0.066,0.09200000000000001
2022-10-01,u,26.0625,91.0,24.483333333333334,31.683333333333334,1010.7624999999999,985.3125,0.0,76.70833333333333,47.375,17.458333333333332,86.625,230.95833333333334,152.79166666666666,78.16666666666667,193.95833333333334,6.7124999999999995,7.520833333333333,316.0833333333333,300.4166666666667,14.0625,0.15291666666666667,0.3045833333333334,26.254166666666666,26.258333333333336,26.270833333333332,26.170833333333334,0.09366666666666666,0.07433333333333332,0.06679166666666668,0.09200000000000001
2022-10-02,u,26.212500000000002,89.83333333333333,24.400000000000002,31.8625,1009.6625,984.2333333333332,0.0,56.0,28.625,24.125,52.75,216.95833333333334,137.33333333333334,79.625,188.36666666666667,5.6000000000000005,6.6375,289.7916666666667,284.5416666666667,11.700000000000001,0.145,0.3491666666666666,26.5625,26.320833333333336,26.316666666666666,26.21666666666667,0.09479166666666666,0.08175,0.06779166666666668,0.09200000000000001
2022-10-03,u,26.008333333333336,90.33333333333333,24.287499999999998,31.604166666666668,1010.125,984.6708333333332,0.0,62.75,25.416666666666668,34.25,64.41666666666667,245.54166666666666,180.70833333333334,64.83333333333333,232.82916666666665,6.370833333333334,7.6125,295.375,292.4583333333333,14.841666666666667,0.16125,0.33041666666666664,26.675,26.625,26.600000000000005,26.5,0.09799999999999999,0.08812500000000001,0.068,0.09200000000000001
2022-10-04,u,25.954166666666666,89.16666666666667,24.045833333333334,31.3625,1010.6666666666666,985.1958333333333,0.0,72.29166666666667,27.375,65.875,29.791666666666668,219.16666666666666,137.08333333333334,82.08333333333333,176.99166666666667,6.045833333333333,7.404166666666666,282.7083333333333,282.0833333333333,13.637500000000001,0.15083333333333335,0.3645833333333333,26.587500000000002,26.570833333333336,26.570833333333336,26.5,0.10058333333333334,0.09583333333333333,0.06829166666666668,0.09200000000000001
2022-10-05,u,26.308333333333334,85.95833333333333,23.75,31.22083333333333,1011.0291666666667,985.5749999999999,0.0,73.54166666666667,34.166666666666664,46.333333333333336,80.0,236.25,156.29166666666666,79.95833333333333,199.70000000000002,8.645833333333334,10.391666666666666,308.2083333333333,303.9583333333333,15.637500000000001,0.16,0.48666666666666664,26.570833333333336,26.5125,26.5,26.47083333333333,0.10079166666666667,0.09683333333333333,0.06995833333333333,0.091375
2022-10-06,u,25.77916666666667,90.16666666666667,24.025000000000002,30.712500000000002,1011.7291666666666,986.2333333333332,0.0,91.08333333333333,67.33333333333333,42.708333333333336,93.04166666666667,172.83333333333334,91.16666666666667,81.66666666666667,122.72916666666667,8.5,10.408333333333333,310.75,308.25,20.533333333333335,0.11708333333333333,0.3275,26.333333333333332,26.366666666666664,26.433333333333334,26.370833333333334,0.10504166666666666,0.10191666666666667,0.072125,0.09100000000000001
2022-10-07,u,26.270833333333332,90.58333333333333,24.587500000000002,30.8875,1010.8625000000001,985.4208333333332,0.0,87.83333333333333,58.5,21.5,99.58333333333333,211.75,105.75,106.0,136.76666666666668,13.516666666666666,16.445833333333333,322.3333333333333,321.9583333333333,22.787499999999998,0.14208333333333334,0.32583333333333336,26.4375,26.333333333333332,26.370833333333334,26.3,0.10579166666666666,0.10512499999999998,0.07620833333333334,0.09100000000000001
2022-10-08,u,26.870833333333334,87.95833333333333,24.683333333333334,31.791666666666668,1011.1125000000001,985.7041666666668,0.0,75.16666666666667,43.916666666666664,27.416666666666668,82.25,245.25,168.70833333333334,76.54166666666667,211.94583333333333,12.629166666666668,16.129166666666666,313.1666666666667,326.2083333333333,22.516666666666666,0.1691666666666667,0.43375,26.570833333333336,26.3625,26.3,26.270833333333332,0.10570833333333333,0.10458333333333332,0.07875,0.09100000000000001
2022-10-09,u,26.625,90.95833333333333,25.0125,32.13333333333333,1011.5791666666668,986.15,0.0,60.916666666666664,38.083333333333336,17.041666666666668,58.625,247.375,172.75,74.625,231.78333333333333,9.995833333333334,12.645833333333334,324.5416666666667,322.0,20.920833333333334,0.1625,0.32166666666666666,26.52916666666667,26.3875,26.270833333333332,26.2,0.10408333333333332,0.10320833333333333,0.08025,0.09100000000000001
2022-10-10,u,26.5625,90.70833333333333,24.90833333333333,32.40833333333333,1011.9833333333332,986.525,0.0,57.708333333333336,23.166666666666668,14.208333333333334,94.5,255.58333333333334,165.33333333333334,90.25,210.0875,7.75,9.333333333333334,242.95833333333334,309.8333333333333,16.45,0.16916666666666666,0.3229166666666667,26.40416666666667,26.316666666666666,26.2,26.170833333333334,0.10483333333333333,0.10483333333333333,0.08216666666666667,0.09100000000000001
2022-10-11,u,26.358333333333334,87.75,24.129166666666666,32.020833333333336,1011.4333333333334,985.9791666666666,0.0,36.958333333333336,10.791666666666666,13.75,63.25,268.25,199.66666666666666,68.58333333333333,254.2875,6.0249999999999995,7.208333333333333,168.625,298.5,13.404166666666667,0.17958333333333332,0.42791666666666667,26.258333333333336,26.233333333333334,26.170833333333334,26.100000000000005,0.10404166666666666,0.1045,0.085125,0.09100000000000001
2022-10-12,u,26.229166666666668,89.58333333333333,24.370833333333334,31.5125,1011.5,986.0375,0.0,50.083333333333336,22.333333333333332,20.291666666666668,59.125,238.25,168.625,69.625,228.42499999999998,8.299999999999999,10.487499999999999,298.2083333333333,301.5833333333333,16.7375,0.15416666666666667,0.3541666666666667,26.245833333333334,26.1875,26.158333333333335,26.129166666666666,0.10416666666666667,0.103375,0.08666666666666667,0.09100000000000001
2022-10-13,u,26.212500000000002,87.75,23.983333333333334,31.145833333333332,1010.7708333333334,985.3291666666668,0.0,38.041666666666664,26.625,14.541666666666666,17.75,260.875,193.95833333333334,66.91666666666667,265.15416666666664,9.7125,11.466666666666667,311.2916666666667,308.7083333333333,17.5625,0.1708333333333333,0.42583333333333334,26.304166666666664,26.25,26.270833333333332,26.2,0.10108333333333334,0.10158333333333334,0.08783333333333332,0.09100000000000001
2022-10-14,u,26.116666666666664,89.0,24.1375,31.233333333333334,1009.5375,984.1125000000001,0.0,66.75,34.25,17.041666666666668,91.79166666666667,260.4166666666667,190.08333333333334,70.33333333333333,248.02916666666667,9.325000000000001,10.970833333333333,310.7916666666667,310.0833333333333,16.458333333333332,0.17041666666666666,0.375,26.308333333333334,26.229166666666668,26.2,26.2,0.10004166666666668,0.09929166666666667,0.08879166666666666,0.09100000000000001
2022-10-15,u,26.504166666666666,87.45833333333333,24.245833333333334,31.554166666666664,1010.275,984.8583333333332,0.0,43.291666666666664,28.958333333333332,20.583333333333332,15.833333333333334,284.0,231.95833333333334,52.041666666666664,309.27500000000003,10.716666666666667,12.816666666666668,318.4583333333333,317.4166666666667,19.733333333333334,0.1875,0.44,26.3625,26.241666666666664,26.208333333333332,26.2,0.09908333333333334,0.09829166666666667,0.08904166666666667,0.09100000000000001
2022-10-16,u,26.379166666666666,89.875,24.570833333333336,31.558333333333334,1011.5875,986.125,0.0,63.916666666666664,35.458333333333336,20.833333333333332,64.875,268.0416666666667,203.75,64.29166666666667,273.34999999999997,10.545833333333333,12.858333333333334,322.9166666666667,318.9166666666667,19.412499999999998,0.17166666666666666,0.34958333333333336,26.40416666666667,26.308333333333334,26.25,26.2,0.10045833333333333,0.09829166666666667,0.08929166666666666,0.09100000000000001
2022-10-17,u,25.983333333333334,91.66666666666667,24.545833333333334,31.054166666666664,1011.2708333333334,985.8000000000001,0.0,84.25,45.0,24.875,95.875,226.33333333333334,135.54166666666666,90.79166666666667,167.29999999999998,10.741666666666667,12.779166666666667,312.1666666666667,311.0,20.458333333333332,0.1475,0.2804166666666667,26.34166666666667,26.304166666666664,26.3,26.2,0.101875,0.100625,0.09004166666666667,0.09100000000000001
2022-10-18,u,25.65416666666667,92.70833333333333,24.383333333333336,30.929166666666664,1010.2333333333332,984.7416666666667,0.0,100.0,76.83333333333333,89.5,99.58333333333333,79.04166666666667,13.333333333333334,65.70833333333333,14.5625,7.125,8.225,248.95833333333334,250.0,16.304166666666667,0.060000000000000005,0.24208333333333334,26.0625,26.15416666666667,26.3,26.2,0.10883333333333334,0.10779166666666666,0.09366666666666668,0.09100000000000001
2022-10-19,u,26.116666666666664,91.875,24.670833333333334,31.97083333333333,1010.525,985.0625,0.0,87.20833333333333,45.958333333333336,55.625,99.45833333333333,140.95833333333334,35.75,105.20833333333333,45.520833333333336,4.379166666666666,4.620833333333334,182.29166666666666,178.54166666666666,12.691666666666668,0.10041666666666667,0.2783333333333333,26.03333333333333,26.0625,26.141666666666666,26.141666666666666,0.10879166666666666,0.10920833333333334,0.09966666666666668,0.09100000000000001
2022-10-20,u,26.629166666666666,90.70833333333333,24.983333333333334,32.93333333333333,1011.025,985.5916666666667,0.0,72.70833333333333,39.625,20.541666666666668,98.91666666666667,221.95833333333334,118.20833333333333,103.75,153.4625,3.9333333333333336,4.575,239.29166666666666,199.16666666666666,14.304166666666667,0.15458333333333332,0.32666666666666666,26.633333333333336,26.191666666666666,26.175,26.145833333333332,0.10283333333333333,0.10554166666666666,0.10179166666666667,0.09100000000000001
2022-10-21,u,27.05,89.33333333333333,25.1375,33.583333333333336,1011.6708333333332,986.2708333333334,0.0,54.625,26.0,12.708333333333334,81.95833333333333,253.0,172.54166666666666,80.45833333333333,224.59583333333333,4.0249999999999995,4.591666666666667,172.33333333333334,158.95833333333334,13.25,0.17625000000000002,0.3833333333333333,26.816666666666666,26.670833333333334,26.600000000000005,26.52916666666667,0.10483333333333333,0.105,0.10120833333333334,0.09166666666666667
2022-10-22,u,27.058333333333334,88.91666666666667,25.079166666666666,33.49166666666667,1011.7125,986.3041666666667,0.0,51.666666666666664,18.916666666666668,13.708333333333334,87.79166666666667,265.5416666666667,181.16666666666666,84.375,233.20833333333334,4.570833333333334,4.879166666666666,211.33333333333334,217.75,10.441666666666666,0.17916666666666667,0.39666666666666667,27.070833333333336,26.816666666666666,26.67916666666667,26.658333333333335,0.10441666666666666,0.10625,0.10141666666666667,0.09200000000000001
2022-10-23,u,26.75,89.875,24.933333333333334,33.045833333333334,1010.7291666666666,985.3333333333334,0.0,55.25,25.166666666666668,17.583333333333332,73.75,284.9583333333333,222.125,62.833333333333336,286.34999999999997,5.6499999999999995,6.341666666666666,234.66666666666666,240.33333333333334,12.924999999999999,0.19083333333333333,0.36125,27.491666666666664,27.116666666666664,27.016666666666666,26.916666666666668,0.10458333333333332,0.10641666666666666,0.10216666666666667,0.09200000000000001
2022-10-24,u,26.583333333333332,89.33333333333333,24.641666666666666,31.916666666666668,1010.4666666666667,985.0291666666667,0.0,69.08333333333333,32.583333333333336,23.333333333333332,85.79166666666667,235.625,143.29166666666666,92.33333333333333,182.38750000000002,9.383333333333333,11.208333333333334,194.54166666666666,197.70833333333334,17.383333333333333,0.15916666666666665,0.37958333333333333,27.3125,27.333333333333332,27.24166666666667,27.150000000000002,0.10712499999999998,0.10812499999999999,0.10408333333333332,0.09200000000000001
2022-10-25,u,26.34166666666667,89.95833333333333,24.53333333333333,31.316666666666666,1010.85,985.4083333333333,0.0,77.45833333333333,36.916666666666664,33.125,86.0,200.91666666666666,94.83333333333333,106.08333333333333,121.30833333333334,10.483333333333333,12.833333333333334,197.54166666666666,202.70833333333334,19.9875,0.13541666666666666,0.35041666666666665,27.179166666666664,27.116666666666664,27.100000000000005,27.066666666666666,0.10766666666666667,0.10912499999999999,0.10666666666666667,0.09283333333333332
2022-10-26,u,26.233333333333334,88.95833333333333,24.241666666666664,31.599999999999998,1010.4125,984.9625,0.0,81.95833333333333,35.833333333333336,36.5,97.16666666666667,219.5,124.375,95.125,166.6,6.875,8.366666666666667,208.83333333333334,215.29166666666666,15.4625,0.14916666666666667,0.3825,27.099999999999998,27.099999999999998,27.100000000000005,27.066666666666666,0.10595833333333333,0.10916666666666668,0.10820833333333334,0.093375
2022-10-27,u,25.974999999999998,89.66666666666667,24.1375,30.816666666666666,1009.4333333333334,983.9916666666667,0.0,88.125,54.625,47.541666666666664,98.45833333333333,182.70833333333334,83.04166666666667,99.66666666666667,95.94166666666666,9.804166666666667,11.854166666666666,220.875,221.25,18.920833333333334,0.12541666666666668,0.34958333333333336,27.037499999999998,27.0,27.070833333333336,27.0,0.10729166666666667,0.10875,0.1085,0.094375
2022-10-28,u,26.170833333333334,79.58333333333333,22.287499999999998,29.733333333333334,1009.5041666666666,984.0749999999999,0.0,63.5,21.75,34.125,96.41666666666667,264.3333333333333,187.25,77.08333333333333,247.7541666666667,12.387500000000001,15.204166666666666,215.5,216.75,23.8,0.18458333333333332,0.6995833333333333,26.900000000000002,26.9375,26.97083333333333,26.97083333333333,0.103375,0.1065,0.10862500000000001,0.09545833333333333
2022-10-29,u,26.379166666666666,73.83333333333333,21.320833333333333,29.78333333333333,1009.3083333333334,983.9083333333333,0.0,36.875,11.708333333333334,7.0,73.70833333333333,281.875,212.5,69.375,293.07916666666665,9.933333333333334,12.166666666666666,240.66666666666666,240.04166666666666,18.325,0.20166666666666666,0.9033333333333333,26.891666666666666,26.808333333333334,26.929166666666664,26.929166666666664,0.09708333333333334,0.10045833333333333,0.10733333333333334,0.09600000000000002
2022-10-30,u,26.2375,79.66666666666667,22.445833333333336,30.5125,1009.65,984.225,0.0,43.041666666666664,15.708333333333334,18.291666666666668,59.708333333333336,299.5416666666667,245.08333333333334,54.458333333333336,328.1333333333333,8.987499999999999,10.733333333333334,241.75,238.29166666666666,19.133333333333333,0.205,0.6954166666666667,27.004166666666666,26.90416666666667,26.97083333333333,26.97083333333333,0.093125,0.096375,0.10575,0.09700000000000002
2022-10-31,u,26.354166666666668,81.08333333333333,22.816666666666666,31.21666666666667,1009.8958333333334,984.475,0.0,47.958333333333336,15.958333333333334,29.375,53.25,286.2916666666667,209.95833333333334,76.33333333333333,276.58750000000003,6.1875,7.220833333333334,271.75,266.125,13.958333333333334,0.19333333333333333,0.6558333333333334,27.016666666666666,26.875,26.929166666666664,26.929166666666664,0.08966666666666667,0.093125,0.10458333333333332,0.09700000000000002
2022-11-01,u,26.729166666666668,83.20833333333333,23.6375,31.875,1010.5375,985.1291666666666,0.0,27.458333333333332,14.708333333333334,14.333333333333334,18.708333333333332,304.625,255.41666666666666,49.208333333333336,345.0541666666666,8.133333333333333,9.641666666666667,313.4166666666667,308.7083333333333,15.083333333333334,0.20541666666666666,0.5883333333333334,27.15416666666667,26.991666666666664,27.0,27.0,0.08779166666666666,0.09033333333333333,0.10358333333333332,0.09700000000000002
2022-11-02,u,27.066666666666666,86.41666666666667,24.575,32.59583333333333,1010.8583333333332,985.4833333333332,0.0,55.75,21.833333333333332,18.25,83.54166666666667,277.0,209.29166666666666,67.70833333333333,270.8958333333333,8.720833333333333,10.583333333333334,318.8333333333333,315.125,15.633333333333333,0.18958333333333333,0.4945833333333333,27.15833333333333,27.02916666666667,26.97083333333333,26.97083333333333,0.089875,0.08879166666666666,0.104,0.09700000000000002
2022-11-03,u,27.254166666666666,86.91666666666667,24.875,33.416666666666664,1010.6958333333333,985.3416666666667,0.0,60.958333333333336,39.041666666666664,14.166666666666666,65.41666666666667,297.7083333333333,243.83333333333334,53.875,324.15833333333336,6.5125,7.8374999999999995,170.66666666666666,296.5,13.845833333333333,0.2070833333333333,0.4791666666666667,27.27916666666667,27.066666666666666,26.899999999999995,26.899999999999995,0.09270833333333334,0.08925,0.103375,0.09800000000000002
2022-11-04,u,26.920833333333334,90.16666666666667,25.170833333333334,32.9125,1012.2916666666666,986.8625000000001,0.0,61.791666666666664,28.833333333333332,14.958333333333334,89.625,270.5,194.5,76.0,246.65,8.295833333333333,10.020833333333334,313.125,324.5,15.483333333333334,0.17833333333333334,0.35083333333333333,27.166666666666668,27.09166666666667,26.899999999999995,26.870833333333334,0.10025,0.09391666666666666,0.10254166666666666,0.09800000000000002
2022-11-05,u,26.979166666666668,90.25,25.245833333333334,33.31666666666667,1012.3791666666666,986.9416666666666,0.0,56.75,26.541666666666668,18.25,72.54166666666667,292.875,227.375,65.5,304.9375,6.6375,8.0625,287.7083333333333,306.9583333333333,15.054166666666667,0.19333333333333336,0.34791666666666665,27.170833333333334,27.041666666666668,26.899999999999995,26.8,0.10283333333333333,0.10166666666666667,0.102,0.09800000000000002
2022-11-06,u,26.77916666666667,89.45833333333333,24.90416666666667,32.7875,1012.1041666666666,986.6458333333334,0.0,53.5,23.5,14.916666666666666,77.70833333333333,274.375,206.54166666666666,67.83333333333333,260.97499999999997,7.154166666666666,8.208333333333334,300.25,292.5416666666667,15.095833333333333,0.18083333333333332,0.37041666666666667,27.166666666666668,27.008333333333336,26.899999999999995,26.8,0.10420833333333333,0.10375,0.102,0.09800000000000002
2022-11-07,u,26.183333333333334,89.70833333333333,24.34583333333333,31.84583333333333,1011.8249999999999,986.35,0.0,78.04166666666667,42.166666666666664,22.833333333333332,98.5,247.66666666666666,153.16666666666666,94.5,193.9625,6.145833333333333,6.966666666666666,262.1666666666667,261.7083333333333,14.383333333333333,0.16583333333333333,0.35083333333333333,27.008333333333336,26.933333333333334,26.899999999999995,26.8,0.105,0.10595833333333333,0.102,0.09800000000000002
2022-11-08,u,26.491666666666664,89.45833333333333,24.625,32.32083333333333,1011.2624999999999,985.8291666666668,0.0,75.45833333333333,25.666666666666668,47.833333333333336,81.08333333333333,252.66666666666666,186.20833333333334,66.45833333333333,226.65833333333333,6.9375,7.7625,313.4166666666667,311.375,14.083333333333334,0.16874999999999998,0.3675,27.0625,26.941666666666666,26.929166666666664,26.829166666666666,0.106,0.107375,0.104,0.09800000000000002
2022-11-09,u,26.52916666666667,89.45833333333333,24.666666666666668,31.900000000000002,1010.9375,985.5041666666666,0.0,81.45833333333333,18.833333333333332,61.416666666666664,94.375,157.08333333333334,56.458333333333336,100.625,75.0125,7.758333333333333,8.845833333333333,318.2916666666667,320.5,14.329166666666666,0.1125,0.365,27.125,26.96666666666667,27.020833333333332,26.958333333333332,0.10733333333333334,0.10833333333333334,0.10554166666666666,0.09829166666666667
2022-11-10,u,26.879166666666666,86.66666666666667,24.429166666666664,32.63333333333333,1010.0958333333333,984.7166666666667,0.0,69.91666666666667,20.875,58.416666666666664,60.0,261.9166666666667,180.41666666666666,81.5,234.2458333333333,6.391666666666667,7.116666666666667,259.0,287.9166666666667,13.845833333333333,0.18125,0.4816666666666667,27.170833333333334,27.133333333333336,27.09166666666667,27.041666666666668,0.10575,0.10833333333333334,0.10741666666666666,0.09900000000000002
2022-11-11,u,26.695833333333336,89.95833333333333,24.891666666666666,32.729166666666664,1009.65,984.2666666666668,0.0,65.625,26.125,26.0,90.54166666666667,229.45833333333334,139.58333333333334,89.875,185.10833333333335,5.670833333333333,6.508333333333333,285.0416666666667,270.5833333333333,13.591666666666667,0.15791666666666668,0.3566666666666667,26.929166666666664,26.974999999999998,26.97083333333333,26.870833333333334,0.10529166666666667,0.10775,0.10766666666666667,0.09945833333333333
2022-11-12,u,26.849999999999998,88.58333333333333,24.78333333333333,32.916666666666664,1009.0541666666667,983.7125,0.0,61.375,24.583333333333332,16.791666666666668,97.83333333333333,254.08333333333334,163.41666666666666,90.66666666666667,214.30416666666667,5.45,6.320833333333333,273.2083333333333,269.5833333333333,12.366666666666667,0.17875,0.41041666666666665,27.054166666666664,26.916666666666668,26.899999999999995,26.8,0.103,0.10579166666666666,0.108,0.10000000000000002
2022-11-13,u,26.916666666666668,87.45833333333333,24.650000000000002,32.78333333333333,1009.4708333333333,984.1041666666666,0.0,71.625,35.833333333333336,23.083333333333332,98.91666666666667,243.625,145.20833333333334,98.41666666666667,187.8125,6.075,6.845833333333334,294.375,252.70833333333334,13.108333333333334,0.1675,0.44708333333333333,27.34166666666667,27.037499999999998,26.987499999999997,26.887500000000003,0.103,0.103875,0.10741666666666666,0.10083333333333333
2022-11-14,u,27.070833333333336,88.5,25.0,33.2625,1009.2958333333332,983.9541666666668,0.0,66.91666666666667,30.208333333333332,17.375,97.83333333333333,262.7916666666667,169.08333333333334,93.70833333333333,216.61249999999998,5.983333333333333,6.6499999999999995,284.25,267.4583333333333,12.445833333333333,0.18166666666666667,0.41291666666666665,27.445833333333336,27.295833333333334,27.2,27.100000000000005,0.10491666666666666,0.10612499999999998,0.10625,0.10100000000000002
2022-11-15,u,27.15416666666667,89.125,25.183333333333334,33.4125,1009.0791666666668,983.7375000000001,0.0,71.375,31.083333333333332,26.958333333333332,97.0,230.04166666666666,139.58333333333334,90.45833333333333,176.19166666666663,5.733333333333333,6.7124999999999995,182.04166666666666,179.91666666666666,12.333333333333334,0.16,0.39666666666666667,27.40833333333333,27.287499999999998,27.2,27.100000000000005,0.10554166666666666,0.10720833333333334,0.10629166666666667,0.10120833333333334
2022-11-16,u,26.95,89.58333333333333,25.083333333333332,33.141666666666666,1008.6291666666666,983.2916666666666,0.0,85.20833333333333,17.875,69.95833333333333,99.5,150.33333333333334,42.291666666666664,108.04166666666667,58.01666666666666,3.8333333333333335,3.983333333333333,262.0416666666667,261.9583333333333,12.766666666666666,0.11333333333333334,0.3729166666666666,27.229166666666668,27.15416666666667,27.2,27.100000000000005,0.10770833333333334,0.10945833333333332,0.10841666666666666,0.102
2022-11-17,u,27.620833333333334,84.04166666666667,24.670833333333334,33.4,1008.4125,983.1458333333334,0.0,73.79166666666667,10.833333333333334,75.625,62.083333333333336,216.875,114.75,102.125,155.57083333333333,5.625,5.970833333333334,254.41666666666666,252.16666666666666,12.775,0.15916666666666665,0.5950000000000001,27.3625,27.191666666666666,27.108333333333334,27.100000000000005,0.10441666666666666,0.10616666666666667,0.10854166666666666,0.10275
2022-11-18,u,26.854166666666668,86.29166666666667,24.34166666666667,31.90833333333333,1009.35,983.9958333333334,0.0,86.20833333333333,29.0,68.79166666666667,96.45833333333333,142.54166666666666,46.125,96.41666666666667,61.824999999999996,8.387500000000001,10.170833333333333,240.54166666666666,239.70833333333334,17.7375,0.10583333333333333,0.4916666666666667,27.162499999999998,27.150000000000002,27.100000000000005,27.100000000000005,0.10679166666666666,0.10620833333333334,0.108,0.103
2022-11-19,u,27.37391304347826,83.3913043478261,24.269565217391307,32.94347826086957,1008.3000000000001,983.0173913043479,0.0,56.43478260869565,18.869565217391305,15.695652173913043,99.8695652173913,187.3913043478261,60.69565217391305,126.69565217391305,83.99565217391304,4.752173913043478,5.826086956521739,233.30434782608697,224.17391304347825,11.247826086956522,0.14434782608695654,0.6126086956521739,27.291304347826088,27.17391304347826,27.160869565217393,27.130434782608695,0.10152173913043479,0.10452173913043478,0.10752173913043478,0.10391304347826086
2022-11-20,u,27.4875,83.79166666666667,24.445833333333336,33.50833333333333,1007.5083333333333,982.2458333333334,0.0,50.458333333333336,17.0,16.958333333333332,83.20833333333333,293.125,228.70833333333334,64.41666666666667,316.5416666666667,5.370833333333334,5.566666666666666,206.875,238.95833333333334,13.641666666666666,0.20750000000000002,0.605,27.291666666666668,27.270833333333332,27.212500000000002,27.141666666666666,0.098375,0.100625,0.10666666666666667,0.104
2022-11-21,u,27.25,86.70833333333333,24.804166666666664,33.375,1007.9250000000001,982.6291666666666,0.0,63.083333333333336,28.833333333333332,25.125,82.58333333333333,275.9166666666667,212.0,63.916666666666664,286.78749999999997,5.716666666666666,6.245833333333334,177.75,164.5,15.633333333333333,0.19416666666666668,0.49,27.40416666666667,27.25,27.158333333333335,27.058333333333334,0.097875,0.09749999999999999,0.10570833333333333,0.104
2022-11-22,u,27.358333333333334,86.16666666666667,24.820833333333336,32.90416666666667,1008.9791666666666,983.6708333333332,0.0,63.458333333333336,24.666666666666668,22.833333333333332,92.16666666666667,237.5,154.875,82.625,204.17916666666667,8.700000000000001,10.270833333333334,178.58333333333334,177.0,17.516666666666666,0.16291666666666668,0.5070833333333333,27.425,27.333333333333332,27.3,27.2,0.1025,0.09995833333333333,0.10466666666666667,0.104
2022-11-23,u,27.375,85.16666666666667,24.6375,33.11666666666667,1009.5749999999999,984.2541666666666,0.0,65.33333333333333,23.833333333333332,27.333333333333332,96.875,235.33333333333334,151.08333333333334,84.25,202.95000000000002,6.345833333333334,7.1499999999999995,177.95833333333334,173.58333333333334,14.170833333333334,0.17,0.5454166666666667,27.416666666666668,27.316666666666666,27.3,27.2,0.10604166666666666,0.10570833333333333,0.10520833333333333,0.104
2022-11-24,u,26.566666666666666,88.41666666666667,24.483333333333334,32.1875,1011.0333333333333,985.6125000000001,0.0,87.25,40.041666666666664,45.041666666666664,98.0,192.5,85.66666666666667,106.83333333333333,103.84166666666665,6.05,6.716666666666666,196.0,208.875,13.379166666666668,0.135,0.40791666666666665,27.325,27.287499999999998,27.3,27.2,0.1065,0.10770833333333334,0.10641666666666666,0.10420833333333333
2022-11-25,u,26.7,85.58333333333333,24.054166666666664,32.108333333333334,1011.1541666666667,985.7416666666667,0.0,75.20833333333333,20.083333333333332,45.625,99.08333333333333,183.83333333333334,78.625,105.20833333333333,111.39166666666667,4.791666666666667,4.829166666666667,167.875,156.5,10.112499999999999,0.1325,0.5091666666666667,27.2,27.195833333333336,27.224999999999998,27.170833333333334,0.10429166666666667,0.106875,0.10758333333333332,0.105
2022-11-26,u,26.7625,86.70833333333333,24.337500000000002,32.666666666666664,1010.8166666666666,985.4250000000001,0.0,71.45833333333333,30.75,34.5,97.41666666666667,247.04166666666666,149.5,97.54166666666667,188.32916666666665,4.554166666666666,4.8374999999999995,255.95833333333334,226.0,11.766666666666666,0.16874999999999998,0.4716666666666667,27.34583333333333,27.179166666666664,27.2,27.100000000000005,0.10412500000000001,0.10541666666666666,0.10670833333333334,0.105
2022-11-27,u,26.59583333333333,87.70833333333333,24.375,32.40833333333333,1009.5875,984.1916666666666,0.0,70.04166666666667,26.666666666666668,28.25,96.91666666666667,180.20833333333334,68.125,112.08333333333333,90.18333333333334,3.8083333333333336,4.05,237.45833333333334,236.66666666666666,10.379166666666666,0.13041666666666665,0.4345833333333333,27.266666666666666,27.162499999999998,27.2,27.100000000000005,0.10741666666666666,0.10883333333333334,0.10754166666666666,0.105
2022-11-28,u,26.708333333333332,88.29166666666667,24.629166666666666,32.55416666666667,1009.5208333333334,984.1458333333334,0.0,82.75,49.541666666666664,31.083333333333332,98.33333333333333,189.75,76.0,113.75,91.35416666666667,5.3125,5.879166666666666,208.45833333333334,206.0,13.129166666666668,0.13458333333333333,0.4070833333333333,27.270833333333332,27.15416666666667,27.2,27.100000000000005,0.10675,0.10920833333333334,0.10820833333333334,0.10595833333333333
2022-11-29,u,26.2625,90.66666666666667,24.608333333333334,31.791666666666668,1009.5291666666667,984.1125000000001,0.0,88.375,60.458333333333336,49.25,98.5,146.58333333333334,44.958333333333336,101.625,62.875,6.45,7.4875,214.33333333333334,214.66666666666666,15.0,0.10458333333333335,0.3183333333333333,27.170833333333334,27.129166666666666,27.2,27.129166666666666,0.10741666666666666,0.10791666666666666,0.10879166666666666,0.106
2022-11-30,u,26.645833333333332,86.91666666666667,24.2625,31.587500000000002,1009.2666666666668,983.8791666666666,0.0,61.375,34.5,12.583333333333334,88.83333333333333,248.0,157.95833333333334,90.04166666666667,219.03333333333333,10.216666666666667,12.179166666666667,228.08333333333334,230.0,18.295833333333334,0.17,0.46208333333333335,27.3,27.195833333333336,27.2,27.2,0.10375,0.10479166666666666,0.10866666666666668,0.106375
2022-12-01,u,26.583333333333332,83.08333333333333,23.433333333333334,31.258333333333336,1008.2458333333334,982.8874999999999,0.0,47.375,21.958333333333332,3.9583333333333335,83.875,266.7083333333333,195.95833333333334,70.75,268.39166666666665,9.137500000000001,11.0625,236.95833333333334,236.83333333333334,16.608333333333334,0.18208333333333335,0.5991666666666666,27.258333333333336,27.183333333333334,27.2,27.2,0.09879166666666667,0.10029166666666667,0.10762500000000001,0.107
2022-12-02,u,27.09166666666667,77.25,22.75,31.575,1007.7166666666667,982.4291666666667,0.0,38.708333333333336,11.5,9.25,75.33333333333333,290.0,229.41666666666666,60.583333333333336,313.4458333333333,8.420833333333333,10.4125,240.04166666666666,237.54166666666666,15.245833333333332,0.20291666666666666,0.8158333333333334,27.304166666666664,27.191666666666666,27.229166666666668,27.2,0.09466666666666668,0.09649999999999999,0.1065,0.107
2022-12-03,u,26.391666666666666,87.45833333333333,24.125,31.808333333333334,1008.2708333333334,982.9041666666667,0.0,61.333333333333336,18.958333333333332,44.458333333333336,58.458333333333336,239.58333333333334,160.79166666666666,78.79166666666667,223.14583333333334,6.454166666666667,7.5625,267.5,264.625,13.258333333333333,0.1575,0.43375,27.212500000000002,27.183333333333334,27.24166666666667,27.170833333333334,0.10066666666666667,0.098125,0.10533333333333333,0.107
2022-12-04,u,26.791666666666668,88.33333333333333,24.69583333333333,32.770833333333336,1008.9875000000001,983.6291666666666,0.0,73.16666666666667,33.583333333333336,32.25,95.20833333333333,272.0,192.75,79.25,259.27916666666664,6.170833333333333,7.245833333333334,240.08333333333334,249.70833333333334,13.016666666666666,0.18083333333333332,0.41333333333333333,27.150000000000002,27.09166666666667,27.041666666666668,27.041666666666668,0.10554166666666666,0.10541666666666666,0.10462500000000001,0.107
2022-12-05,u,26.8125,87.875,24.608333333333334,32.78333333333333,1009.3791666666666,984.0208333333334,0.0,66.08333333333333,29.833333333333332,34.541666666666664,81.41666666666667,225.08333333333334,132.20833333333334,92.875,180.44583333333333,4.558333333333334,4.8875,229.25,220.08333333333334,12.633333333333333,0.15541666666666668,0.42874999999999996,27.183333333333334,27.004166666666666,26.95,26.929166666666664,0.10616666666666667,0.10695833333333334,0.10579166666666666,0.107
2022-12-06,u,27.233333333333334,87.58333333333333,24.9875,33.40416666666667,1008.7624999999999,983.4458333333333,0.0,49.583333333333336,20.208333333333332,19.666666666666668,66.95833333333333,277.7916666666667,214.41666666666666,63.375,298.3666666666667,6.070833333333333,6.520833333333333,272.4166666666667,301.0416666666667,12.745833333333332,0.18791666666666665,0.45291666666666663,27.40833333333333,27.1375,27.079166666666666,27.058333333333334,0.10512500000000001,0.10670833333333334,0.10679166666666666,0.107
2022-12-07,u,27.429166666666664,88.08333333333333,25.245833333333334,33.61666666666667,1008.5458333333332,983.2541666666666,0.0,44.708333333333336,21.208333333333332,15.708333333333334,53.625,292.5416666666667,243.25,49.291666666666664,326.09166666666664,7.829166666666667,9.329166666666667,316.2916666666667,316.0833333333333,15.004166666666668,0.19999999999999998,0.445,27.766666666666666,27.433333333333334,27.287499999999998,27.25833333333333,0.10212500000000001,0.10395833333333333,0.10645833333333332,0.107
2022-12-08,u,27.15833333333333,87.20833333333333,24.837500000000002,32.983333333333334,1009.0583333333334,983.7291666666666,0.0,47.583333333333336,19.541666666666668,14.125,71.625,302.5416666666667,248.29166666666666,54.25,345.925,8.533333333333333,10.383333333333333,285.5,296.25,16.275000000000002,0.20375,0.4658333333333333,27.6875,27.570833333333336,27.5,27.429166666666664,0.10120833333333333,0.100875,0.10554166666666666,0.107
2022-12-09,u,27.166666666666668,82.04166666666667,23.820833333333336,32.09166666666667,1008.9583333333334,983.6291666666666,0.0,21.416666666666668,10.75,8.5,21.791666666666668,292.4166666666667,237.125,55.291666666666664,327.175,9.8125,11.829166666666666,311.75,308.2083333333333,18.341666666666665,0.20083333333333334,0.6537499999999999,27.833333333333332,27.616666666666664,27.558333333333334,27.525000000000002,0.09879166666666667,0.09933333333333334,0.10445833333333332,0.107
2022-12-10,u,27.15416666666667,85.08333333333333,24.40416666666667,32.94166666666667,1009.4958333333334,984.1583333333333,0.0,40.791666666666664,9.375,7.166666666666667,93.04166666666667,287.5416666666667,226.16666666666666,61.375,309.9458333333333,6.458333333333333,7.729166666666667,290.5,288.0833333333333,13.429166666666667,0.19625,0.545,27.849999999999998,27.691666666666666,27.670833333333334,27.600000000000005,0.09541666666666666,0.09670833333333334,0.10345833333333332,0.107
2022-12-11,u,27.241666666666664,86.75,24.84583333333333,33.31666666666667,1009.4166666666666,984.0875,0.0,44.916666666666664,15.166666666666666,14.708333333333334,74.83333333333333,278.1666666666667,208.54166666666666,69.625,289.6333333333333,6.183333333333334,7.620833333333334,302.3333333333333,292.875,14.637500000000001,0.18833333333333332,0.48208333333333336,27.504166666666666,27.554166666666664,27.45416666666667,27.45416666666667,0.09891666666666667,0.097625,0.10229166666666667,0.10645833333333332
2022-12-13,u,27.5125,86.25,25.008333333333336,33.87916666666667,1009.4708333333333,984.1583333333333,0.0,33.083333333333336,14.708333333333334,15.125,36.208333333333336,300.5416666666667,248.83333333333334,51.708333333333336,344.6041666666667,5.504166666666666,5.7875000000000005,245.66666666666666,236.0,12.258333333333333,0.20541666666666666,0.5133333333333333,27.833333333333332,27.670833333333334,27.558333333333334,27.5,0.101875,0.101875,0.10000000000000002,0.106
2022-12-14,u,27.041666666666668,89.875,25.21666666666667,33.516666666666666,1009.3874999999999,984.0500000000001,0.0,49.375,19.083333333333332,11.833333333333334,83.58333333333333,258.9166666666667,175.16666666666666,83.75,229.82083333333333,4.841666666666667,5.1125,162.45833333333334,166.75,12.716666666666667,0.17666666666666667,0.36833333333333335,27.745833333333334,27.633333333333336,27.600000000000005,27.5,0.10604166666666666,0.10566666666666667,0.09945833333333333,0.106
2022-12-15,u,27.145833333333332,86.70833333333333,24.71666666666667,33.175000000000004,1008.0291666666667,982.725,0.0,54.75,20.291666666666668,24.375,79.375,273.0833333333333,200.125,72.95833333333333,265.7666666666667,5.966666666666668,6.704166666666667,199.16666666666666,198.91666666666666,13.0875,0.18625,0.48500000000000004,27.816666666666666,27.675,27.600000000000005,27.5,0.106,0.107375,0.10041666666666667,0.106
2022-12-16,u,26.4875,89.0,24.508333333333336,32.020833333333336,1007.7875,982.4375,0.0,82.33333333333333,31.333333333333332,47.791666666666664,91.45833333333333,222.54166666666666,129.5,93.04166666666667,160.53333333333333,7.3625,8.429166666666667,210.58333333333334,211.75,16.479166666666668,0.15125,0.3875,27.620833333333334,27.59583333333333,27.600000000000005,27.5,0.107,0.10804166666666666,0.10158333333333334,0.106
2022-12-17,u,26.566666666666666,88.91666666666667,24.59583333333333,32.09166666666667,1008.0375,982.6875,0.0,80.0,22.166666666666668,62.958333333333336,82.66666666666667,186.875,94.75,92.125,129.6625,6.754166666666666,8.237499999999999,211.95833333333334,214.08333333333334,15.158333333333333,0.12958333333333333,0.3858333333333333,27.629166666666666,27.583333333333332,27.600000000000005,27.52916666666667,0.10804166666666666,0.1085,0.1035,0.106
2022-12-18,u,27.133333333333336,84.25,24.254166666666666,32.53333333333333,1007.3041666666667,982.0124999999999,0.0,29.833333333333332,16.75,17.791666666666668,13.083333333333334,251.125,178.75,72.375,251.1291666666667,7.3875,8.700000000000001,208.33333333333334,209.54166666666666,14.729166666666666,0.17500000000000002,0.5683333333333334,27.8,27.6125,27.629166666666666,27.600000000000005,0.10225000000000001,0.10612499999999998,0.105,0.106
2022-12-19,u,27.458333333333332,77.45833333333333,23.125,32.4625,1007.2833333333333,982.0333333333333,0.0,18.625,8.208333333333334,2.0,33.25,309.375,256.2916666666667,53.083333333333336,361.32916666666665,7.083333333333333,7.9375,172.125,176.58333333333334,13.2875,0.21583333333333335,0.8312499999999999,27.816666666666666,27.683333333333334,27.7,27.600000000000005,0.09658333333333334,0.10083333333333333,0.10370833333333333,0.106
2022-12-20,u,27.429166666666664,75.54166666666667,22.662499999999998,32.31666666666667,1007.3708333333334,982.1125000000001,0.0,25.5,5.666666666666667,2.25,63.541666666666664,317.8333333333333,271.8333333333333,46.0,380.71250000000003,6.483333333333333,7.483333333333333,170.375,180.25,15.433333333333332,0.22166666666666668,0.8975,27.704166666666666,27.650000000000002,27.641666666666666,27.570833333333336,0.09149999999999998,0.09649999999999999,0.10245833333333332,0.106
2022-12-21,u,27.025000000000002,87.29166666666667,24.675,32.21666666666667,1006.3583333333332,981.0833333333334,0.0,50.958333333333336,22.291666666666668,19.75,64.5,276.875,216.83333333333334,60.041666666666664,289.8875,11.541666666666666,14.079166666666666,255.5,254.625,21.025000000000002,0.18958333333333333,0.47125,27.704166666666666,27.6125,27.541666666666668,27.5,0.09483333333333333,0.09483333333333333,0.10158333333333334,0.106
2022-12-22,u,26.460869565217394,91.26086956521739,24.930434782608696,30.073913043478264,1005.8695652173913,980.5652173913044,0.0,86.43478260869566,33.130434782608695,57.43478260869565,99.78260869565217,145.34782608695653,45.04347826086956,100.30434782608695,65.47826086956522,20.943478260869565,26.078260869565216,264.2608695652174,263.39130434782606,34.80434782608695,0.10260869565217393,0.30043478260869566,27.47826086956522,27.52608695652174,27.573913043478264,27.47391304347826,0.10543478260869564,0.10082608695652173,0.10117391304347825,0.10599999999999998
2021-08-02,le,27.425,84.54166666666667,24.429166666666664,33.145833333333336,1011.5,994.2083333333334,0.0,26.708333333333332,13.541666666666666,18.791666666666668,10.625,223.20833333333334,170.25,52.958333333333336,250.70833333333334,4.370833333333334,5.416666666666667,152.41666666666666,89.375,12.245833333333332,0.16833333333333333,0.6170833333333333,23.825,23.804166666666664,23.604166666666668,23.7,0.402625,0.3794583333333333,0.3754166666666667,0.431
2021-08-03,le,27.8625,83.20833333333333,24.604166666666668,33.40833333333333,1012.025,994.7333333333332,0.0,27.583333333333332,11.666666666666666,15.333333333333334,25.75,237.875,188.375,49.5,275.05833333333334,4.291666666666667,5.8125,126.91666666666667,137.79166666666666,12.237499999999999,0.17916666666666667,0.6833333333333332,23.816666666666666,23.754166666666666,23.641666666666666,23.7,0.392125,0.38058333333333333,0.3735833333333333,0.431
2021-08-04,le,27.679166666666664,85.16666666666667,24.837500000000002,33.25416666666667,1012.6,995.2875,0.0,31.75,14.5,15.583333333333334,30.916666666666668,231.20833333333334,180.08333333333334,51.125,260.5541666666667,4.404166666666667,6.208333333333333,118.29166666666667,109.83333333333333,13.395833333333334,0.17333333333333334,0.5975,24.083333333333332,23.933333333333334,23.7,23.7,0.3902083333333333,0.3786666666666667,0.37245833333333334,0.43025
2021-08-06,le,27.379166666666666,79.5,23.3,31.6875,1012.2375000000001,994.9375,0.0,33.625,3.8333333333333335,3.625,93.20833333333333,248.79166666666666,193.75,55.041666666666664,278.51666666666665,8.429166666666667,12.975,113.79166666666667,100.95833333333333,18.320833333333333,0.19583333333333333,0.8320833333333333,23.52916666666667,23.545833333333334,23.7,23.7,0.3930416666666667,0.38529166666666664,0.37004166666666666,0.42945833333333333
2021-08-07,le,27.84166666666667,81.95833333333333,24.3,32.891666666666666,1012.1333333333333,994.8541666666666,0.0,26.333333333333332,9.416666666666666,16.833333333333332,25.708333333333332,233.58333333333334,182.54166666666666,51.041666666666664,268.73333333333335,8.245833333333334,12.333333333333334,112.5,100.33333333333333,18.041666666666668,0.18416666666666667,0.7404166666666666,23.8,23.691666666666666,23.7,23.7,0.37566666666666665,0.37875,0.3685,0.429
2021-08-08,le,27.608333333333334,86.0,24.8875,33.68333333333333,1012.0708333333333,994.8000000000001,0.0,28.166666666666668,9.833333333333334,12.75,38.541666666666664,240.41666666666666,190.625,49.791666666666664,268.94166666666666,5.870833333333334,8.525,103.5,91.54166666666667,15.625,0.18291666666666664,0.5820833333333334,24.175,23.962500000000002,23.7,23.7,0.3774583333333333,0.3729166666666666,0.36670833333333336,0.42849999999999994
2021-08-09,le,27.375,89.29166666666667,25.3875,34.233333333333334,1011.1333333333333,993.8916666666668,0.0,57.875,32.083333333333336,22.25,66.83333333333333,215.70833333333334,153.625,62.083333333333336,223.25,5.8500000000000005,8.6625,128.04166666666666,112.375,16.029166666666665,0.16583333333333333,0.42,24.087500000000002,24.02916666666667,23.733333333333334,23.7,0.3974166666666667,0.37666666666666665,0.3655,0.428
2021-08-10,le,27.520833333333332,88.20833333333333,25.287499999999998,33.0875,1011.2083333333334,993.8791666666666,0.0,69.58333333333333,38.583333333333336,59.916666666666664,53.958333333333336,134.41666666666666,60.416666666666664,74.0,87.825,3.5500000000000003,6.433333333333334,148.25,109.70833333333333,13.970833333333333,0.10333333333333333,0.46458333333333335,23.962500000000002,24.05,23.8,23.7,0.4211666666666667,0.4102083333333333,0.36966666666666664,0.42783333333333334
2021-08-11,le,27.662499999999998,78.08333333333333,23.166666666666668,32.608333333333334,1011.475,994.1999999999999,0.0,17.291666666666668,9.166666666666666,4.041666666666667,21.708333333333332,266.2083333333333,218.75,47.458333333333336,313.16249999999997,6.070833333333333,10.0625,105.16666666666667,100.75,15.904166666666667,0.20666666666666667,0.9308333333333333,23.712500000000002,23.708333333333332,23.8,23.7,0.39875,0.4068333333333333,0.37116666666666664,0.427
2021-08-12,le,27.3875,76.20833333333333,22.47083333333333,31.916666666666668,1012.6458333333334,995.3333333333334,0.0,12.541666666666666,1.9166666666666667,7.625,20.666666666666668,267.375,218.54166666666666,48.833333333333336,311.93333333333334,6.258333333333333,9.870833333333334,129.0,106.875,14.429166666666667,0.20791666666666667,0.9908333333333333,23.40833333333333,23.545833333333334,23.7625,23.7,0.3832083333333334,0.3950833333333334,0.37004166666666666,0.427
2021-08-13,le,26.866666666666664,86.25,24.22083333333333,32.4625,1011.6750000000001,994.35,0.0,59.125,13.125,41.0,82.91666666666667,218.45833333333334,159.58333333333334,58.875,217.35833333333335,4.795833333333333,6.45,172.54166666666666,154.08333333333334,14.729166666666666,0.16208333333333333,0.53875,23.579166666666666,23.6125,23.71666666666667,23.7,0.3980416666666667,0.39362500000000006,0.3685833333333333,0.4260833333333333
2021-08-14,le,27.8625,83.16666666666667,24.579166666666666,33.454166666666666,1009.9416666666666,992.7166666666667,0.0,21.25,5.625,7.5,38.708333333333336,258.7083333333333,211.45833333333334,47.25,301.02500000000003,5.941666666666666,9.612499999999999,103.08333333333333,98.75,16.308333333333334,0.19999999999999998,0.6941666666666667,24.045833333333334,23.825,23.712500000000002,23.7,0.41429166666666667,0.40820833333333334,0.369,0.426
2021-08-15,le,28.40833333333333,75.54166666666667,23.366666666666664,32.791666666666664,1011.0291666666667,993.8249999999999,0.0,18.583333333333332,3.375,5.75,40.166666666666664,267.5833333333333,215.33333333333334,52.25,304.27500000000003,8.420833333333333,13.941666666666668,105.41666666666667,93.625,19.0625,0.22166666666666668,1.0425,24.070833333333336,23.983333333333334,23.754166666666666,23.7,0.39720833333333333,0.40025,0.3685,0.4255
2021-08-16,le,27.833333333333332,80.25,23.958333333333332,32.9375,1012.2624999999999,994.9833333333332,0.0,35.916666666666664,7.333333333333333,7.666666666666667,81.95833333333333,225.29166666666666,136.625,88.66666666666667,188.11249999999998,5.4375,8.491666666666667,158.04166666666666,81.125,13.970833333333333,0.17833333333333334,0.7970833333333333,23.854166666666668,23.837500000000002,23.787499999999998,23.7,0.3837083333333333,0.39037499999999997,0.3674583333333333,0.425
2021-08-17,le,27.941666666666666,80.95833333333333,24.150000000000002,33.55833333333333,1011.7958333333332,994.525,0.0,21.5,14.166666666666666,14.291666666666666,0.2916666666666667,252.0,203.16666666666666,48.833333333333336,288.58750000000003,4.9125000000000005,6.558333333333334,152.91666666666666,157.08333333333334,12.758333333333333,0.19375,0.7929166666666667,24.308333333333334,24.066666666666666,23.8,23.7,0.37762500000000004,0.382625,0.3660833333333333,0.4247916666666667
2021-08-18,le,27.266666666666666,82.41666666666667,23.816666666666666,33.050000000000004,1010.7291666666666,993.4583333333334,0.0,45.375,18.333333333333332,21.458333333333332,56.041666666666664,242.41666666666666,193.16666666666666,49.25,272.84583333333336,3.8208333333333333,5.45,197.79166666666666,202.41666666666666,10.950000000000001,0.18083333333333332,0.7050000000000001,23.9875,24.037499999999998,23.80416666666667,23.7,0.374125,0.3757083333333333,0.3645,0.424
2021-08-19,le,26.775000000000002,88.66666666666667,24.683333333333334,32.045833333333334,1010.4875000000001,993.1750000000001,0.0,50.875,16.916666666666668,26.375,66.08333333333333,200.125,125.25,74.875,173.0666666666667,4.066666666666666,5.841666666666666,215.58333333333334,207.5,12.370833333333332,0.14958333333333332,0.42208333333333337,23.570833333333336,23.8125,23.808333333333334,23.7,0.41229166666666667,0.38675,0.3637916666666667,0.424
2021-08-20,le,26.941666666666666,84.125,23.879166666666666,32.44583333333333,1011.0416666666666,993.7458333333334,0.0,47.958333333333336,5.041666666666667,31.625,81.29166666666667,215.0,139.45833333333334,75.54166666666667,187.28333333333333,4.391666666666667,5.9125000000000005,161.29166666666666,162.45833333333334,12.304166666666667,0.16541666666666668,0.6166666666666667,23.729166666666668,23.71666666666667,23.8,23.7,0.4292916666666666,0.4206666666666667,0.366875,0.4235
2021-08-21,le,26.616666666666664,86.58333333333333,24.099999999999998,32.50833333333333,1011.8125,994.5,0.0,57.791666666666664,6.583333333333333,37.666666666666664,97.45833333333333,211.04166666666666,135.79166666666666,75.25,182.94166666666663,4.2124999999999995,5.875,170.625,183.66666666666666,11.366666666666667,0.16,0.50375,23.3875,23.570833333333336,23.8,23.7,0.42775,0.42404166666666665,0.372625,0.423
2021-08-23,le,27.7625,83.375,24.441666666666666,33.762499999999996,1010.9041666666667,993.65,0.0,37.916666666666664,7.916666666666667,10.625,81.25,258.875,204.91666666666666,53.958333333333336,283.29583333333335,5.2749999999999995,8.145833333333334,152.54166666666666,80.95833333333333,14.529166666666667,0.20125,0.7020833333333334,24.166666666666668,23.875,23.729166666666668,23.7,0.40679166666666666,0.40975,0.3749166666666666,0.42254166666666665
2021-08-24,le,27.479166666666668,83.70833333333333,24.28333333333333,33.541666666666664,1011.0708333333333,993.8208333333333,0.0,36.333333333333336,11.208333333333334,12.416666666666666,62.75,245.0,185.75,59.25,259.9208333333333,4.4875,6.2,188.79166666666666,197.20833333333334,12.545833333333334,0.18833333333333332,0.6608333333333333,23.941666666666666,23.962500000000002,23.791666666666668,23.7,0.40445833333333336,0.40158333333333335,0.3745,0.422
2021-08-25,le,27.770833333333332,75.5,22.679166666666664,32.87916666666667,1010.5333333333333,993.2833333333333,0.0,9.625,5.0,3.7083333333333335,9.333333333333334,267.4583333333333,216.33333333333334,51.125,297.75,5.333333333333333,8.0875,185.125,184.16666666666666,13.654166666666667,0.20833333333333334,1.0266666666666666,23.820833333333336,23.820833333333336,23.8,23.7,0.39620833333333333,0.39654166666666674,0.3735833333333333,0.422
2021-08-26,le,27.504166666666666,76.91666666666667,22.691666666666666,32.5375,1009.6916666666666,992.4541666666668,0.0,17.375,1.3333333333333333,1.625,50.625,281.375,231.5,49.875,319.03749999999997,6.254166666666666,9.1,153.16666666666666,132.25,15.358333333333334,0.2225,0.9783333333333334,23.72083333333333,23.729166666666668,23.787499999999998,23.7,0.3779166666666667,0.3872083333333334,0.3721666666666667,0.4215
2021-08-27,le,27.616666666666664,77.125,22.900000000000002,32.8375,1010.1083333333332,992.8666666666667,0.0,15.291666666666666,0.8333333333333334,14.333333333333334,19.666666666666668,270.1666666666667,216.54166666666666,53.625,293.34999999999997,5.329166666666667,7.8125,142.25,150.75,13.987499999999999,0.21166666666666667,0.9591666666666666,23.8,23.75,23.770833333333332,23.7,0.36345833333333327,0.3774166666666667,0.3702916666666667,0.421
2021-08-28,le,27.72083333333333,78.04166666666667,23.22083333333333,32.69583333333333,1008.9041666666667,991.6999999999999,0.0,28.833333333333332,1.8333333333333333,12.708333333333334,65.08333333333333,247.0,187.54166666666666,59.458333333333336,267.1791666666667,6.416666666666667,10.504166666666666,106.83333333333333,110.29166666666667,15.770833333333334,0.2004166666666667,0.9216666666666667,23.8625,23.837500000000002,23.791666666666668,23.7,0.3520833333333333,0.36837499999999995,0.36841666666666667,0.421
2021-08-29,le,27.150000000000002,84.79166666666667,24.241666666666664,32.675000000000004,1009.5208333333334,992.2583333333333,0.0,39.541666666666664,11.0,29.708333333333332,39.333333333333336,173.83333333333334,86.75,87.08333333333333,134.60416666666666,3.6208333333333336,4.808333333333334,158.375,132.58333333333334,13.008333333333333,0.13375,0.5945833333333334,23.46666666666667,23.712500000000002,23.8,23.7,0.36125,0.36237499999999995,0.3665833333333333,0.42025
2021-08-30,le,27.77916666666667,81.58333333333333,24.083333333333332,33.9,1009.9625,992.7458333333334,0.0,45.958333333333336,9.75,27.708333333333332,68.5,245.29166666666666,182.75,62.541666666666664,244.07083333333333,5.045833333333333,6.925,114.83333333333333,88.54166666666667,13.225,0.19416666666666668,0.7833333333333333,24.22083333333333,23.825,23.766666666666666,23.7,0.37175,0.36154166666666665,0.36533333333333334,0.42
2021-08-31,le,27.991666666666664,83.375,24.754166666666666,33.704166666666666,1010.4708333333333,993.2416666666667,0.0,34.041666666666664,8.041666666666666,21.125,46.875,224.29166666666666,159.20833333333334,65.08333333333333,218.89583333333334,5.866666666666667,8.595833333333333,137.375,83.75,15.620833333333332,0.18166666666666667,0.6779166666666666,24.258333333333336,24.183333333333334,23.8,23.7,0.38775,0.36470833333333336,0.3637083333333333,0.42
2021-09-01,le,28.708333333333332,75.83333333333333,23.587500000000002,33.12083333333333,1010.8000000000001,993.5791666666668,0.0,25.125,1.0833333333333333,4.0,72.33333333333333,279.5833333333333,224.04166666666666,55.541666666666664,304.1875,7.145833333333333,10.483333333333333,142.0,130.29166666666666,17.662499999999998,0.22916666666666666,1.07375,24.650000000000002,24.295833333333334,23.829166666666666,23.7,0.3885,0.3742083333333333,0.36308333333333337,0.41920833333333335
2021-09-02,le,28.170833333333334,78.0,23.791666666666668,33.47083333333333,1011.1666666666666,993.9250000000001,0.0,36.166666666666664,5.916666666666667,19.291666666666668,63.625,259.5,201.375,58.125,271.03749999999997,4.641666666666667,6.458333333333333,189.83333333333334,136.875,13.6875,0.20458333333333334,0.90125,24.5125,24.3875,23.904166666666665,23.7,0.36879166666666663,0.36725,0.3615,0.419
2021-09-03,le,28.208333333333332,76.54166666666667,23.3625,33.42916666666667,1010.2916666666666,993.0833333333334,0.0,30.125,3.2083333333333335,5.5,79.70833333333333,253.08333333333334,181.625,71.45833333333333,255.4625,5.05,7.6000000000000005,152.33333333333334,152.58333333333334,14.179166666666667,0.205,0.995,24.34166666666667,24.28333333333333,23.958333333333332,23.7,0.3584583333333333,0.3609583333333333,0.36000000000000004,0.4186666666666667
2021-09-04,le,28.233333333333334,75.625,23.195833333333336,33.329166666666666,1010.6958333333333,993.4708333333333,0.0,25.791666666666668,2.625,8.791666666666666,60.0,278.875,226.5,52.375,307.1333333333333,5.575,8.979166666666666,125.29166666666667,118.45833333333333,14.545833333333334,0.22124999999999997,1.0295833333333333,24.462500000000002,24.325,24.0,23.7,0.3463333333333333,0.35379166666666667,0.3580833333333333,0.418
2021-09-05,le,27.95,79.45833333333333,23.891666666666666,33.920833333333334,1010.6625,993.4583333333334,0.0,56.833333333333336,7.625,48.5,69.54166666666667,248.66666666666666,174.70833333333334,73.95833333333333,233.35,5.633333333333333,8.4125,145.29166666666666,115.625,15.529166666666667,0.20125,0.8375,24.045833333333334,24.141666666666666,24.0,23.7,0.34025,0.3475,0.3564583333333333,0.418
2021-09-06,le,27.7625,86.16666666666667,25.129166666666666,34.541666666666664,1011.3458333333333,994.1291666666666,0.0,52.291666666666664,11.708333333333334,35.875,67.16666666666667,252.75,188.29166666666666,64.45833333333333,250.525,5.575,8.137500000000001,124.95833333333333,102.54166666666667,19.045833333333334,0.19791666666666666,0.5595833333333333,24.65416666666667,24.40833333333333,24.016666666666666,23.704166666666666,0.38325000000000004,0.35470833333333335,0.3564583333333333,0.4174166666666666
2021-09-07,le,27.054166666666664,89.20833333333333,25.070833333333336,33.5375,1011.5916666666667,994.3208333333333,0.0,39.0,18.25,30.583333333333332,13.666666666666666,224.04166666666666,156.0,68.04166666666667,213.975,5.154166666666667,7.733333333333333,154.875,153.20833333333334,17.116666666666667,0.17333333333333334,0.4154166666666667,23.962500000000002,24.179166666666664,24.070833333333336,23.795833333333334,0.41100000000000003,0.3921666666666666,0.3622916666666667,0.417
2021-09-08,le,27.09583333333333,84.0,23.954166666666666,33.30833333333333,1011.2333333333332,993.9625,0.0,40.416666666666664,9.875,21.666666666666668,61.958333333333336,248.16666666666666,189.66666666666666,58.5,265.37916666666666,3.625,4.841666666666667,233.16666666666666,236.54166666666666,12.908333333333333,0.19041666666666668,0.64625,24.008333333333336,24.016666666666666,24.020833333333332,23.8,0.4130416666666667,0.41854166666666665,0.37195833333333334,0.417
2021-09-09,le,27.383333333333336,77.66666666666667,22.829166666666666,32.67916666666667,1011.2458333333334,994.0,0.0,30.166666666666668,3.1666666666666665,14.083333333333334,62.916666666666664,267.5416666666667,202.875,64.66666666666667,276.20416666666665,5.045833333333333,7.645833333333333,182.41666666666666,153.75,14.941666666666668,0.21541666666666667,0.9204166666666667,23.837500000000002,23.866666666666664,24.0,23.8,0.40525000000000005,0.40724999999999995,0.373,0.417
2021-09-10,le,27.912499999999998,75.08333333333333,22.766666666666666,32.80416666666667,1011.5916666666667,994.3458333333333,0.0,31.791666666666668,4.166666666666667,13.916666666666666,65.58333333333333,266.0,206.16666666666666,59.833333333333336,280.84583333333336,5.6000000000000005,8.479166666666666,164.58333333333334,172.33333333333334,14.033333333333333,0.21791666666666668,1.0491666666666666,23.983333333333334,23.9375,24.0,23.8,0.39025,0.3962916666666667,0.3725,0.4166666666666667
2021-09-11,le,27.633333333333336,84.04166666666667,24.52916666666667,34.46666666666667,1010.375,993.1833333333334,0.0,52.791666666666664,17.375,13.708333333333334,96.91666666666667,234.04166666666666,143.375,90.66666666666667,194.84583333333333,4.8374999999999995,6.583333333333333,101.83333333333333,99.33333333333333,14.333333333333334,0.18999999999999997,0.6483333333333333,24.141666666666666,24.079166666666666,24.0,23.8,0.3959166666666667,0.3881666666666667,0.3714583333333333,0.416
2021-09-12,le,27.208333333333332,91.08333333333333,25.599999999999998,34.2125,1009.4416666666666,992.2375000000001,0.0,79.625,21.75,64.25,83.75,151.29166666666666,67.91666666666667,83.375,86.72916666666667,4.216666666666667,6.9375,89.0,76.20833333333333,18.691666666666666,0.12833333333333333,0.33708333333333335,23.633333333333336,23.925,24.0,23.8,0.425875,0.402375,0.37120833333333336,0.416
2021-09-13,le,27.370833333333334,90.16666666666667,25.541666666666668,34.05833333333333,1010.2916666666666,993.0708333333333,0.0,69.70833333333333,22.416666666666668,52.875,69.5,188.20833333333334,102.33333333333333,85.875,133.37083333333334,6.895833333333333,11.433333333333332,92.75,86.375,18.754166666666666,0.1575,0.3870833333333333,24.016666666666666,23.900000000000002,23.962500000000002,23.8,0.435625,0.4315,0.37600000000000006,0.416
2021-09-14,le,26.133333333333336,95.25,25.295833333333334,31.291666666666668,1012.3874999999999,994.9791666666666,0.0,83.83333333333333,30.25,72.125,98.41666666666667,78.75,7.208333333333333,71.54166666666667,8.583333333333334,4.070833333333334,6.583333333333333,199.08333333333334,196.16666666666666,14.158333333333333,0.0625,0.16458333333333333,22.84166666666667,23.508333333333336,23.929166666666664,23.8,0.43966666666666665,0.43683333333333335,0.383875,0.416
2021-09-15,le,27.1125,88.54166666666667,24.925,33.729166666666664,1012.0,994.7125,0.0,56.75,21.5,31.75,79.04166666666667,251.58333333333334,178.75,72.83333333333333,232.15,4.854166666666667,7.816666666666666,110.125,91.70833333333333,13.725,0.19041666666666668,0.45999999999999996,23.875,23.508333333333336,23.825,23.8,0.43683333333333335,0.4418333333333333,0.3920416666666667,0.41629166666666667
2021-09-16,le,28.058333333333334,84.0,24.933333333333334,34.25,1011.0583333333334,993.8208333333333,0.0,20.875,9.333333333333334,9.541666666666666,22.25,261.0833333333333,202.25,58.833333333333336,285.65000000000003,5.8374999999999995,8.825000000000001,96.08333333333333,88.41666666666667,14.516666666666666,0.20125,0.66,24.104166666666668,23.929166666666664,23.808333333333334,23.8,0.4214166666666666,0.42816666666666664,0.398625,0.41762499999999997
2021-09-17,le,28.40416666666667,80.66666666666667,24.46666666666667,34.34166666666667,1009.9708333333333,992.775,0.0,13.208333333333334,8.958333333333334,5.083333333333333,6.75,281.6666666666667,226.0,55.666666666666664,309.15000000000003,6.283333333333334,10.316666666666666,90.70833333333333,83.125,16.820833333333333,0.2283333333333333,0.8545833333333334,24.474999999999998,24.1375,23.84583333333333,23.8,0.40608333333333335,0.4123333333333333,0.39799999999999996,0.418
2021-09-18,le,28.816666666666666,78.70833333333333,24.47083333333333,34.84583333333333,1010.3916666666668,993.225,0.0,22.125,9.166666666666666,13.208333333333334,19.625,279.25,228.91666666666666,50.333333333333336,310.78749999999997,5.404166666666666,8.595833333333333,154.41666666666666,105.25,15.795833333333334,0.22875,0.9391666666666666,24.90833333333333,24.541666666666668,23.920833333333334,23.8,0.39962500000000006,0.4015,0.39608333333333334,0.418
2021-09-19,le,27.829166666666666,83.91666666666667,24.729166666666668,33.895833333333336,1011.4083333333333,994.1583333333333,0.0,48.666666666666664,19.166666666666668,34.541666666666664,35.625,236.79166666666666,171.33333333333334,65.45833333333333,238.95416666666665,4.1375,5.954166666666667,175.66666666666666,183.08333333333334,14.654166666666667,0.18375,0.65125,24.4875,24.508333333333336,24.0,23.8,0.41091666666666665,0.4034583333333333,0.3944166666666667,0.418
2021-09-20,le,27.90833333333333,79.625,23.8625,33.791666666666664,1010.9208333333332,993.7208333333333,0.0,35.0,8.333333333333334,18.833333333333332,53.833333333333336,273.25,212.25,61.0,293.2583333333333,5.483333333333333,8.554166666666667,150.125,112.29166666666667,14.133333333333333,0.22083333333333333,0.8354166666666667,24.3625,24.295833333333334,24.020833333333332,23.8,0.421375,0.41991666666666666,0.3942083333333333,0.418
2021-09-21,le,27.191666666666666,86.54166666666667,24.604166666666668,33.637499999999996,1010.6750000000001,993.4208333333332,0.0,44.625,10.541666666666666,28.416666666666668,60.458333333333336,250.45833333333334,189.625,60.833333333333336,246.23749999999998,4.508333333333334,6.545833333333333,134.5,142.20833333333334,16.0125,0.19458333333333333,0.5483333333333333,24.3,24.275000000000002,24.066666666666666,23.8,0.42091666666666666,0.42291666666666666,0.39633333333333337,0.4182916666666667
2021-09-22,le,28.0,81.54166666666667,24.333333333333332,33.8375,1010.3166666666666,993.1541666666667,0.0,35.875,5.666666666666667,20.208333333333332,62.0,252.45833333333334,182.66666666666666,69.79166666666667,238.92083333333332,7.758333333333333,11.875,113.0,115.5,16.8875,0.22666666666666668,0.7691666666666667,24.400000000000002,24.287499999999998,24.100000000000005,23.8,0.40491666666666665,0.41966666666666663,0.4036666666666667,0.42
2021-09-23,le,28.695833333333336,77.75,24.1875,34.24166666666667,1010.6708333333332,993.5500000000001,0.0,40.0,1.875,21.583333333333332,84.25,283.7916666666667,231.25,52.541666666666664,310.28749999999997,10.141666666666667,15.887500000000001,90.95833333333333,86.20833333333333,24.27916666666667,0.2625,0.9591666666666666,24.808333333333334,24.516666666666666,24.100000000000005,23.8,0.39666666666666667,0.40629166666666666,0.4025,0.42
2021-09-24,le,28.445833333333336,81.25,24.754166666666666,34.579166666666666,1010.3458333333333,993.2041666666668,0.0,30.625,10.375,9.541666666666666,51.708333333333336,277.9583333333333,208.79166666666666,69.16666666666667,279.22083333333336,7.8374999999999995,11.987499999999999,91.5,87.08333333333333,19.7625,0.23583333333333334,0.79875,24.958333333333332,24.6875,24.141666666666666,23.8,0.402375,0.39879166666666666,0.400375,0.42
2021-09-25,le,28.391666666666666,83.66666666666667,25.25,35.4625,1009.1625,992.0666666666666,0.0,35.833333333333336,18.416666666666668,13.333333333333334,37.583333333333336,260.2916666666667,204.0,56.291666666666664,270.37083333333334,6.5,10.25,70.29166666666667,67.75,18.229166666666668,0.22541666666666668,0.6699999999999999,24.866666666666664,24.729166666666668,24.212500000000002,23.8,0.40858333333333335,0.39679166666666665,0.398375,0.42
2021-09-26,le,27.870833333333334,87.33333333333333,25.462500000000002,34.862500000000004,1009.0208333333334,991.8833333333333,0.0,53.375,22.916666666666668,23.666666666666668,65.75,236.70833333333334,168.33333333333334,68.375,227.76666666666665,5.479166666666667,8.5625,106.875,101.66666666666667,16.025000000000002,0.19541666666666668,0.5116666666666666,24.599999999999998,24.65416666666667,24.3,23.8,0.4279583333333333,0.4115,0.39729166666666665,0.42
2021-09-27,le,27.775000000000002,87.625,25.4375,34.93333333333333,1009.0875,991.9125,0.0,56.958333333333336,29.666666666666668,31.791666666666668,37.25,245.58333333333334,177.83333333333334,67.75,235.48749999999998,3.795833333333333,5.491666666666667,125.375,89.16666666666667,13.674999999999999,0.18833333333333335,0.5016666666666666,24.849999999999998,24.620833333333334,24.3,23.8,0.43545833333333334,0.443625,0.4069583333333333,0.4194583333333333
2021-09-28,le,28.208333333333332,85.04166666666667,25.349999999999998,35.112500000000004,1009.1583333333333,992.0,0.0,56.25,24.791666666666668,29.583333333333332,53.583333333333336,254.58333333333334,192.875,61.708333333333336,261.84583333333336,4.3500000000000005,6.541666666666667,177.5,130.0,13.320833333333333,0.20041666666666666,0.6166666666666667,25.05,24.791666666666668,24.320833333333336,23.891666666666666,0.4335833333333334,0.43775000000000003,0.41087499999999993,0.42
2021-09-29,le,28.27916666666667,85.83333333333333,25.554166666666664,34.99166666666667,1009.5416666666666,992.375,0.0,47.041666666666664,15.916666666666666,13.833333333333334,81.04166666666667,262.3333333333333,202.75,59.583333333333336,275.28749999999997,4.225,5.870833333333334,190.5,211.04166666666666,13.591666666666667,0.20833333333333334,0.5916666666666667,24.995833333333334,24.84166666666667,24.395833333333332,23.899999999999995,0.4257916666666666,0.42754166666666665,0.41133333333333333,0.42
2021-09-30,le,28.3125,85.125,25.420833333333334,34.87083333333333,1010.4291666666667,993.2291666666666,0.0,46.666666666666664,25.458333333333332,21.291666666666668,36.75,264.875,203.79166666666666,61.083333333333336,275.3666666666667,4.604166666666667,6.3999999999999995,182.79166666666666,183.79166666666666,13.854166666666666,0.20958333333333334,0.6275000000000001,24.974999999999998,24.816666666666666,24.399999999999995,23.899999999999995,0.4183333333333333,0.4197916666666666,0.4101666666666666,0.42
2021-10-01,le,28.02916666666667,86.25,25.379166666666666,34.77916666666667,1010.9875000000001,993.7791666666667,0.0,53.458333333333336,17.458333333333332,21.166666666666668,88.70833333333333,232.875,160.375,72.5,204.9625,4.3,6.25,186.20833333333334,174.29166666666666,13.8375,0.18458333333333332,0.5733333333333334,25.02916666666667,24.945833333333336,24.4375,23.899999999999995,0.41966666666666663,0.41479166666666667,0.40854166666666664,0.41995833333333327
2021-10-02,le,28.333333333333332,81.08333333333333,24.541666666666668,34.225,1010.2958333333332,993.0916666666667,0.0,41.291666666666664,14.208333333333334,17.791666666666668,59.541666666666664,256.9583333333333,182.70833333333334,74.25,239.57083333333333,6.2375,8.179166666666667,135.29166666666666,135.08333333333334,15.516666666666666,0.20333333333333334,0.80125,24.958333333333332,24.808333333333334,24.5,23.899999999999995,0.40900000000000003,0.410625,0.40700000000000003,0.4194583333333333
2021-10-03,le,28.25,81.25,24.55,34.00833333333333,1009.8916666666668,992.6833333333334,0.0,41.875,15.541666666666666,23.625,45.666666666666664,257.2083333333333,197.54166666666666,59.666666666666664,269.60833333333335,4.358333333333333,5.670833333333333,192.45833333333334,196.83333333333334,13.325000000000001,0.20291666666666666,0.7741666666666666,24.895833333333332,24.816666666666666,24.5,23.899999999999995,0.40091666666666664,0.4028333333333334,0.40475,0.419
2021-10-04,le,28.120833333333334,82.83333333333333,24.84166666666667,34.358333333333334,1009.1666666666666,991.9833333333332,0.0,41.208333333333336,8.458333333333334,29.666666666666668,52.75,257.0,193.66666666666666,63.333333333333336,259.53333333333336,3.7083333333333335,5.691666666666666,168.70833333333334,162.95833333333334,12.820833333333333,0.19958333333333333,0.6854166666666667,24.96666666666667,24.866666666666664,24.5,23.899999999999995,0.4202083333333333,0.4043333333333334,0.4025,0.419
2021-10-05,le,28.754166666666666,76.54166666666667,23.84166666666667,34.30833333333333,1008.3916666666668,991.2458333333334,0.0,43.75,17.958333333333332,24.375,43.458333333333336,279.2916666666667,221.83333333333334,57.458333333333336,294.96250000000003,4.8374999999999995,7.137499999999999,265.7916666666667,277.1666666666667,15.216666666666667,0.22708333333333333,1.0420833333333335,25.2,24.925,24.516666666666666,23.899999999999995,0.41120833333333334,0.41020833333333334,0.401,0.419
2021-10-06,le,28.287499999999998,80.95833333333333,24.525000000000002,34.12083333333333,1008.4958333333334,991.3291666666668,0.0,66.29166666666667,26.333333333333332,27.708333333333332,86.54166666666667,254.0,169.16666666666666,84.83333333333333,231.3083333333333,4.808333333333334,7.25,220.625,229.0,13.741666666666667,0.20375,0.7854166666666668,25.104166666666668,25.05,24.600000000000005,23.912499999999998,0.40620833333333334,0.4036666666666667,0.3987083333333334,0.419
2021-10-07,le,28.400000000000002,79.91666666666667,24.441666666666666,34.12916666666667,1009.1333333333333,991.9708333333333,0.0,51.583333333333336,19.166666666666668,33.125,48.291666666666664,240.45833333333334,159.91666666666666,80.54166666666667,215.6291666666667,4.5874999999999995,7.316666666666666,210.29166666666666,236.25,13.6875,0.19541666666666668,0.8266666666666667,24.983333333333334,24.933333333333334,24.600000000000005,24.0,0.4019166666666667,0.39962500000000006,0.39687500000000003,0.419
2021-10-08,le,27.962500000000002,83.45833333333333,24.84583333333333,34.1875,1010.1374999999999,992.9291666666667,0.0,53.0,24.458333333333332,39.083333333333336,24.5,242.58333333333334,181.125,61.458333333333336,250.4625,3.141666666666667,4.604166666666667,178.54166666666666,179.83333333333334,12.125,0.18708333333333335,0.6416666666666667,24.804166666666664,24.849999999999998,24.600000000000005,24.0,0.3972083333333334,0.3950833333333334,0.39495833333333336,0.41874999999999996
2021-10-09,le,28.954166666666666,78.41666666666667,24.6125,35.266666666666666,1009.4416666666666,992.3125,0.0,21.958333333333332,9.583333333333334,11.75,20.541666666666668,277.7083333333333,225.08333333333334,52.625,311.87916666666666,5.329166666666667,7.704166666666667,133.54166666666666,108.95833333333333,15.416666666666666,0.22999999999999998,0.9387500000000001,25.116666666666664,24.858333333333334,24.600000000000005,24.0,0.3877916666666667,0.38995833333333335,0.39291666666666664,0.418
2021-10-10,le,28.691666666666666,78.5,24.329166666666666,35.19166666666667,1009.2708333333334,992.1291666666666,0.0,24.916666666666668,3.25,14.333333333333334,44.583333333333336,271.3333333333333,215.58333333333334,55.75,290.47083333333336,5.770833333333333,7.7749999999999995,181.08333333333334,198.29166666666666,14.8125,0.22583333333333333,0.9404166666666667,24.995833333333334,24.912499999999998,24.600000000000005,24.0,0.3757916666666667,0.3825,0.390125,0.418
2021-10-11,le,28.917391304347827,77.82608695652173,24.40869565217391,35.004347826086956,1009.1565217391304,992.0043478260869,0.0,51.91304347826087,12.478260869565217,26.391304347826086,86.17391304347827,299.69565217391306,231.8695652173913,67.82608695652173,313.7608695652174,4.160869565217391,5.430434782608696,160.69565217391303,155.6086956521739,13.93913043478261,0.2360869565217391,0.967391304347826,25.334782608695654,24.98695652173913,24.608695652173914,24.0,0.3692173913043478,0.3753478260869565,0.38760869565217393,0.418
2021-10-12,le,29.145833333333332,77.54166666666667,24.495833333333334,35.266666666666666,1007.7541666666666,990.6875,0.0,31.333333333333332,4.208333333333333,14.125,63.625,291.7916666666667,238.70833333333334,53.083333333333336,315.7625,6.25,9.516666666666667,178.79166666666666,161.79166666666666,17.841666666666665,0.24958333333333335,1.0216666666666667,25.724999999999998,25.304166666666664,24.666666666666668,24.0,0.3624583333333333,0.3685416666666667,0.38483333333333336,0.41758333333333336
2021-10-13,le,28.97083333333333,77.75,24.495833333333334,35.266666666666666,1008.2833333333333,991.1999999999999,0.0,48.916666666666664,8.083333333333334,21.833333333333332,95.16666666666667,253.58333333333334,174.70833333333334,78.875,233.89999999999998,5.166666666666667,7.616666666666666,162.04166666666666,152.25,14.633333333333333,0.215,0.9458333333333333,25.258333333333336,25.291666666666668,24.712500000000002,24.0,0.35720833333333335,0.362625,0.38208333333333333,0.417
2021-10-14,le,29.145833333333332,77.25,24.454166666666666,35.525,1008.4958333333334,991.3916666666668,0.0,36.75,3.6666666666666665,14.791666666666666,81.79166666666667,291.5,231.58333333333334,59.916666666666664,310.5708333333333,5.179166666666666,6.804166666666667,172.20833333333334,174.95833333333334,15.008333333333333,0.23625,1.0108333333333335,25.620833333333334,25.304166666666664,24.7625,24.025000000000002,0.34758333333333336,0.35683333333333334,0.3795,0.417
2021-10-15,le,28.383333333333336,84.70833333333333,25.34166666666667,35.141666666666666,1008.125,990.9916666666667,0.0,40.833333333333336,16.416666666666668,20.125,50.25,270.125,208.33333333333334,61.791666666666664,271.075,4.816666666666666,6.358333333333333,163.5,169.875,15.341666666666667,0.21791666666666668,0.6587500000000001,25.391666666666666,25.3625,24.8,24.100000000000005,0.369875,0.35804166666666665,0.3769166666666666,0.4169583333333333
2021-10-16,le,28.349999999999998,85.45833333333333,25.537499999999998,35.512499999999996,1008.4375,991.3041666666667,0.0,35.541666666666664,15.875,21.291666666666668,28.125,261.625,198.70833333333334,62.916666666666664,274.95,4.541666666666667,6.608333333333333,154.91666666666666,160.79166666666666,13.045833333333334,0.20625000000000002,0.6091666666666667,25.3,25.212500000000002,24.8,24.100000000000005,0.40995833333333337,0.3827083333333334,0.3754166666666667,0.416
2021-10-17,le,28.27916666666667,87.08333333333333,25.804166666666664,35.449999999999996,1009.35,992.1833333333334,0.0,51.166666666666664,16.25,27.291666666666668,67.70833333333333,256.125,189.33333333333334,66.79166666666667,251.02916666666667,4.445833333333334,7.1125,121.54166666666667,118.70833333333333,15.825000000000001,0.19999999999999998,0.5420833333333334,25.308333333333334,25.22083333333333,24.825,24.100000000000005,0.42375,0.4031666666666667,0.37666666666666665,0.416
2021-10-18,le,27.291666666666668,90.0,25.420833333333334,32.4375,1012.0375,994.6708333333332,0.0,79.33333333333333,45.208333333333336,44.666666666666664,98.41666666666667,170.25,82.45833333333333,87.79166666666667,103.3625,4.083333333333333,5.875,169.45833333333334,163.04166666666666,14.258333333333333,0.12291666666666667,0.3925,24.40416666666667,24.829166666666666,24.829166666666666,24.100000000000005,0.4290833333333333,0.4197916666666666,0.381125,0.416
2021-10-19,le,27.1375,91.625,25.625,33.0,1013.5958333333333,996.2583333333333,0.0,65.625,16.666666666666668,37.708333333333336,95.75,176.16666666666666,81.54166666666667,94.625,109.75,4.133333333333334,7.1499999999999995,252.29166666666666,255.83333333333334,11.558333333333332,0.13875,0.31416666666666665,23.833333333333332,24.291666666666668,24.7625,24.100000000000005,0.44054166666666666,0.44154166666666667,0.3930416666666667,0.416
2021-10-20,le,27.75,88.83333333333333,25.6875,34.75416666666667,1012.8708333333334,995.6083333333332,0.0,56.041666666666664,18.375,20.875,92.95833333333333,197.29166666666666,85.16666666666667,112.125,111.9875,3.204166666666667,4.291666666666667,238.79166666666666,239.20833333333334,12.987499999999999,0.15333333333333335,0.4383333333333333,24.15416666666667,24.150000000000002,24.633333333333336,24.100000000000005,0.43916666666666665,0.44379166666666664,0.4124999999999999,0.416
2021-10-21,le,27.7625,88.625,25.620833333333334,34.612500000000004,1012.1,994.8375,0.0,63.291666666666664,27.458333333333332,23.125,91.83333333333333,255.45833333333334,162.5,92.95833333333333,210.91666666666666,4.604166666666667,6.5874999999999995,226.125,231.875,14.483333333333334,0.19458333333333333,0.46875,24.72083333333333,24.474999999999998,24.595833333333335,24.100000000000005,0.435125,0.4399166666666667,0.42025,0.41679166666666667
2021-10-22,le,27.508333333333336,87.875,25.21666666666667,33.90833333333333,1012.525,995.2333333333332,0.0,56.375,17.25,24.083333333333332,90.54166666666667,270.0833333333333,200.45833333333334,69.625,266.3208333333333,5.004166666666666,7.716666666666666,122.70833333333333,113.08333333333333,14.391666666666666,0.20625000000000002,0.4916666666666667,24.754166666666666,24.6875,24.566666666666666,24.145833333333332,0.423125,0.425,0.4242916666666667,0.419
2021-10-23,le,27.954166666666666,85.375,25.099999999999998,34.329166666666666,1012.1416666666668,994.8874999999999,0.0,39.541666666666664,8.791666666666666,8.75,87.83333333333333,261.75,163.83333333333334,97.91666666666667,223.475,5.054166666666666,7.654166666666666,120.375,114.625,13.9,0.2025,0.6175,24.875,24.712500000000002,24.566666666666666,24.2,0.4207083333333333,0.4184583333333333,0.4229583333333333,0.419
2021-10-24,le,28.474999999999998,83.33333333333333,25.183333333333334,35.454166666666666,1011.1666666666666,993.9583333333334,0.0,41.125,13.916666666666666,14.291666666666666,66.83333333333333,275.7916666666667,214.45833333333334,61.333333333333336,288.47083333333336,4.654166666666667,6.175,146.95833333333334,160.79166666666666,13.254166666666668,0.21125000000000002,0.7083333333333334,25.204166666666666,24.954166666666666,24.600000000000005,24.2,0.41025,0.411375,0.4204583333333333,0.419
2021-10-25,le,28.258333333333336,87.0,25.833333333333332,34.612500000000004,1010.225,992.9875000000001,0.0,31.416666666666668,14.833333333333334,18.208333333333332,24.0,265.4166666666667,209.58333333333334,55.833333333333336,278.02500000000003,4.329166666666667,6.220833333333332,163.0,149.5,12.558333333333332,0.20083333333333334,0.5225000000000001,25.079166666666666,25.079166666666666,24.61666666666667,24.2,0.41816666666666663,0.4227916666666667,0.420375,0.41912499999999997
2021-10-26,le,28.079166666666666,85.66666666666667,25.304166666666664,34.71666666666667,1009.8874999999999,992.6708333333332,0.0,49.666666666666664,21.791666666666668,22.333333333333332,56.666666666666664,282.4166666666667,223.0,59.416666666666664,302.48333333333335,4.979166666666667,7.045833333333333,134.41666666666666,133.25,14.799999999999999,0.21458333333333335,0.5975,25.120833333333334,24.929166666666664,24.650000000000002,24.2,0.4222083333333333,0.43241666666666667,0.4263333333333333,0.42
2021-10-27,le,27.304166666666664,91.08333333333333,25.691666666666666,33.666666666666664,1011.0375,993.7666666666668,0.0,73.75,42.875,33.083333333333336,97.75,158.375,63.583333333333336,94.79166666666667,96.125,3.975,6.170833333333333,102.16666666666667,89.125,14.395833333333334,0.12458333333333332,0.3408333333333333,24.175,24.645833333333332,24.69583333333333,24.2,0.44095833333333334,0.43775000000000003,0.426375,0.42
2021-10-28,le,27.28333333333333,91.875,25.795833333333334,33.204166666666666,1011.3583333333332,994.0416666666666,0.0,75.0,30.291666666666668,40.208333333333336,96.08333333333333,174.41666666666666,92.25,82.16666666666667,118.29166666666667,4.808333333333334,7.4750000000000005,191.08333333333334,204.29166666666666,14.029166666666667,0.13166666666666668,0.3179166666666667,24.09166666666667,24.308333333333334,24.600000000000005,24.2,0.4447916666666667,0.449875,0.43529166666666663,0.4202916666666667
2021-10-29,le,28.108333333333334,86.375,25.5125,33.858333333333334,1011.9083333333333,994.6374999999999,0.0,45.25,5.666666666666667,21.208333333333332,90.91666666666667,201.45833333333334,95.95833333333333,105.5,128.05416666666667,3.641666666666667,5.2625,146.375,133.04166666666666,10.825000000000001,0.15625000000000003,0.5541666666666667,24.15833333333333,24.1875,24.525000000000002,24.2,0.43533333333333335,0.43724999999999997,0.44145833333333334,0.42166666666666663
2021-10-30,le,27.804166666666664,88.41666666666667,25.629166666666666,34.06666666666667,1012.0333333333333,994.7583333333333,0.0,63.541666666666664,19.958333333333332,27.833333333333332,98.54166666666667,233.75,149.625,84.125,197.22500000000002,4.070833333333334,5.354166666666667,164.5,156.20833333333334,11.700000000000001,0.17958333333333332,0.47,24.65833333333333,24.46666666666667,24.5,24.2,0.43729166666666663,0.44,0.44333333333333336,0.42316666666666664
2021-10-31,le,27.28333333333333,91.20833333333333,25.641666666666666,33.704166666666666,1011.1333333333333,993.8666666666667,0.0,68.66666666666667,32.666666666666664,36.125,81.16666666666667,208.91666666666666,135.125,73.79166666666667,179.5375,4.629166666666666,6.970833333333334,185.20833333333334,173.5,13.270833333333334,0.16,0.34625,24.183333333333334,24.40416666666667,24.5,24.2,0.44120833333333337,0.44458333333333333,0.4486666666666667,0.42625
2021-11-01,le,26.59166666666667,93.54166666666667,25.462500000000002,32.69166666666667,1011.7041666666668,994.3625000000001,0.0,84.25,48.041666666666664,49.625,99.0,90.08333333333333,18.916666666666668,71.16666666666667,31.195833333333336,4.266666666666667,6.325,120.66666666666667,120.25,10.991666666666667,0.07416666666666667,0.23124999999999998,22.995833333333334,23.745833333333334,24.424999999999997,24.2,0.448,0.44175000000000003,0.435,0.4290833333333333
2021-11-02,le,27.3875,89.125,25.366666666666664,33.016666666666666,1010.5291666666667,993.2333333333332,0.0,64.95833333333333,9.25,60.416666666666664,69.875,227.91666666666666,147.5,80.41666666666667,207.475,4.754166666666666,7.754166666666666,204.16666666666666,207.95833333333334,13.733333333333334,0.17125,0.4291666666666667,23.9375,23.675,24.30416666666667,24.2,0.4447083333333333,0.4479583333333333,0.43379166666666663,0.4307916666666667
2021-11-03,le,27.495833333333334,89.66666666666667,25.612499999999997,34.09166666666667,1010.0833333333334,992.8541666666666,0.0,74.41666666666667,19.416666666666668,48.625,92.54166666666667,194.66666666666666,85.75,108.91666666666667,116.41250000000001,3.4333333333333336,5.245833333333334,192.5,177.70833333333334,10.558333333333334,0.15166666666666667,0.3941666666666667,23.849999999999998,23.96666666666667,24.22083333333333,24.2,0.43483333333333335,0.4467916666666667,0.44854166666666667,0.43454166666666666
2021-11-04,le,27.875,88.625,25.712500000000002,34.9,1009.6958333333333,992.4916666666667,0.0,47.958333333333336,16.625,19.041666666666668,71.95833333333333,271.75,207.125,64.625,277.93333333333334,4.466666666666667,6.1875,118.54166666666667,109.83333333333333,12.283333333333333,0.2041666666666667,0.47041666666666665,24.849999999999998,24.40416666666667,24.208333333333332,24.2,0.4362083333333333,0.44408333333333333,0.44816666666666666,0.43733333333333335
2021-11-05,le,27.491666666666664,90.16666666666667,25.683333333333334,34.31666666666667,1009.25,992.025,0.0,74.04166666666667,21.75,54.541666666666664,91.04166666666667,199.83333333333334,117.95833333333333,81.875,158.4125,3.3333333333333335,5.408333333333334,190.79166666666666,193.20833333333334,11.75,0.15,0.37958333333333333,24.316666666666666,24.445833333333336,24.27916666666667,24.2,0.43925,0.4472083333333334,0.45541666666666664,0.43975000000000003
2021-11-06,le,27.625,90.0,25.741666666666664,34.949999999999996,1007.5708333333333,990.3874999999999,0.0,66.83333333333333,31.625,18.375,93.41666666666667,211.20833333333334,123.58333333333333,87.625,153.41666666666666,3.341666666666667,4.029166666666667,130.41666666666666,125.75,11.237499999999999,0.16291666666666668,0.40458333333333335,24.275000000000002,24.28333333333333,24.3,24.2,0.4379583333333333,0.44225000000000003,0.455,0.4423333333333333
2021-11-07,le,27.295833333333334,92.125,25.8625,33.699999999999996,1007.9666666666667,990.7416666666667,0.0,86.75,35.083333333333336,59.125,97.95833333333333,169.95833333333334,74.66666666666667,95.29166666666667,95.125,4.083333333333333,6.3500000000000005,151.875,160.16666666666666,12.125,0.13333333333333333,0.30333333333333334,23.825,24.083333333333332,24.3,24.2,0.44216666666666665,0.443625,0.45416666666666666,0.44495833333333334
2021-11-08,le,28.079166666666666,86.875,25.554166666666664,34.4125,1008.0958333333333,990.8874999999999,0.0,54.125,3.2916666666666665,35.333333333333336,99.5,207.83333333333334,71.875,135.95833333333334,95.35000000000001,3.279166666666667,4.733333333333333,178.25,174.75,10.112499999999999,0.16083333333333333,0.5441666666666667,24.295833333333334,24.09583333333333,24.208333333333332,24.2,0.43766666666666665,0.44216666666666665,0.44895833333333335,0.44741666666666663
2021-11-10,le,27.21666666666667,92.75,25.920833333333334,33.916666666666664,1009.9625,992.7166666666667,0.0,76.16666666666667,1.7083333333333333,75.16666666666667,98.5,80.0,11.416666666666666,68.58333333333333,15.029166666666667,3.595833333333333,5.695833333333333,234.83333333333334,234.04166666666666,9.945833333333333,0.06916666666666667,0.26875,23.445833333333336,24.0,24.233333333333334,24.2,0.4435833333333334,0.45104166666666673,0.455625,0.4505416666666667
2021-11-11,le,27.349999999999998,83.875,24.233333333333334,34.0375,1009.7125,992.4916666666667,0.0,84.58333333333333,0.08333333333333333,91.20833333333333,99.58333333333333,142.16666666666666,32.375,109.79166666666667,36.275,4.2875000000000005,7.425,218.54166666666666,227.125,11.3375,0.11583333333333333,0.6308333333333334,23.270833333333332,23.520833333333332,24.145833333333332,24.2,0.44095833333333334,0.44325,0.45508333333333334,0.4539166666666667
2021-11-13,le,27.4875,88.54166666666667,25.28333333333333,33.854166666666664,1010.0500000000001,992.7875,0.0,62.0,16.0,41.375,86.75,216.0,137.375,78.625,163.84583333333333,4.208333333333333,5.4375,226.33333333333334,231.95833333333334,11.891666666666666,0.16625,0.465,24.295833333333334,24.125,24.075000000000003,24.2,0.4325833333333333,0.434625,0.44458333333333333,0.454
2021-11-14,le,27.670833333333334,89.20833333333333,25.608333333333334,34.27916666666667,1009.8666666666667,992.6458333333334,0.0,60.5,15.75,37.5,99.66666666666667,160.66666666666666,45.583333333333336,115.08333333333333,55.69583333333333,4.420833333333333,7.291666666666667,202.95833333333334,198.04166666666666,10.158333333333333,0.13333333333333333,0.4345833333333333,23.962500000000002,24.05,24.100000000000005,24.2,0.43183333333333335,0.4386666666666667,0.44925,0.45525
2021-11-15,le,26.866666666666664,94.33333333333333,25.866666666666664,32.612500000000004,1009.8666666666667,992.5458333333332,0.0,91.04166666666667,35.833333333333336,80.41666666666667,99.41666666666667,123.41666666666667,37.333333333333336,86.08333333333333,47.05416666666667,3.545833333333333,5.8999999999999995,180.83333333333334,182.41666666666666,13.983333333333334,0.09541666666666666,0.20666666666666667,23.5125,23.866666666666664,24.100000000000005,24.2,0.4426666666666667,0.4375833333333334,0.4419583333333333,0.456
2021-11-16,le,27.40416666666667,89.83333333333333,25.495833333333334,34.13333333333333,1008.9708333333333,991.7541666666666,0.0,68.29166666666667,30.5,28.833333333333332,88.375,242.125,172.79166666666666,69.33333333333333,216.09166666666667,4.679166666666666,6.691666666666666,206.91666666666666,211.83333333333334,15.091666666666667,0.1875,0.405,23.979166666666668,23.820833333333336,24.016666666666666,24.2,0.443,0.4502083333333333,0.44295833333333334,0.456
2021-11-17,le,27.537499999999998,89.58333333333333,25.59166666666667,34.65833333333333,1009.6,992.3958333333334,0.0,59.166666666666664,16.458333333333332,31.833333333333332,84.375,226.375,154.29166666666666,72.08333333333333,188.83333333333334,3.279166666666667,5.195833333333334,127.95833333333333,136.16666666666666,11.716666666666667,0.1779166666666667,0.4170833333333333,24.370833333333334,24.162499999999998,24.025000000000002,24.2,0.43954166666666666,0.4419583333333333,0.44308333333333333,0.4567916666666667
2021-11-18,le,26.93913043478261,92.1304347826087,25.517391304347825,34.30434782608695,1008.4260869565217,991.2260869565217,0.0,76.30434782608695,38.26086956521739,34.91304347826087,89.56521739130434,135.65217391304347,50.95652173913044,84.69565217391305,74.63478260869564,3.0,4.139130434782609,227.82608695652175,221.2173913043478,12.091304347826087,0.1108695652173913,0.29304347826086957,23.47826086956522,23.869565217391305,24.095652173913045,24.2,0.44630434782608697,0.4517826086956522,0.4453913043478261,0.45660869565217393
2021-11-19,le,26.400000000000002,94.25,25.375,32.63333333333333,1008.0166666666668,990.7375000000001,0.0,90.875,18.291666666666668,89.66666666666667,99.91666666666667,47.916666666666664,0.7083333333333334,47.208333333333336,0.8916666666666666,3.125,5.641666666666667,247.54166666666666,245.91666666666666,15.079166666666666,0.044583333333333336,0.2025,22.604166666666668,23.25,23.991666666666664,24.2,0.44658333333333333,0.4475833333333334,0.455625,0.459125
2021-11-20,le,27.9375,83.875,24.8,33.637499999999996,1008.0166666666668,990.8249999999999,0.0,72.875,14.791666666666666,58.5,92.54166666666667,214.04166666666666,108.75,105.29166666666667,140.26250000000002,4.704166666666667,7.445833333333333,267.4166666666667,277.75,12.995833333333332,0.16916666666666666,0.6583333333333333,23.97083333333333,23.4875,23.899999999999995,24.2,0.4335,0.43291666666666667,0.4487916666666667,0.4602916666666667
2021-11-21,le,27.679166666666664,88.79166666666667,25.583333333333332,34.824999999999996,1008.625,991.4625,0.0,46.333333333333336,9.875,24.083333333333332,76.83333333333333,228.29166666666666,143.95833333333334,84.33333333333333,194.5875,5.3875,8.9125,265.5833333333333,276.6666666666667,16.770833333333332,0.1775,0.4454166666666666,24.104166666666668,24.004166666666666,23.899999999999995,24.2,0.4306666666666667,0.4262916666666667,0.4360833333333333,0.45937500000000003
2021-11-22,le,27.670833333333334,91.08333333333333,26.041666666666668,34.612500000000004,1008.4250000000001,991.2458333333334,0.0,50.75,12.958333333333334,17.875,94.16666666666667,215.45833333333334,122.625,92.83333333333333,165.03333333333333,5.758333333333333,9.758333333333333,263.5416666666667,273.5833333333333,15.720833333333333,0.1679166666666667,0.35333333333333333,24.25,24.120833333333334,23.924999999999997,24.2,0.4319583333333333,0.4282916666666667,0.42650000000000005,0.4582916666666667
2021-11-23,le,27.120833333333334,90.83333333333333,25.46666666666667,32.704166666666666,1008.9333333333334,991.6708333333332,0.0,75.58333333333333,11.833333333333334,65.33333333333333,90.0,157.625,67.95833333333333,89.66666666666667,86.72500000000001,5.679166666666666,9.829166666666667,264.4583333333333,266.6666666666667,19.641666666666666,0.12666666666666668,0.345,23.495833333333334,23.849999999999998,24.0,24.2,0.4390416666666667,0.4410416666666667,0.42383333333333334,0.457125
2021-11-24,le,27.683333333333334,82.45833333333333,24.241666666666664,33.19583333333333,1009.0124999999999,991.7958333333332,0.0,56.25,2.4583333333333335,41.333333333333336,97.25,166.16666666666666,70.45833333333333,95.70833333333333,97.95416666666667,5.016666666666667,8.291666666666666,250.16666666666666,253.375,12.908333333333333,0.13625,0.6979166666666666,23.59583333333333,23.633333333333336,23.920833333333334,24.2,0.44045833333333334,0.44308333333333333,0.43012500000000004,0.45625000000000004
2021-11-25,le,27.983333333333334,81.79166666666667,24.333333333333332,34.47083333333333,1009.0041666666666,991.8208333333333,0.0,58.875,3.4583333333333335,65.58333333333333,54.333333333333336,218.58333333333334,138.08333333333334,80.5,189.275,3.920833333333333,5.1499999999999995,204.875,209.04166666666666,10.9375,0.1729166666666667,0.75625,24.320833333333336,23.983333333333334,23.90833333333333,24.2,0.4263333333333333,0.4322916666666667,0.42483333333333334,0.4555833333333334
2021-11-26,le,27.47083333333333,89.83333333333333,25.583333333333332,33.983333333333334,1009.5500000000001,992.3125,0.0,73.625,8.166666666666666,64.125,96.08333333333333,180.20833333333334,100.20833333333333,80.0,142.76666666666668,3.2874999999999996,5.145833333333333,230.29166666666666,231.91666666666666,11.924999999999999,0.13958333333333334,0.39666666666666667,24.104166666666668,24.195833333333336,24.0,24.2,0.43579166666666663,0.44016666666666665,0.426625,0.455
2021-11-27,le,27.433333333333334,88.125,25.191666666666666,33.02916666666667,1009.8583333333332,992.5833333333334,0.0,64.5,14.041666666666666,56.75,88.91666666666667,220.54166666666666,155.45833333333334,65.08333333333333,207.15416666666667,6.508333333333333,10.450000000000001,261.9583333333333,263.4166666666667,15.545833333333334,0.17041666666666666,0.48041666666666666,24.325,24.129166666666666,24.0,24.2,0.43812500000000004,0.44825000000000004,0.4405833333333333,0.4542916666666667
2021-11-28,le,26.125,91.41666666666667,24.59583333333333,31.9375,1009.6916666666666,992.3958333333334,0.0,84.83333333333333,11.0,76.79166666666667,99.75,85.33333333333333,14.458333333333334,70.875,19.754166666666666,5.479166666666667,9.408333333333333,241.5,244.58333333333334,18.679166666666667,0.07625,0.29458333333333336,22.566666666666666,23.46666666666667,24.0,24.2,0.439875,0.4464166666666667,0.4549166666666667,0.4567083333333333
2021-11-29,le,27.266666666666666,85.04166666666667,24.325,33.699999999999996,1008.7708333333334,991.5375,0.0,61.708333333333336,31.791666666666668,39.541666666666664,47.25,272.75,211.91666666666666,60.833333333333336,274.40416666666664,4.1625000000000005,5.133333333333334,157.66666666666666,149.41666666666666,11.966666666666667,0.20625000000000002,0.62125,24.079166666666666,23.5,23.904166666666665,24.2,0.40912499999999996,0.42025,0.4367083333333333,0.45875
2021-11-30,le,27.5,88.875,25.4375,34.62916666666667,1009.2166666666667,992.0166666666668,0.0,50.0,6.708333333333333,44.625,57.041666666666664,230.70833333333334,161.33333333333334,69.375,221.29166666666666,3.8375,4.995833333333334,240.625,234.375,11.225,0.17625000000000002,0.43,24.325,24.2,23.920833333333334,24.179166666666664,0.423875,0.42533333333333334,0.42812500000000003,0.45779166666666665
2021-12-01,le,27.883333333333336,84.95833333333333,24.983333333333334,34.737500000000004,1009.6583333333333,992.4791666666666,0.0,56.25,7.75,43.458333333333336,77.16666666666667,225.04166666666666,131.20833333333334,93.83333333333333,183.79583333333335,4.533333333333333,6.608333333333333,220.79166666666666,218.04166666666666,15.0625,0.17708333333333334,0.6095833333333334,24.22083333333333,24.129166666666666,24.0,24.100000000000005,0.4350416666666667,0.43766666666666665,0.4232916666666666,0.4569166666666667
2021-12-02,le,28.650000000000002,81.0,24.825,35.63333333333333,1009.5749999999999,992.4375,0.0,28.958333333333332,8.625,12.375,45.708333333333336,292.7916666666667,244.25,48.541666666666664,335.8916666666667,5.654166666666666,7.6625000000000005,229.25,230.04166666666666,14.479166666666666,0.23083333333333333,0.8304166666666667,25.179166666666664,24.570833333333336,24.025000000000002,24.100000000000005,0.42320833333333335,0.42754166666666665,0.4170416666666667,0.4559166666666667
2021-12-03,le,28.258333333333336,84.95833333333333,25.349999999999998,35.1875,1010.6541666666667,993.4833333333332,0.0,46.541666666666664,8.833333333333334,18.708333333333332,91.08333333333333,210.66666666666666,87.45833333333333,123.20833333333333,115.62916666666666,4.608333333333333,7.383333333333333,233.375,226.125,12.891666666666666,0.17041666666666666,0.6229166666666667,24.870833333333334,24.758333333333336,24.125,24.100000000000005,0.425,0.42225,0.4109583333333333,0.45495833333333335
2021-12-04,le,26.945833333333336,91.70833333333333,25.445833333333336,31.833333333333332,1011.1374999999999,993.8041666666667,0.0,71.79166666666667,9.458333333333334,56.166666666666664,99.375,112.75,24.5,88.25,30.27916666666667,7.0874999999999995,12.233333333333334,266.875,274.5,17.970833333333335,0.09000000000000001,0.3116666666666667,23.5625,24.2375,24.2,24.100000000000005,0.43579166666666663,0.4344166666666667,0.409375,0.454
2021-12-05,le,26.72608695652174,91.82608695652173,25.26521739130435,31.53478260869565,1011.2260869565217,993.8739130434782,0.0,81.8695652173913,5.391304347826087,80.95652173913044,94.95652173913044,127.82608695652173,47.91304347826087,79.91304347826087,67.18695652173913,4.978260869565218,8.160869565217391,255.52173913043478,266.04347826086956,15.634782608695653,0.09782608695652174,0.29391304347826086,23.117391304347827,23.482608695652175,24.12608695652174,24.1,0.4425217391304348,0.44326086956521743,0.4165217391304348,0.45317391304347826
2021-12-06,le,26.804166666666664,88.91666666666667,24.775000000000002,32.6625,1010.375,993.0666666666666,0.0,81.04166666666667,19.458333333333332,63.958333333333336,95.66666666666667,189.875,105.5,84.375,158.5625,4.270833333333333,7.029166666666666,273.0833333333333,285.25,19.441666666666666,0.1425,0.4041666666666666,23.2,23.354166666666668,24.025000000000002,24.100000000000005,0.44308333333333333,0.4410833333333333,0.4164999999999999,0.4527916666666667
2021-12-07,le,26.34583333333333,93.58333333333333,25.2375,32.0625,1010.7291666666666,993.3833333333333,0.0,77.08333333333333,32.625,39.458333333333336,99.58333333333333,106.625,19.75,86.875,25.745833333333334,4.345833333333333,7.491666666666666,278.0,288.7916666666667,22.420833333333334,0.08291666666666667,0.22458333333333333,23.020833333333332,23.316666666666666,23.9375,24.100000000000005,0.4370416666666667,0.445125,0.4192916666666666,0.452
2021-12-08,le,26.96666666666667,89.5,24.979166666666668,34.1,1010.7333333333332,993.4833333333332,0.0,47.791666666666664,27.708333333333332,22.208333333333332,35.75,251.625,188.45833333333334,63.166666666666664,266.35833333333335,6.041666666666667,8.383333333333333,247.0,266.25,16.025000000000002,0.18916666666666668,0.415,23.84583333333333,23.545833333333334,23.870833333333334,24.100000000000005,0.4255,0.4338333333333333,0.4215,0.45183333333333336
2021-12-09,le,27.058333333333334,90.625,25.3,33.68333333333333,1011.15,993.8708333333334,0.0,58.458333333333336,29.125,35.583333333333336,39.25,227.58333333333334,155.33333333333334,72.25,202.79999999999998,6.2,9.825000000000001,263.3333333333333,268.5,15.958333333333334,0.16958333333333334,0.37625,24.008333333333336,23.916666666666668,23.8875,24.100000000000005,0.4320833333333333,0.4354166666666666,0.4186666666666667,0.451
2021-12-10,le,27.066666666666666,90.08333333333333,25.22083333333333,33.604166666666664,1011.1958333333333,993.9,0.0,71.125,28.583333333333332,28.916666666666668,94.45833333333333,200.20833333333334,105.33333333333333,94.875,135.81666666666666,5.645833333333333,8.700000000000001,259.0,273.2083333333333,13.9625,0.14916666666666667,0.38833333333333336,24.141666666666666,24.020833333333332,23.899999999999995,24.100000000000005,0.4359166666666667,0.4447916666666667,0.4217916666666666,0.451
2021-12-11,le,27.233333333333334,90.41666666666667,25.45,33.025,1011.2833333333333,993.9833333333332,0.0,69.625,21.791666666666668,38.5,98.41666666666667,209.125,123.45833333333333,85.66666666666667,164.82083333333333,5.875,9.145833333333334,256.6666666666667,264.625,15.779166666666667,0.15625,0.3775,24.2,24.141666666666666,23.924999999999997,24.100000000000005,0.431875,0.44579166666666664,0.4326666666666667,0.4500416666666667
2021-12-12,le,27.645833333333332,88.45833333333333,25.433333333333334,34.641666666666666,1010.1416666666668,992.9166666666666,0.0,34.958333333333336,4.541666666666667,14.208333333333334,74.58333333333333,241.875,179.08333333333334,62.791666666666664,247.14583333333334,4.6875,6.641666666666667,221.83333333333334,224.75,13.1875,0.18499999999999997,0.47625,24.479166666666668,24.2375,24.0,24.100000000000005,0.42612500000000003,0.44287499999999996,0.44250000000000006,0.45095833333333335
2021-12-13,le,28.0125,85.58333333333333,25.229166666666668,34.7875,1008.8249999999999,991.6333333333333,0.0,54.541666666666664,20.083333333333332,14.625,92.66666666666667,260.4166666666667,187.375,73.04166666666667,254.2541666666667,4.383333333333334,6.129166666666666,243.0,246.58333333333334,12.450000000000001,0.19999999999999998,0.6016666666666667,24.787499999999998,24.445833333333336,24.025000000000002,24.100000000000005,0.4302083333333333,0.44354166666666667,0.44245833333333334,0.45083333333333336
2021-12-14,le,28.27916666666667,83.91666666666667,25.087500000000002,34.983333333333334,1008.4916666666667,991.2916666666666,0.0,66.625,24.333333333333332,28.0,95.125,240.5,167.125,73.375,218.35833333333335,3.6291666666666664,5.241666666666666,247.29166666666666,270.1666666666667,12.1625,0.18166666666666664,0.6825,25.22083333333333,24.84583333333333,24.125,24.100000000000005,0.43016666666666664,0.43695833333333334,0.4394166666666666,0.45
2021-12-15,le,28.162499999999998,86.5,25.570833333333336,34.416666666666664,1008.6541666666667,991.4375,0.0,64.79166666666667,21.458333333333332,32.791666666666664,88.79166666666667,227.54166666666666,161.95833333333334,65.58333333333333,217.17499999999998,3.9916666666666667,5.495833333333334,179.58333333333334,175.0,11.908333333333333,0.1725,0.5595833333333333,24.920833333333334,24.8625,24.229166666666668,24.100000000000005,0.4345833333333333,0.43375,0.4354166666666666,0.45
2021-12-16,le,27.504166666666666,92.08333333333333,26.079166666666666,33.641666666666666,1009.0333333333333,991.7958333333332,0.0,64.25,14.125,41.583333333333336,94.16666666666667,154.625,70.41666666666667,84.20833333333333,96.57916666666667,3.9791666666666665,5.733333333333333,213.08333333333334,214.875,10.362499999999999,0.1225,0.29833333333333334,24.0,24.370833333333334,24.3,24.100000000000005,0.43524999999999997,0.4414166666666666,0.43520833333333336,0.45
2021-12-17,le,27.645833333333332,90.41666666666667,25.829166666666666,34.3375,1008.9375,991.7208333333333,0.0,69.875,22.5,42.083333333333336,95.33333333333333,225.375,140.45833333333334,84.91666666666667,189.58333333333334,4.104166666666667,5.258333333333334,213.375,209.04166666666666,11.558333333333332,0.1729166666666667,0.39208333333333334,24.379166666666666,24.2375,24.287499999999998,24.100000000000005,0.43175,0.44416666666666665,0.44245833333333334,0.4497083333333334
2021-12-18,le,27.695833333333336,91.79166666666667,26.195833333333336,34.300000000000004,1009.2916666666666,992.0875,0.0,84.04166666666667,14.75,78.08333333333333,99.79166666666667,88.29166666666667,15.166666666666666,73.125,25.7375,3.391666666666667,5.533333333333334,183.83333333333334,183.75,10.5375,0.07708333333333334,0.32083333333333336,23.662499999999998,24.025000000000002,24.25,24.100000000000005,0.445375,0.44475,0.45779166666666665,0.45308333333333334
2021-12-19,le,27.75,89.125,25.704166666666666,35.31666666666667,1010.2958333333332,993.0958333333333,0.0,59.333333333333336,22.916666666666668,16.375,96.33333333333333,219.625,137.0,82.625,195.25,3.7125,4.295833333333333,230.91666666666666,238.79166666666666,10.958333333333334,0.16833333333333333,0.43625,24.2625,24.075,24.2,24.100000000000005,0.44287499999999996,0.441875,0.45541666666666664,0.455
2021-12-20,le,27.379166666666666,89.33333333333333,25.395833333333332,33.12083333333333,1011.5833333333334,994.2708333333334,0.0,63.875,11.458333333333334,40.333333333333336,99.25,150.58333333333334,42.416666666666664,108.16666666666667,57.95416666666666,4.2625,6.733333333333333,150.625,134.875,13.179166666666667,0.11625,0.41291666666666665,23.912499999999998,24.079166666666666,24.2,24.100000000000005,0.4306666666666667,0.4344166666666667,0.4560416666666667,0.45658333333333334
2021-12-21,le,26.925,95.41666666666667,26.116666666666664,32.2875,1012.1541666666667,994.7791666666667,0.0,84.45833333333333,40.375,55.125,99.875,103.0,17.375,85.625,26.008333333333336,2.8833333333333333,4.3374999999999995,123.75,122.5,11.470833333333333,0.07833333333333334,0.16958333333333334,23.525000000000002,23.829166666666666,24.145833333333332,24.100000000000005,0.4442083333333333,0.44,0.4509166666666667,0.45708333333333334
2021-12-22,le,27.099999999999998,90.33333333333333,25.287499999999998,33.6,1011.4166666666666,994.1125000000001,0.0,65.41666666666667,27.916666666666668,20.625,94.20833333333333,187.54166666666666,82.45833333333333,105.08333333333333,105.925,3.4791666666666665,4.316666666666666,160.625,165.45833333333334,10.858333333333334,0.14291666666666666,0.37833333333333335,23.679166666666664,23.71666666666667,24.100000000000005,24.100000000000005,0.42895833333333333,0.44054166666666666,0.44904166666666673,0.4577083333333334
2021-12-23,le,27.150000000000002,91.33333333333333,25.579166666666666,33.329166666666666,1010.4708333333333,993.1791666666667,0.0,61.5,10.583333333333334,50.666666666666664,71.66666666666667,207.91666666666666,126.0,81.91666666666667,178.42499999999998,4.55,6.7375,248.79166666666666,249.66666666666666,12.991666666666667,0.15541666666666668,0.32958333333333334,23.724999999999998,23.758333333333336,24.02916666666667,24.100000000000005,0.4350416666666667,0.44383333333333336,0.44875,0.457
2021-12-24,le,27.491666666666664,86.91666666666667,25.016666666666666,33.725,1010.2166666666667,992.9666666666667,0.0,60.125,18.75,34.333333333333336,84.125,202.875,100.33333333333333,102.54166666666667,144.79583333333335,4.504166666666666,6.5249999999999995,244.41666666666666,252.25,12.475,0.15708333333333332,0.5166666666666667,23.729166666666668,23.766666666666666,24.0,24.100000000000005,0.43887499999999996,0.44250000000000006,0.4505416666666667,0.457
2021-12-25,le,27.15833333333333,88.625,25.016666666666666,33.391666666666666,1010.7083333333334,993.4333333333334,0.0,63.458333333333336,16.875,37.083333333333336,91.83333333333333,220.625,140.125,80.5,200.57500000000002,5.420833333333333,7.633333333333333,228.16666666666666,231.08333333333334,14.954166666666666,0.16583333333333333,0.4483333333333333,24.016666666666666,23.916666666666668,24.0,24.100000000000005,0.4335833333333334,0.43887499999999996,0.444375,0.457
2021-12-26,le,27.308333333333334,89.29166666666667,25.34583333333333,32.07083333333333,1011.8958333333334,994.5458333333332,0.0,66.375,18.166666666666668,47.208333333333336,90.5,133.125,55.875,77.25,82.30416666666666,7.375,10.658333333333333,250.66666666666666,256.5833333333333,14.208333333333334,0.1075,0.4116666666666667,23.679166666666664,23.84166666666667,24.0,24.100000000000005,0.4355833333333334,0.4454166666666666,0.4467916666666667,0.45608333333333334
2021-12-27,le,27.212500000000002,89.79166666666667,25.329166666666666,33.237500000000004,1012.2583333333333,994.9499999999999,0.0,55.125,20.375,20.583333333333332,82.45833333333333,211.79166666666666,122.08333333333333,89.70833333333333,175.95416666666665,6.008333333333333,8.729166666666666,255.54166666666666,263.7916666666667,15.483333333333334,0.1575,0.39875,24.041666666666668,23.941666666666666,24.0,24.100000000000005,0.4419583333333333,0.4459166666666667,0.44445833333333334,0.456
2021-12-28,le,26.900000000000002,90.91666666666667,25.204166666666666,33.4375,1011.3458333333333,994.0541666666667,0.0,63.708333333333336,24.5,22.666666666666668,99.25,211.5,130.95833333333334,80.54166666666667,174.22916666666666,5.583333333333333,7.945833333333333,251.45833333333334,254.58333333333334,13.991666666666667,0.15875,0.3545833333333333,23.995833333333334,23.995833333333334,24.0,24.100000000000005,0.43379166666666663,0.445875,0.4434166666666666,0.456
2021-12-29,le,27.116666666666664,92.04166666666667,25.65416666666667,33.78333333333333,1011.0500000000001,993.7708333333334,0.0,60.208333333333336,20.166666666666668,21.041666666666668,97.66666666666667,188.125,85.58333333333333,102.54166666666667,115.69583333333333,3.9125,5.995833333333334,273.2083333333333,267.125,11.833333333333334,0.14333333333333334,0.3075,23.849999999999998,23.929166666666664,24.0,24.100000000000005,0.43379166666666663,0.44579166666666664,0.4439583333333333,0.4555
2021-12-30,le,27.333333333333332,91.33333333333333,25.708333333333332,34.07083333333333,1010.75,993.4833333333332,0.0,68.04166666666667,19.958333333333332,41.583333333333336,85.45833333333333,173.5,83.66666666666667,89.83333333333333,127.05,3.9499999999999997,5.4624999999999995,249.375,286.625,11.333333333333334,0.13125,0.34625,23.941666666666666,23.941666666666666,24.0,24.100000000000005,0.4302083333333333,0.44575000000000004,0.445625,0.455
2021-12-31,le,27.84583333333333,85.54166666666667,25.02916666666667,33.94166666666667,1010.5416666666666,993.2958333333332,0.0,60.625,20.958333333333332,21.25,98.0,186.625,72.33333333333333,114.29166666666667,102.76666666666667,5.091666666666667,7.8625,251.58333333333334,257.8333333333333,15.799999999999999,0.1475,0.60125,24.208333333333332,24.0,24.0,24.100000000000005,0.4204583333333333,0.43404166666666666,0.44604166666666667,0.455
2022-01-02,le,27.4375,86.375,24.825,33.358333333333334,1009.9541666666668,992.6791666666667,0.0,44.625,8.916666666666666,11.333333333333334,99.66666666666667,244.08333333333334,151.58333333333334,92.5,204.75,4.554166666666666,6.7124999999999995,201.79166666666666,192.20833333333334,11.891666666666666,0.1875,0.5495833333333333,24.520833333333332,24.40416666666667,24.083333333333332,24.100000000000005,0.421,0.42041666666666666,0.4331666666666667,0.454
2022-01-03,le,27.758333333333336,81.45833333333333,24.016666666666666,33.90416666666667,1009.9,992.6708333333332,0.0,29.666666666666668,6.25,8.833333333333334,62.416666666666664,291.2083333333333,238.58333333333334,52.625,333.29583333333335,4.016666666666667,5.6625000000000005,190.95833333333334,171.25,10.904166666666667,0.22333333333333336,0.7783333333333333,24.75,24.474999999999998,24.1125,24.100000000000005,0.4135,0.41604166666666664,0.42695833333333333,0.45366666666666666
2022-01-04,le,27.370833333333334,82.33333333333333,23.833333333333332,33.949999999999996,1010.7458333333334,993.4875000000001,0.0,51.208333333333336,17.416666666666668,13.375,93.91666666666667,254.08333333333334,179.83333333333334,74.25,260.78333333333336,4.345833333333333,5.075,197.83333333333334,192.95833333333334,11.095833333333333,0.19499999999999998,0.7225,24.416666666666668,24.47083333333333,24.19583333333333,24.100000000000005,0.40175,0.40775,0.42062499999999997,0.453
2022-01-05,le,27.691666666666666,83.70833333333333,24.558333333333334,34.291666666666664,1010.7416666666667,993.5124999999999,0.0,34.291666666666664,14.625,20.625,28.75,261.5416666666667,199.08333333333334,62.458333333333336,292.2916666666667,4.7124999999999995,6.733333333333333,170.83333333333334,155.0,11.674999999999999,0.2025,0.65125,24.391666666666666,24.325,24.2,24.100000000000005,0.3967083333333334,0.40095833333333336,0.41479166666666667,0.45208333333333334
2022-01-06,le,27.145833333333332,90.70833333333333,25.429166666666664,33.483333333333334,1011.4583333333334,994.1666666666666,0.0,45.791666666666664,20.333333333333332,13.958333333333334,63.833333333333336,200.29166666666666,122.79166666666667,77.5,179.80416666666667,4.2749999999999995,5.516666666666667,213.45833333333334,212.83333333333334,12.579166666666666,0.1525,0.365,24.116666666666664,24.304166666666664,24.2,24.100000000000005,0.4270833333333333,0.4223333333333334,0.41112499999999996,0.451375
2022-01-07,le,27.712500000000002,86.54166666666667,25.125,33.49583333333333,1011.6791666666667,994.3958333333334,0.0,55.583333333333336,8.166666666666666,33.333333333333336,94.91666666666667,218.33333333333334,122.20833333333333,96.125,162.82916666666668,4.666666666666667,6.95,236.29166666666666,235.0,12.4375,0.17,0.5520833333333334,24.3625,24.2375,24.2,24.100000000000005,0.4365833333333333,0.4455833333333334,0.41425,0.45083333333333336
2022-01-08,le,27.40833333333333,85.91666666666667,24.695833333333336,33.916666666666664,1010.8333333333334,993.5541666666667,0.0,56.291666666666664,14.083333333333334,26.875,91.29166666666667,225.83333333333334,133.375,92.45833333333333,178.01666666666665,3.954166666666667,5.666666666666667,194.45833333333334,181.54166666666666,11.200000000000001,0.1725,0.5650000000000001,24.454166666666666,24.3125,24.2,24.100000000000005,0.434375,0.438625,0.416,0.45
2022-01-09,le,27.579166666666666,87.83333333333333,25.245833333333334,33.80833333333333,1010.0,992.7416666666667,0.0,63.416666666666664,27.458333333333332,16.083333333333332,96.95833333333333,213.875,107.70833333333333,106.16666666666667,134.60833333333332,5.045833333333333,7.808333333333334,188.04166666666666,171.08333333333334,13.9,0.16666666666666666,0.49541666666666667,24.587500000000002,24.479166666666668,24.22083333333333,24.100000000000005,0.43625,0.43616666666666665,0.41450000000000004,0.4495416666666667
2022-01-10,le,27.054166666666664,89.83333333333333,25.15833333333333,33.34583333333333,1010.125,992.8333333333334,0.0,93.0,61.041666666666664,40.625,93.45833333333333,213.45833333333334,130.83333333333334,82.625,171.475,5.366666666666667,7.8125,166.83333333333334,149.45833333333334,14.904166666666667,0.16041666666666665,0.395,24.34583333333333,24.40833333333333,24.275000000000002,24.100000000000005,0.43945833333333334,0.4399583333333333,0.41404166666666664,0.449
2022-01-11,le,26.7375,91.875,25.258333333333336,31.95,1011.5666666666666,994.2375000000001,0.0,73.45833333333333,11.541666666666666,55.833333333333336,99.29166666666667,162.70833333333334,77.875,84.83333333333333,108.64166666666667,8.879166666666666,14.104166666666666,159.58333333333334,162.29166666666666,20.133333333333333,0.12833333333333333,0.30541666666666667,23.629166666666666,24.03333333333333,24.241666666666664,24.100000000000005,0.4422916666666667,0.4507916666666667,0.42404166666666665,0.44858333333333333
2022-01-12,le,26.191666666666666,91.04166666666667,24.55,31.575,1011.8541666666666,994.4916666666667,0.0,80.08333333333333,30.208333333333332,57.791666666666664,99.41666666666667,169.41666666666666,73.45833333333333,95.95833333333333,89.6875,7.379166666666666,11.929166666666667,168.54166666666666,164.08333333333334,17.391666666666666,0.12958333333333333,0.325,23.15833333333333,23.55,24.1875,24.100000000000005,0.43687499999999996,0.4386666666666667,0.4300833333333333,0.448
2022-01-13,le,26.179166666666664,92.04166666666667,24.7625,32.358333333333334,1011.875,994.5375,0.0,64.70833333333333,28.916666666666668,17.25,99.79166666666667,122.79166666666667,19.75,103.04166666666667,23.366666666666664,4.95,8.1875,196.41666666666666,173.29166666666666,13.929166666666667,0.09999999999999999,0.27958333333333335,22.704166666666666,23.212500000000002,24.058333333333334,24.100000000000005,0.443375,0.4475833333333334,0.432375,0.448
2022-01-14,le,26.4875,92.25,25.09166666666667,32.550000000000004,1011.6791666666667,994.3458333333333,0.0,87.04166666666667,48.0,48.583333333333336,80.83333333333333,181.95833333333334,106.16666666666667,75.79166666666667,150.60416666666666,5.433333333333334,7.004166666666666,190.45833333333334,167.25,15.916666666666666,0.13708333333333333,0.28250000000000003,23.008333333333336,23.141666666666666,23.933333333333334,24.100000000000005,0.4330416666666667,0.4395,0.436375,0.448
2022-01-15,le,26.554166666666664,91.45833333333333,24.9875,32.25833333333333,1011.3125,993.9833333333332,0.0,76.04166666666667,17.666666666666668,57.166666666666664,92.95833333333333,157.45833333333334,50.208333333333336,107.25,67.48333333333333,6.1499999999999995,7.570833333333333,217.91666666666666,192.75,14.879166666666668,0.11833333333333335,0.31708333333333333,23.22083333333333,23.3,23.833333333333332,24.100000000000005,0.43575,0.44208333333333333,0.43570833333333336,0.448
2022-01-16,le,26.979166666666668,89.16666666666667,24.920833333333334,32.99583333333333,1010.975,993.65,0.0,62.791666666666664,30.166666666666668,15.083333333333334,88.29166666666667,208.375,110.45833333333333,97.91666666666667,147.20833333333334,6.2,9.762500000000001,186.75,166.33333333333334,14.491666666666667,0.14875,0.42583333333333334,23.883333333333336,23.6375,23.8,24.100000000000005,0.4327083333333333,0.44095833333333334,0.43495833333333334,0.448
2022-01-17,le,27.016666666666666,89.79166666666667,25.1125,33.25416666666667,1010.2916666666666,993.0083333333333,0.0,65.79166666666667,27.458333333333332,22.75,91.58333333333333,216.70833333333334,110.08333333333333,106.625,146.51666666666668,6.083333333333333,9.5,184.0,164.16666666666666,15.091666666666667,0.16458333333333333,0.40291666666666665,23.820833333333336,23.795833333333334,23.8,24.100000000000005,0.43520833333333336,0.443125,0.43354166666666666,0.448
2022-01-18,le,26.458333333333332,92.58333333333333,25.099999999999998,32.175000000000004,1010.2375000000001,992.9125,0.0,85.83333333333333,50.041666666666664,33.166666666666664,99.83333333333333,141.5,44.625,96.875,58.48333333333333,6.404166666666666,11.1875,165.41666666666666,158.16666666666666,17.795833333333334,0.10666666666666667,0.275,23.366666666666664,23.670833333333334,23.8,24.100000000000005,0.43804166666666666,0.4427916666666667,0.4344166666666667,0.448
2022-01-19,le,26.4375,91.25,24.883333333333336,32.00416666666667,1009.5500000000001,992.2458333333334,0.0,82.70833333333333,45.583333333333336,37.916666666666664,66.0,224.625,153.625,71.0,216.89583333333334,8.258333333333333,13.508333333333333,166.5,164.33333333333334,21.354166666666668,0.16416666666666666,0.31583333333333335,23.354166666666668,23.445833333333336,23.8,24.100000000000005,0.4367916666666667,0.4378333333333333,0.43295833333333333,0.447875
2022-01-20,le,25.90416666666667,93.04166666666667,24.683333333333334,30.995833333333334,1010.1666666666666,992.8125,0.0,74.25,8.041666666666666,63.166666666666664,98.16666666666667,101.91666666666667,27.125,74.79166666666667,40.362500000000004,7.0,12.275,183.95833333333334,181.79166666666666,18.537499999999998,0.085,0.23916666666666667,22.383333333333336,23.079166666666666,23.741666666666664,24.100000000000005,0.44095833333333334,0.44333333333333336,0.4347916666666667,0.447
2022-01-21,le,26.441666666666666,89.08333333333333,24.412499999999998,32.375,1009.9541666666668,992.6625,0.0,49.791666666666664,19.625,29.125,48.416666666666664,222.5,135.58333333333334,86.91666666666667,179.29583333333332,6.391666666666667,10.016666666666667,180.91666666666666,165.08333333333334,15.458333333333334,0.16749999999999998,0.41,22.854166666666668,22.820833333333336,23.629166666666666,24.100000000000005,0.44487499999999996,0.4470416666666667,0.44125,0.447
2022-01-22,le,26.5625,90.20833333333333,24.78333333333333,32.324999999999996,1010.2958333333332,993.0041666666666,0.0,76.20833333333333,16.791666666666668,59.958333333333336,93.33333333333333,99.04166666666667,29.791666666666668,69.25,39.42916666666667,5.383333333333333,9.1875,170.45833333333334,165.70833333333334,12.450000000000001,0.08541666666666665,0.35625,22.741666666666664,22.9875,23.59166666666667,24.100000000000005,0.4374166666666666,0.4410833333333333,0.440625,0.447
2022-01-23,le,27.670833333333334,87.04166666666667,25.15833333333333,34.34583333333333,1009.2458333333334,992.0375,0.0,58.416666666666664,12.291666666666666,37.375,83.0,236.91666666666666,162.95833333333334,73.95833333333333,218.3083333333333,4.6499999999999995,7.554166666666667,191.45833333333334,179.54166666666666,12.841666666666667,0.18625,0.53875,23.708333333333332,23.34166666666667,23.504166666666666,24.075000000000003,0.43454166666666666,0.43649999999999994,0.43875,0.447
2022-01-24,le,28.27916666666667,84.41666666666667,25.191666666666666,34.583333333333336,1008.0291666666667,990.8625000000001,0.0,43.041666666666664,11.416666666666666,12.625,84.04166666666667,286.1666666666667,225.125,61.041666666666664,300.28749999999997,6.716666666666666,10.804166666666667,198.70833333333334,193.54166666666666,17.9375,0.22458333333333333,0.6783333333333333,24.616666666666664,24.03333333333333,23.575000000000003,24.0,0.42316666666666664,0.42920833333333336,0.4355833333333334,0.447
2022-01-25,le,27.65416666666667,87.79166666666667,25.366666666666664,33.733333333333334,1008.2416666666667,991.0500000000001,0.0,55.333333333333336,19.208333333333332,18.25,90.20833333333333,238.91666666666666,159.375,79.54166666666667,218.88333333333333,8.204166666666667,13.25,176.04166666666666,172.79166666666666,19.604166666666668,0.18458333333333332,0.4875,24.520833333333332,24.34583333333333,23.712500000000002,24.0,0.4183333333333333,0.42112499999999997,0.43170833333333336,0.447
2022-01-26,le,27.204166666666666,89.58333333333333,25.275000000000002,32.65,1009.3375,992.0833333333334,0.0,66.91666666666667,27.458333333333332,24.666666666666668,91.625,182.125,80.20833333333333,101.91666666666667,109.93333333333334,8.15,12.995833333333332,154.29166666666666,152.125,18.541666666666668,0.13916666666666666,0.40166666666666667,24.041666666666668,24.15833333333333,23.8,24.0,0.415875,0.41691666666666666,0.42812500000000003,0.4464166666666667
2022-01-27,le,27.09166666666667,88.29166666666667,24.90833333333333,33.71666666666667,1009.8958333333334,992.6541666666667,0.0,74.70833333333333,35.333333333333336,22.541666666666668,97.79166666666667,229.625,142.04166666666666,87.58333333333333,185.13333333333333,6.691666666666666,10.970833333333333,174.33333333333334,159.70833333333334,16.587500000000002,0.17833333333333334,0.45416666666666666,23.900000000000002,23.958333333333332,23.816666666666666,24.0,0.4123333333333333,0.4122083333333333,0.42449999999999993,0.446
2022-01-28,le,27.208333333333332,86.375,24.59583333333333,33.3375,1010.35,993.0791666666668,0.0,46.666666666666664,8.208333333333334,19.916666666666668,90.79166666666667,246.41666666666666,164.58333333333334,81.83333333333333,219.49166666666667,5.179166666666666,7.991666666666667,178.33333333333334,167.95833333333334,13.845833333333333,0.18791666666666665,0.5420833333333334,23.879166666666666,23.870833333333334,23.84583333333333,24.0,0.4126666666666667,0.40920833333333334,0.42087499999999994,0.446
2022-01-29,le,27.65416666666667,85.5,24.8875,33.74583333333333,1010.2958333333332,993.0500000000001,0.0,64.29166666666667,29.625,13.916666666666666,98.79166666666667,209.375,103.41666666666667,105.95833333333333,136.7125,5.3374999999999995,8.058333333333334,177.75,156.45833333333334,12.079166666666666,0.16541666666666668,0.57875,24.175,23.925,23.870833333333334,24.0,0.40404166666666663,0.40629166666666666,0.4172916666666666,0.445
2022-01-30,le,27.666666666666668,87.45833333333333,25.258333333333336,33.324999999999996,1010.1333333333333,992.8625000000001,0.0,56.208333333333336,17.833333333333332,17.708333333333332,98.66666666666667,197.79166666666666,76.25,121.54166666666667,100.89166666666667,4.904166666666667,6.929166666666667,198.125,182.95833333333334,12.025,0.15333333333333335,0.5145833333333333,24.370833333333334,24.229166666666668,23.899999999999995,24.0,0.3959166666666667,0.3997916666666667,0.41354166666666664,0.445
2022-01-31,le,27.204166666666666,89.08333333333333,25.170833333333334,33.166666666666664,1009.8708333333334,992.6083333333332,0.0,70.16666666666667,24.875,31.416666666666668,99.66666666666667,158.33333333333334,60.791666666666664,97.54166666666667,73.1375,6.595833333333334,10.004166666666666,156.41666666666666,153.16666666666666,13.516666666666666,0.12583333333333332,0.42416666666666664,24.075,24.120833333333334,23.933333333333334,24.0,0.403,0.39675,0.4101666666666666,0.44416666666666665
2022-02-01,le,27.245833333333334,89.25,25.166666666666668,33.762499999999996,1009.3958333333334,992.1416666666668,0.0,74.08333333333333,22.083333333333332,41.291666666666664,99.0,248.16666666666666,159.375,88.79166666666667,198.89166666666665,5.1125,7.7625,145.0,144.375,12.558333333333332,0.18833333333333335,0.44125,24.433333333333334,24.212500000000002,24.0,24.0,0.41133333333333333,0.39820833333333333,0.40687500000000004,0.444
2022-02-02,le,26.733333333333334,92.29166666666667,25.316666666666666,33.38333333333333,1010.6291666666666,993.3458333333333,0.0,73.33333333333333,36.125,37.125,86.70833333333333,185.625,94.70833333333333,90.91666666666667,134.1625,3.8958333333333335,10.429166666666667,284.0,144.45833333333334,12.016666666666666,0.14083333333333334,0.29083333333333333,23.704166666666666,24.037499999999998,24.0,24.0,0.4170416666666667,0.4074166666666667,0.4044166666666667,0.443125
2022-02-03,le,27.1125,87.95833333333333,24.883333333333336,33.458333333333336,1009.975,992.7041666666668,0.0,84.83333333333333,28.166666666666668,65.16666666666667,91.58333333333333,183.41666666666666,82.83333333333333,100.58333333333333,116.07083333333333,4.358333333333333,6.795833333333333,232.25,130.625,10.7125,0.14166666666666666,0.45166666666666666,23.5125,23.666666666666668,24.0,24.0,0.418,0.414,0.40279166666666666,0.443
2022-02-04,le,27.22083333333333,89.66666666666667,25.333333333333332,33.166666666666664,1008.9416666666666,991.6666666666666,0.0,81.16666666666667,14.666666666666666,69.33333333333333,91.33333333333333,165.29166666666666,77.25,88.04166666666667,96.49166666666667,4.866666666666666,7.629166666666666,170.5,155.95833333333334,10.208333333333334,0.12708333333333333,0.3925,23.65416666666667,23.7,23.924999999999997,24.0,0.42120833333333335,0.42004166666666665,0.4027083333333334,0.4422083333333333
2022-02-05,le,26.55,92.54166666666667,25.175,31.804166666666664,1009.2583333333333,991.9208333333332,0.0,92.79166666666667,34.25,85.125,98.83333333333333,122.20833333333333,41.916666666666664,80.29166666666667,50.44166666666666,5.220833333333333,9.129166666666666,172.83333333333334,170.66666666666666,15.108333333333334,0.09208333333333334,0.2816666666666667,23.379166666666666,23.6375,23.899999999999995,24.0,0.4335,0.43133333333333335,0.4072916666666666,0.442
2022-02-06,le,26.545833333333334,93.0,25.27916666666667,32.0875,1008.8874999999999,991.6083333333332,0.0,84.04166666666667,35.125,38.875,98.54166666666667,191.95833333333334,104.79166666666667,87.16666666666667,135.80416666666667,7.808333333333334,12.9375,164.125,159.125,24.108333333333334,0.14458333333333334,0.2604166666666667,23.275000000000002,23.400000000000002,23.837500000000002,24.0,0.43895833333333334,0.44016666666666665,0.4115,0.441625
2022-02-07,le,26.47083333333333,89.95833333333333,24.645833333333332,32.4625,1009.4541666666668,992.1583333333333,0.0,79.70833333333333,40.791666666666664,46.916666666666664,96.58333333333333,160.16666666666666,51.416666666666664,108.75,65.16666666666667,5.670833333333333,9.175,181.25,152.375,15.154166666666667,0.1225,0.35958333333333337,23.21666666666667,23.395833333333332,23.8,24.0,0.4295,0.4339166666666667,0.41691666666666666,0.441
2022-02-08,le,26.866666666666664,89.125,24.912499999999998,32.52916666666667,1010.3333333333334,993.0124999999999,0.0,80.41666666666667,44.166666666666664,39.166666666666664,82.0,175.25,78.5,96.75,100.77083333333333,3.970833333333333,6.466666666666666,183.5,141.91666666666666,16.05,0.12583333333333332,0.39166666666666666,23.325,23.379166666666666,23.7375,24.0,0.42804166666666665,0.427125,0.417,0.441
2022-02-09,le,27.108333333333334,87.125,24.679166666666664,32.80833333333333,1009.9791666666666,992.6999999999999,0.0,70.75,10.375,54.125,97.79166666666667,229.45833333333334,137.58333333333334,91.875,172.8083333333333,5.895833333333333,9.579166666666667,192.79166666666666,174.0,16.733333333333334,0.17333333333333334,0.49541666666666667,23.59583333333333,23.525000000000002,23.7,24.0,0.4362916666666667,0.43354166666666666,0.41766666666666663,0.441
2022-02-10,le,27.266666666666666,86.33333333333333,24.683333333333334,31.45,1008.7083333333334,991.4208333333332,0.0,80.625,4.333333333333333,78.83333333333333,99.66666666666667,180.5,111.45833333333333,69.04166666666667,142.51250000000002,8.674999999999999,14.700000000000001,169.0,166.66666666666666,20.625,0.14208333333333334,0.5258333333333334,23.633333333333336,23.650000000000002,23.7,24.0,0.4258333333333333,0.43733333333333335,0.425875,0.441
2022-02-11,le,27.354166666666668,82.375,23.979166666666668,32.6625,1008.3708333333334,991.1374999999999,0.0,69.54166666666667,11.166666666666666,49.916666666666664,99.08333333333333,205.0,100.41666666666667,104.58333333333333,131.81666666666666,7.004166666666666,11.229166666666666,172.95833333333334,157.75,15.383333333333333,0.16083333333333333,0.6758333333333333,23.558333333333334,23.537499999999998,23.7,24.0,0.4137916666666666,0.42354166666666665,0.4251666666666667,0.441
2022-02-12,le,27.224999999999998,89.29166666666667,25.22083333333333,32.75833333333333,1007.5291666666667,990.2791666666667,0.0,61.041666666666664,13.458333333333334,31.5,99.79166666666667,172.20833333333334,56.125,116.08333333333333,72.39999999999999,5.5375000000000005,9.216666666666667,180.125,160.83333333333334,15.5625,0.13208333333333333,0.41375,23.516666666666666,23.6125,23.7,24.0,0.41091666666666665,0.41491666666666666,0.4230833333333333,0.4400833333333333
2022-02-13,le,26.979166666666668,89.95833333333333,25.150000000000002,32.791666666666664,1007.375,990.1291666666666,0.0,70.08333333333333,7.333333333333333,56.416666666666664,99.375,188.625,100.20833333333333,88.41666666666667,121.29583333333333,3.8708333333333336,5.9624999999999995,196.04166666666666,174.75,13.066666666666668,0.14125000000000001,0.375,23.454166666666666,23.558333333333334,23.7,24.0,0.43845833333333334,0.42533333333333334,0.4214166666666666,0.44
2022-02-14,le,27.041666666666668,88.5,24.854166666666668,32.63333333333333,1008.7333333333332,991.4458333333333,0.0,80.70833333333333,32.25,56.291666666666664,85.83333333333333,197.75,98.91666666666667,98.83333333333333,122.425,4.7250000000000005,7.595833333333334,238.375,220.79166666666666,12.841666666666667,0.1475,0.45416666666666666,23.566666666666666,23.504166666666666,23.7,24.0,0.43625,0.438,0.422,0.44
2022-02-15,le,27.6125,86.5,25.05,33.975,1008.7624999999999,991.5333333333333,0.0,68.33333333333333,4.208333333333333,65.83333333333333,83.20833333333333,223.625,140.95833333333334,82.66666666666667,169.08333333333334,3.641666666666667,5.925,196.83333333333334,195.875,11.65,0.17166666666666666,0.5399999999999999,23.929166666666664,23.741666666666664,23.7,24.0,0.444375,0.44329166666666664,0.4254166666666666,0.44
2022-02-16,le,27.400000000000002,88.83333333333333,25.28333333333333,33.675000000000004,1007.2583333333333,990.0500000000001,0.0,57.458333333333336,25.083333333333332,40.333333333333336,62.833333333333336,245.375,178.70833333333334,66.66666666666667,232.02916666666667,4.016666666666667,5.745833333333334,186.79166666666666,179.41666666666666,10.862499999999999,0.18625,0.4466666666666667,24.354166666666668,24.108333333333334,23.733333333333334,24.0,0.44675,0.44895833333333335,0.4370833333333333,0.4409166666666667
2022-02-17,le,26.833333333333332,91.91666666666667,25.375,33.012499999999996,1007.85,990.5916666666667,0.0,85.125,46.958333333333336,51.583333333333336,78.33333333333333,220.33333333333334,130.5,89.83333333333333,174.9,4.008333333333334,5.9125000000000005,135.70833333333334,152.625,13.116666666666667,0.16375,0.3016666666666667,23.912499999999998,24.0125,23.8,23.941666666666666,0.4378333333333333,0.4415833333333334,0.44745833333333335,0.4451666666666667
2022-02-18,le,26.508333333333336,92.75,25.2,32.525,1009.5500000000001,992.2333333333332,0.0,76.29166666666667,15.375,70.625,98.54166666666667,121.45833333333333,24.875,96.58333333333333,33.1375,4.308333333333334,6.441666666666666,212.08333333333334,185.08333333333334,9.145833333333334,0.09250000000000001,0.26916666666666667,23.0125,23.53333333333333,23.8,23.899999999999995,0.4387083333333333,0.4414166666666666,0.44979166666666665,0.44716666666666666
2022-02-19,le,26.916666666666668,88.83333333333333,24.825,33.362500000000004,1010.25,992.9541666666668,0.0,63.916666666666664,28.458333333333332,39.375,52.5,252.58333333333334,183.95833333333334,68.625,236.8083333333333,3.4958333333333336,4.675,178.66666666666666,162.08333333333334,10.616666666666667,0.18458333333333332,0.4320833333333333,23.708333333333332,23.454166666666666,23.754166666666666,23.899999999999995,0.4344166666666667,0.43087499999999995,0.4439583333333333,0.448
2022-02-20,le,27.633333333333336,87.75,25.254166666666666,33.854166666666664,1010.4250000000001,993.1374999999999,0.0,81.83333333333333,18.291666666666668,70.70833333333333,97.08333333333333,227.83333333333334,122.83333333333333,105.0,158.79583333333332,3.8000000000000003,5.2625,185.25,181.08333333333334,11.229166666666666,0.17041666666666666,0.5029166666666667,24.09166666666667,23.895833333333332,23.770833333333332,23.899999999999995,0.44212500000000005,0.434,0.4378333333333333,0.448
2022-02-21,le,27.641666666666666,86.70833333333333,25.079166666666666,33.67916666666667,1009.9916666666667,992.7416666666667,0.0,58.041666666666664,5.916666666666667,38.875,98.29166666666667,214.58333333333334,107.125,107.45833333333333,123.92916666666667,4.370833333333334,6.575,198.5,169.75,11.370833333333332,0.16708333333333333,0.5395833333333333,24.083333333333332,23.991666666666664,23.8,23.899999999999995,0.4315,0.43170833333333336,0.43324999999999997,0.448
2022-02-22,le,27.745833333333334,85.79166666666667,24.974999999999998,33.583333333333336,1010.5416666666666,993.2833333333333,0.0,48.375,12.958333333333334,13.541666666666666,97.25,255.625,176.58333333333334,79.04166666666667,216.80416666666667,5.366666666666666,8.1875,196.95833333333334,153.625,14.049999999999999,0.19791666666666666,0.5929166666666666,24.53333333333333,24.191666666666666,23.829166666666666,23.899999999999995,0.4267916666666667,0.425625,0.4290416666666667,0.447875
2022-02-23,le,27.3875,86.83333333333333,24.858333333333334,33.016666666666666,1011.0416666666666,993.75,0.0,80.54166666666667,26.125,52.75,93.58333333333333,185.66666666666666,92.5,93.16666666666667,131.56666666666666,5.395833333333333,8.299999999999999,197.41666666666666,158.79166666666666,14.737499999999999,0.145,0.5275,24.108333333333334,24.22083333333333,23.899999999999995,23.899999999999995,0.4306666666666667,0.4307083333333333,0.4255,0.447
2022-02-24,le,27.729166666666668,84.41666666666667,24.679166666666664,32.762499999999996,1011.0,993.7375000000001,0.0,68.83333333333333,0.7083333333333334,64.41666666666667,98.16666666666667,185.25,71.04166666666667,114.20833333333333,82.85416666666667,6.6625000000000005,11.820833333333333,185.0,180.5,13.908333333333333,0.15333333333333335,0.64,24.045833333333334,24.0,23.899999999999995,23.899999999999995,0.4250833333333333,0.4355833333333334,0.4247916666666667,0.447
2022-02-25,le,26.616666666666664,89.08333333333333,24.6125,32.24583333333333,1010.7375000000001,993.4625,0.0,71.33333333333333,5.583333333333333,62.208333333333336,98.79166666666667,170.04166666666666,84.125,85.91666666666667,110.55833333333334,6.954166666666667,10.729166666666666,195.375,186.20833333333334,14.004166666666668,0.13583333333333333,0.39958333333333335,23.191666666666666,23.670833333333334,23.899999999999995,23.899999999999995,0.4325833333333333,0.4323333333333333,0.4224583333333333,0.44604166666666667
2022-02-26,le,26.729166666666668,87.58333333333333,24.40833333333333,32.69166666666667,1010.1916666666666,992.9041666666667,0.0,52.958333333333336,6.625,43.166666666666664,71.41666666666667,224.95833333333334,151.125,73.83333333333333,190.3791666666667,6.7875000000000005,11.012500000000001,189.70833333333334,183.625,17.954166666666666,0.17041666666666666,0.46625,23.53333333333333,23.583333333333332,23.899999999999995,23.899999999999995,0.4419166666666667,0.44875,0.4275,0.446
2022-02-27,le,26.554166666666664,87.66666666666667,24.258333333333336,31.754166666666666,1009.9375,992.625,0.0,53.666666666666664,13.75,26.458333333333332,88.25,219.29166666666666,146.66666666666666,72.625,181.72083333333333,8.112499999999999,13.387500000000001,178.5,172.45833333333334,20.60833333333333,0.15875,0.45875,22.995833333333334,23.325,23.816666666666666,23.899999999999995,0.43120833333333336,0.4379583333333333,0.43354166666666666,0.446
2022-02-28,le,26.791666666666668,90.25,25.016666666666666,32.43333333333333,1009.4375,992.1666666666666,0.0,60.833333333333336,19.333333333333332,25.458333333333332,94.375,209.25,109.08333333333333,100.16666666666667,138.70416666666668,8.395833333333334,13.8375,176.66666666666666,171.875,21.320833333333333,0.15541666666666668,0.36375,23.104166666666668,23.224999999999998,23.733333333333334,23.899999999999995,0.43212500000000004,0.43720833333333337,0.431625,0.446
2022-03-01,le,26.854166666666668,90.45833333333333,25.133333333333336,32.13333333333333,1009.5625,992.2583333333333,0.0,60.5,7.666666666666667,40.083333333333336,98.41666666666667,186.95833333333334,89.875,97.08333333333333,109.80833333333334,7.816666666666666,13.662500000000001,191.20833333333334,187.54166666666666,19.525000000000002,0.14041666666666666,0.3595833333333333,23.204166666666666,23.291666666666668,23.7,23.899999999999995,0.43245833333333333,0.44204166666666667,0.43216666666666664,0.446
2022-03-02,le,27.375,86.5,24.787499999999998,32.68333333333333,1009.0583333333334,991.8125,0.0,50.916666666666664,10.791666666666666,24.375,88.45833333333333,245.83333333333334,179.375,66.45833333333333,239.86666666666667,9.204166666666667,14.683333333333332,191.66666666666666,186.33333333333334,19.804166666666667,0.18625,0.5416666666666666,23.883333333333336,23.579166666666666,23.670833333333334,23.899999999999995,0.4225833333333333,0.43775000000000003,0.4370833333333333,0.446
2022-03-03,le,27.233333333333334,89.79166666666667,25.3125,33.47083333333333,1009.0166666666668,991.7875,0.0,55.041666666666664,15.5,30.166666666666668,76.54166666666667,229.83333333333334,152.79166666666666,77.04166666666667,205.58333333333334,6.4125000000000005,10.9125,170.04166666666666,170.04166666666666,15.879166666666668,0.17625000000000002,0.4033333333333333,24.079166666666666,23.916666666666668,23.7,23.899999999999995,0.428,0.4349166666666667,0.43450000000000005,0.446
2022-03-04,le,27.316666666666666,90.45833333333333,25.525000000000002,33.9,1010.0500000000001,992.8125,0.0,70.66666666666667,9.666666666666666,53.916666666666664,98.16666666666667,164.70833333333334,65.875,98.83333333333333,87.38333333333333,3.4375,5.654166666666666,165.5,155.375,11.791666666666666,0.13041666666666665,0.3770833333333334,23.71666666666667,23.8625,23.72083333333333,23.899999999999995,0.43775000000000003,0.44025000000000003,0.43354166666666666,0.446
2022-03-05,le,27.295833333333334,89.125,25.3,32.97083333333333,1009.75,992.4708333333333,0.0,68.29166666666667,3.1666666666666665,60.791666666666664,96.41666666666667,176.375,75.95833333333333,100.41666666666667,100.33749999999999,3.775,5.841666666666666,238.04166666666666,236.16666666666666,12.595833333333333,0.13375,0.42041666666666666,23.65833333333333,23.7,23.75,23.899999999999995,0.44087499999999996,0.4450416666666667,0.435,0.446
2022-03-06,le,27.22083333333333,89.66666666666667,25.304166666666664,33.00416666666667,1009.2583333333333,991.9916666666667,0.0,76.83333333333333,27.375,60.625,91.25,168.875,91.75,77.125,103.91250000000001,5.0249999999999995,7.5625,202.20833333333334,193.79166666666666,13.541666666666666,0.13083333333333333,0.4058333333333333,23.641666666666666,23.670833333333334,23.741666666666664,23.899999999999995,0.437875,0.4467083333333333,0.44025000000000003,0.446
2022-03-07,le,27.670833333333334,89.29166666666667,25.683333333333334,33.49166666666667,1009.2083333333334,991.9666666666667,0.0,80.66666666666667,7.0,75.58333333333333,99.58333333333333,157.04166666666666,48.75,108.29166666666667,59.84583333333333,3.9333333333333336,6.658333333333334,219.875,213.75,11.466666666666667,0.125,0.4266666666666667,23.7625,23.733333333333334,23.745833333333334,23.899999999999995,0.44025000000000003,0.44804166666666667,0.44383333333333336,0.44650000000000006
2022-03-08,le,27.204166666666666,90.45833333333333,25.441666666666666,33.37916666666667,1008.5124999999999,991.2624999999999,0.0,52.125,6.25,41.75,71.54166666666667,172.25,76.25,96.0,100.87916666666666,3.8833333333333333,5.683333333333334,221.95833333333334,185.375,8.9375,0.13416666666666666,0.36874999999999997,23.587500000000002,23.666666666666668,23.75,23.899999999999995,0.4363333333333333,0.447375,0.44779166666666664,0.447
2022-03-09,le,27.229166666666668,91.375,25.666666666666668,33.550000000000004,1008.5583333333334,991.2791666666667,0.0,76.95833333333333,37.708333333333336,38.708333333333336,86.20833333333333,212.08333333333334,129.04166666666666,83.04166666666667,179.39583333333334,3.4458333333333333,4.570833333333334,154.625,164.16666666666666,10.75,0.1575,0.3329166666666667,23.829166666666666,23.733333333333334,23.733333333333334,23.899999999999995,0.43604166666666666,0.44729166666666664,0.45050000000000007,0.4479583333333333
2022-03-10,le,27.349999999999998,91.41666666666667,25.72083333333333,33.958333333333336,1008.15,990.9208333333332,0.0,64.83333333333333,27.083333333333332,26.083333333333332,85.29166666666667,233.25,166.66666666666666,66.58333333333333,215.13750000000002,4.4125000000000005,6.4750000000000005,235.45833333333334,238.375,11.579166666666666,0.17541666666666667,0.3516666666666666,24.208333333333332,24.020833333333332,23.77916666666667,23.899999999999995,0.4367083333333333,0.444625,0.454625,0.44908333333333333
2022-03-11,le,26.71666666666667,93.75,25.587500000000002,33.1,1007.4166666666666,990.1916666666666,0.0,72.5,25.625,42.833333333333336,90.875,139.29166666666666,59.208333333333336,80.08333333333333,78.96666666666667,5.279166666666667,8.245833333333334,198.5,197.75,12.558333333333332,0.11458333333333333,0.23166666666666666,23.329166666666666,23.733333333333334,23.8,23.899999999999995,0.4467083333333333,0.4452083333333334,0.45941666666666664,0.4535833333333334
2022-03-12,le,27.058333333333334,91.91666666666667,25.583333333333332,33.199999999999996,1006.8833333333333,989.6666666666666,0.0,65.5,15.875,40.083333333333336,95.375,173.125,87.70833333333333,85.41666666666667,116.89583333333333,6.233333333333333,10.375,182.58333333333334,174.66666666666666,18.037499999999998,0.1325,0.31083333333333335,23.391666666666666,23.4875,23.8,23.899999999999995,0.43920833333333337,0.442375,0.4559583333333333,0.456625
2022-03-13,le,27.575,88.66666666666667,25.4375,33.71666666666667,1007.7541666666666,990.5166666666668,0.0,62.708333333333336,30.833333333333332,22.458333333333332,72.04166666666667,230.54166666666666,156.625,73.91666666666667,206.71666666666667,4.7625,7.183333333333334,183.625,170.5,15.091666666666667,0.17166666666666666,0.4558333333333333,24.22083333333333,23.804166666666664,23.745833333333334,23.899999999999995,0.43754166666666666,0.4450416666666667,0.453625,0.457
2022-03-14,le,27.808333333333334,90.70833333333333,26.070833333333336,34.420833333333334,1008.2208333333333,990.9958333333334,0.0,71.16666666666667,42.666666666666664,15.791666666666666,87.79166666666667,220.08333333333334,136.91666666666666,83.16666666666667,174.3125,3.920833333333333,5.633333333333333,212.95833333333334,206.5,10.408333333333333,0.165,0.38375000000000004,24.5625,24.25,23.808333333333334,23.899999999999995,0.43287499999999995,0.4418333333333333,0.45504166666666673,0.4569166666666667
2022-03-15,le,26.8875,93.5,25.712500000000002,33.395833333333336,1008.0041666666666,990.7583333333333,0.0,78.79166666666667,23.458333333333332,67.95833333333333,97.625,116.125,39.75,76.375,50.90833333333333,2.783333333333333,4.2124999999999995,218.66666666666666,222.125,9.304166666666667,0.09083333333333334,0.24458333333333335,23.258333333333336,23.849999999999998,23.899999999999995,23.899999999999995,0.4439166666666667,0.4419583333333333,0.45575000000000004,0.45941666666666664
2022-03-16,le,27.541666666666668,90.375,25.729166666666668,34.3125,1007.775,990.5791666666668,0.0,57.291666666666664,29.083333333333332,17.5,69.75,255.95833333333334,190.66666666666666,65.29166666666667,245.52083333333334,4.754166666666666,6.279166666666666,202.58333333333334,187.375,11.866666666666667,0.19125,0.38875,24.270833333333332,23.837500000000002,23.816666666666666,23.899999999999995,0.4306666666666667,0.443125,0.43745833333333334,0.46070833333333333
2022-03-17,le,27.866666666666664,89.79166666666667,25.95,35.137499999999996,1007.7291666666666,990.5458333333332,0.0,42.041666666666664,19.666666666666668,16.958333333333332,50.458333333333336,248.0,177.25,70.75,243.95416666666665,4.295833333333333,5.066666666666667,168.95833333333334,165.75,11.466666666666667,0.18291666666666664,0.42083333333333334,24.395833333333332,24.183333333333334,23.870833333333334,23.899999999999995,0.43729166666666663,0.44716666666666666,0.4310416666666667,0.4595
2022-03-18,le,27.895833333333332,90.33333333333333,26.1125,34.78333333333333,1007.8249999999999,990.6291666666666,0.0,61.791666666666664,15.0,36.5,87.91666666666667,242.08333333333334,173.375,68.70833333333333,226.04999999999998,3.5500000000000003,5.183333333333333,216.04166666666666,196.79166666666666,10.758333333333333,0.18208333333333335,0.39208333333333334,24.679166666666664,24.433333333333334,23.924999999999997,23.899999999999995,0.44054166666666666,0.4475,0.4347916666666667,0.45845833333333336
2022-03-19,le,27.825,88.16666666666667,25.583333333333332,34.854166666666664,1007.65,990.4791666666666,0.0,47.416666666666664,9.208333333333334,17.875,94.33333333333333,249.33333333333334,174.125,75.20833333333333,220.78333333333333,5.4125000000000005,7.679166666666667,223.66666666666666,214.08333333333334,13.995833333333332,0.19208333333333336,0.4870833333333333,24.59166666666667,24.4375,24.0,23.899999999999995,0.4343333333333333,0.44612500000000005,0.44408333333333333,0.458
2022-03-20,le,27.829166666666666,87.45833333333333,25.495833333333334,34.766666666666666,1008.4958333333334,991.3291666666668,0.0,39.833333333333336,4.791666666666667,9.75,98.45833333333333,203.375,94.29166666666667,109.08333333333333,114.47083333333332,4.683333333333334,7.770833333333333,229.83333333333334,229.16666666666666,12.608333333333334,0.16291666666666668,0.4991666666666667,24.429166666666664,24.391666666666666,24.03333333333333,23.899999999999995,0.42766666666666664,0.4423333333333333,0.442375,0.4575833333333334
2022-03-21,le,27.8875,85.29166666666667,25.099999999999998,34.2625,1009.5124999999999,992.3166666666666,0.0,44.5,6.875,17.208333333333332,93.33333333333333,246.54166666666666,152.625,93.91666666666667,193.70000000000002,6.208333333333333,10.570833333333333,211.20833333333334,208.08333333333334,17.241666666666667,0.19208333333333336,0.5883333333333333,24.379166666666666,24.34583333333333,24.100000000000005,23.899999999999995,0.42595833333333327,0.4387083333333333,0.43816666666666665,0.457
2022-03-22,le,27.2375,88.25,25.037499999999998,34.05416666666667,1009.9875000000001,992.75,0.0,48.708333333333336,12.166666666666666,15.25,95.16666666666667,197.95833333333334,90.66666666666667,107.29166666666667,123.27083333333333,4.0874999999999995,6.070833333333333,210.5,188.125,13.5,0.1525,0.4575,23.941666666666666,24.150000000000002,24.100000000000005,23.899999999999995,0.43025,0.43120833333333336,0.4307083333333333,0.4563333333333333
2022-03-23,le,27.141666666666666,89.875,25.25,33.59166666666667,1009.8833333333333,992.6333333333333,0.0,43.541666666666664,7.833333333333333,17.916666666666668,85.83333333333333,232.66666666666666,153.375,79.29166666666667,182.09583333333333,6.2,10.029166666666667,179.54166666666666,168.79166666666666,14.495833333333332,0.1708333333333333,0.39458333333333334,23.829166666666666,23.900000000000002,24.100000000000005,23.899999999999995,0.43812500000000004,0.44120833333333337,0.427125,0.4555833333333334
2022-03-24,le,27.670833333333334,86.83333333333333,25.162499999999998,34.4625,1009.3958333333334,992.1875,0.0,58.0,23.791666666666668,12.5,96.83333333333333,255.625,180.0,75.625,232.5666666666667,5.108333333333333,7.129166666666666,176.70833333333334,166.125,10.683333333333332,0.1975,0.53,24.329166666666666,24.09583333333333,24.05,23.899999999999995,0.417375,0.43254166666666666,0.42687499999999995,0.455
2022-03-25,le,27.97083333333333,87.08333333333333,25.46666666666667,35.166666666666664,1010.5333333333333,993.3041666666667,0.0,57.541666666666664,21.458333333333332,19.5,88.5,244.54166666666666,169.04166666666666,75.5,213.10416666666666,3.7125000000000004,4.241666666666666,183.41666666666666,152.54166666666666,10.1875,0.18625,0.54,24.745833333333334,24.458333333333332,24.100000000000005,23.899999999999995,0.4126666666666667,0.4215,0.4214166666666666,0.454
2022-03-26,le,27.59583333333333,91.83333333333333,26.125,33.34583333333333,1011.2833333333333,993.975,0.0,54.458333333333336,19.041666666666668,33.041666666666664,58.083333333333336,219.04166666666666,154.95833333333334,64.08333333333333,206.32083333333333,4.3999999999999995,5.754166666666666,193.79166666666666,192.91666666666666,12.1875,0.1575,0.3204166666666667,24.416666666666668,24.4875,24.11666666666667,23.899999999999995,0.422375,0.4210416666666667,0.416,0.45329166666666665
2022-03-27,le,27.579166666666666,86.79166666666667,25.054166666666664,33.87916666666667,1010.6666666666666,993.4125,0.0,64.58333333333333,28.416666666666668,53.75,46.333333333333336,229.5,156.33333333333334,73.16666666666667,207.6625,4.933333333333334,7.283333333333334,181.91666666666666,169.625,11.9125,0.17666666666666667,0.5291666666666667,24.270833333333332,24.258333333333336,24.145833333333332,23.899999999999995,0.4310416666666667,0.4307916666666667,0.41279166666666667,0.4525416666666667
2022-03-28,le,27.629166666666666,87.45833333333333,25.25,33.516666666666666,1010.0458333333332,992.8125,0.0,53.916666666666664,19.833333333333332,30.833333333333332,79.79166666666667,234.375,166.70833333333334,67.66666666666667,219.16666666666666,6.204166666666667,9.554166666666667,177.875,172.375,12.970833333333333,0.1775,0.4995833333333333,24.241666666666664,24.224999999999998,24.145833333333332,23.899999999999995,0.4270416666666667,0.4263333333333333,0.4095,0.45175000000000004
2022-03-29,le,27.875,84.41666666666667,24.829166666666666,34.84166666666667,1009.6083333333332,992.4041666666667,0.0,53.875,24.916666666666668,11.125,86.45833333333333,258.1666666666667,172.66666666666666,85.5,232.90833333333333,4.279166666666667,5.929166666666667,182.33333333333334,158.29166666666666,11.145833333333334,0.19833333333333333,0.6441666666666667,24.3125,24.191666666666666,24.129166666666666,23.899999999999995,0.4094583333333333,0.4175,0.40570833333333334,0.451
2022-03-30,le,28.21666666666667,83.83333333333333,25.070833333333336,35.475,1009.6958333333333,992.5208333333334,0.0,48.583333333333336,29.708333333333332,21.5,29.708333333333332,255.33333333333334,197.5,57.833333333333336,256.75,4.420833333333333,6.133333333333333,220.20833333333334,166.66666666666666,10.033333333333333,0.19666666666666666,0.6704166666666667,24.59583333333333,24.412499999999998,24.15416666666667,23.899999999999995,0.3995416666666667,0.40770833333333334,0.40137500000000004,0.45
2022-03-31,le,27.629166666666666,84.70833333333333,24.666666666666668,34.75,1010.1875,992.9708333333333,0.0,33.125,12.875,16.375,38.875,255.16666666666666,195.25,59.916666666666664,259.3833333333333,3.9625,4.8999999999999995,185.83333333333334,177.33333333333334,9.975,0.19333333333333333,0.6204166666666666,24.5625,24.479166666666668,24.2,23.899999999999995,0.39454166666666673,0.40025,0.39716666666666667,0.4491666666666667
2022-04-01,le,27.6875,85.75,24.945833333333336,34.1875,1010.6791666666667,993.4166666666666,0.0,66.58333333333333,5.25,62.583333333333336,80.875,224.91666666666666,138.58333333333334,86.33333333333333,175.6833333333333,3.4250000000000003,5.533333333333334,228.83333333333334,229.45833333333334,10.133333333333333,0.17125,0.5733333333333334,24.308333333333334,24.3875,24.2,23.899999999999995,0.4115416666666667,0.3981666666666667,0.3934166666666667,0.448375
2022-04-02,le,27.44782608695652,88.65217391304348,25.339130434782607,34.95652173913044,1010.4434782608696,993.2260869565217,0.0,50.26086956521739,16.130434782608695,32.95652173913044,56.391304347826086,259.9130434782609,200.69565217391303,59.21739130434783,261.3695652173913,3.2217391304347824,3.652173913043478,205.3913043478261,207.6086956521739,11.039130434782608,0.19391304347826085,0.44956521739130434,24.38695652173913,24.313043478260873,24.2,23.9,0.42021739130434776,0.402,0.39026086956521744,0.4475217391304348
2022-04-03,le,26.8625,90.75,25.15833333333333,33.458333333333336,1010.6916666666666,993.4,0.0,83.58333333333333,12.958333333333334,77.83333333333333,85.95833333333333,160.45833333333334,85.0,75.45833333333333,105.90416666666665,3.4375,4.541666666666667,240.45833333333334,240.16666666666666,10.916666666666666,0.12458333333333334,0.35041666666666665,23.566666666666666,23.979166666666668,24.2,23.916666666666668,0.4407083333333333,0.42124999999999996,0.38879166666666665,0.4467916666666667
2022-04-04,le,27.40833333333333,89.45833333333333,25.412499999999998,34.17916666666667,1010.9666666666667,993.6999999999999,0.0,50.791666666666664,10.333333333333334,39.458333333333336,59.166666666666664,206.625,124.125,82.5,164.12916666666666,3.8041666666666667,5.404166666666666,225.20833333333334,231.95833333333334,11.875,0.15833333333333333,0.42500000000000004,24.2,23.979166666666668,24.125,24.0,0.4410833333333333,0.44179166666666664,0.39641666666666664,0.446
2022-04-05,le,27.241666666666664,90.08333333333333,25.395833333333332,33.37916666666667,1011.725,994.4250000000001,0.0,46.208333333333336,8.041666666666666,28.916666666666668,71.875,228.29166666666666,162.16666666666666,66.125,221.95000000000002,4.5375000000000005,6.5375000000000005,214.875,220.375,11.429166666666667,0.17041666666666666,0.39375,24.27916666666667,24.233333333333334,24.104166666666668,24.0,0.434,0.4458333333333333,0.416125,0.44545833333333335
2022-04-06,le,27.59166666666667,87.41666666666667,25.224999999999998,33.87916666666667,1011.1708333333332,993.9083333333333,0.0,44.416666666666664,6.791666666666667,30.208333333333332,66.875,233.54166666666666,169.66666666666666,63.875,224.76666666666665,3.35,4.7124999999999995,191.875,207.79166666666666,10.737499999999999,0.17875,0.5033333333333333,24.40416666666667,24.28333333333333,24.129166666666666,24.0,0.434,0.4459583333333333,0.4374166666666666,0.44575000000000004
2022-04-07,le,27.7375,81.70833333333333,24.099999999999998,34.525,1010.5875,993.3541666666666,0.0,44.208333333333336,7.708333333333333,17.916666666666668,88.08333333333333,264.0833333333333,200.29166666666666,63.791666666666664,268.44166666666666,4.020833333333333,5.183333333333333,180.79166666666666,176.5,10.504166666666666,0.19958333333333333,0.7575,24.604166666666668,24.395833333333332,24.15833333333333,24.0,0.4286666666666667,0.43804166666666666,0.439125,0.446
2022-04-08,le,27.445833333333336,85.25,24.587500000000002,33.762499999999996,1010.2083333333334,992.9499999999999,0.0,54.291666666666664,8.166666666666666,42.708333333333336,70.75,204.41666666666666,135.75,68.66666666666667,182.77916666666667,3.4583333333333335,5.491666666666667,232.75,231.83333333333334,10.404166666666667,0.15625,0.5908333333333333,24.224999999999998,24.358333333333334,24.2,24.0,0.4251666666666667,0.43166666666666664,0.43616666666666665,0.446
2022-04-09,le,27.258333333333336,87.79166666666667,24.962500000000002,33.875,1009.8458333333333,992.6,0.0,63.041666666666664,9.541666666666666,41.666666666666664,97.75,214.41666666666666,123.79166666666667,90.625,159.4,3.7375000000000003,5.479166666666667,198.125,203.83333333333334,9.6375,0.16375,0.4795833333333333,24.28333333333333,24.266666666666666,24.2,24.0,0.4402916666666667,0.44475,0.4382916666666667,0.446
2022-04-10,le,27.016666666666666,91.41666666666667,25.458333333333332,33.795833333333334,1010.1666666666666,992.9041666666667,0.0,58.708333333333336,6.083333333333333,43.5,90.66666666666667,182.375,89.125,93.25,119.04166666666667,3.5833333333333335,5.2,220.08333333333334,225.16666666666666,8.416666666666666,0.13958333333333334,0.3225,23.775000000000002,24.025000000000002,24.2,24.0,0.44095833333333334,0.44366666666666665,0.4450416666666667,0.44754166666666667
2022-04-11,le,27.0,91.5,25.445833333333336,34.237500000000004,1009.8625000000001,992.6041666666666,0.0,61.708333333333336,34.416666666666664,24.041666666666668,54.208333333333336,225.875,151.5,74.375,207.95416666666665,3.8375,4.529166666666667,194.91666666666666,216.16666666666666,11.091666666666667,0.16833333333333333,0.33375,23.974999999999998,23.96666666666667,24.120833333333334,24.0,0.44354166666666667,0.44225000000000003,0.4495,0.4497083333333334
2022-04-12,le,27.0,90.5,25.2375,33.65,1009.2708333333334,992.025,0.0,60.25,15.208333333333334,40.0,77.79166666666667,234.58333333333334,176.79166666666666,57.791666666666664,238.65,5.033333333333333,7.433333333333334,183.125,183.08333333333334,12.779166666666667,0.17541666666666667,0.3720833333333333,24.125,24.05,24.100000000000005,24.0,0.4310833333333333,0.4407916666666667,0.44449999999999995,0.45287499999999997
2022-04-13,le,27.420833333333334,86.25,24.787499999999998,34.25416666666667,1008.8583333333332,991.6583333333333,0.0,25.708333333333332,8.458333333333334,25.125,9.541666666666666,262.4166666666667,211.41666666666666,51.0,290.075,4.575,6.075,173.45833333333334,167.54166666666666,10.8125,0.19833333333333333,0.5570833333333333,24.474999999999998,24.258333333333336,24.100000000000005,24.0,0.4399166666666667,0.4378333333333333,0.44025000000000003,0.455
2022-04-14,le,27.375,87.125,24.941666666666666,34.475,1008.9083333333333,991.6916666666666,0.0,29.541666666666668,9.125,22.125,26.666666666666668,248.375,196.83333333333334,51.541666666666664,275.1041666666667,4.320833333333334,5.625,197.29166666666666,189.16666666666666,11.016666666666666,0.18666666666666668,0.5066666666666667,24.4875,24.400000000000002,24.120833333333334,24.0,0.43295833333333333,0.42945833333333333,0.43425,0.455
2022-04-15,le,27.724999999999998,86.625,25.162499999999998,34.925000000000004,1009.375,992.1708333333332,0.0,30.166666666666668,6.375,23.958333333333332,33.375,254.58333333333334,202.16666666666666,52.416666666666664,273.84166666666664,4.25,5.3625,189.83333333333334,212.54166666666666,10.933333333333332,0.19208333333333336,0.5458333333333333,24.516666666666666,24.40833333333333,24.170833333333334,24.0,0.4262916666666667,0.42425,0.42891666666666667,0.45408333333333334
2022-04-16,le,27.8875,86.91666666666667,25.395833333333332,34.8375,1008.9416666666666,991.7624999999999,0.0,36.833333333333336,12.083333333333334,17.708333333333332,50.583333333333336,257.7083333333333,203.58333333333334,54.125,278.6375,4.158333333333333,5.404166666666666,181.33333333333334,140.125,10.079166666666667,0.1975,0.5325,24.679166666666664,24.52916666666667,24.2,24.0,0.42874999999999996,0.4260833333333333,0.42554166666666665,0.4535416666666667
2022-04-17,le,27.816666666666666,88.58333333333333,25.629166666666666,35.083333333333336,1008.2458333333334,991.0708333333333,0.0,35.166666666666664,14.958333333333334,21.0,30.291666666666668,254.95833333333334,203.70833333333334,51.25,287.92083333333335,5.154166666666667,7.554166666666667,163.375,161.79166666666666,11.983333333333334,0.19166666666666665,0.4770833333333333,24.754166666666666,24.587500000000002,24.224999999999998,24.0,0.42491666666666666,0.42554166666666665,0.425125,0.453
2022-04-18,le,28.191666666666666,87.5,25.770833333333332,35.44583333333333,1009.1166666666667,991.9291666666667,0.0,43.458333333333336,20.041666666666668,22.541666666666668,39.291666666666664,260.1666666666667,208.66666666666666,51.5,282.375,4.6375,6.416666666666667,211.04166666666666,218.66666666666666,12.325000000000001,0.19541666666666668,0.5283333333333333,24.945833333333336,24.741666666666664,24.3,24.0,0.4345833333333333,0.4303333333333333,0.42112499999999997,0.45216666666666666
2022-04-19,le,27.541666666666668,90.66666666666667,25.849999999999998,33.80833333333333,1009.7875,992.5458333333332,0.0,53.791666666666664,15.291666666666666,26.458333333333332,86.29166666666667,177.58333333333334,107.625,69.95833333333333,154.89166666666668,4.454166666666667,6.683333333333334,203.875,205.79166666666666,11.320833333333333,0.13916666666666666,0.35958333333333337,24.212500000000002,24.525000000000002,24.3,24.0,0.4335833333333334,0.4491666666666667,0.4347916666666667,0.452
2022-04-21,le,26.541666666666668,93.54166666666667,25.379166666666666,32.44583333333333,1009.8041666666667,992.475,0.0,84.45833333333333,32.791666666666664,61.291666666666664,99.91666666666667,92.375,16.791666666666668,75.58333333333333,21.829166666666666,3.6958333333333333,6.004166666666666,206.79166666666666,195.95833333333334,11.083333333333334,0.07291666666666667,0.2333333333333333,22.958333333333332,23.570833333333336,24.229166666666668,24.0,0.44054166666666666,0.44329166666666664,0.4512083333333334,0.452
2022-04-22,le,27.037499999999998,86.70833333333333,24.52916666666667,32.46666666666667,1009.875,992.5749999999999,0.0,62.208333333333336,28.875,29.083333333333332,85.79166666666667,205.83333333333334,142.91666666666666,62.916666666666664,193.99166666666667,4.904166666666667,6.833333333333333,211.0,225.08333333333334,10.6,0.15166666666666667,0.51,23.400000000000002,23.375,24.1125,24.0,0.4322083333333333,0.43804166666666666,0.4492083333333334,0.452
2022-04-23,le,28.008333333333336,85.70833333333333,25.3,34.53333333333333,1009.0833333333334,991.8666666666667,0.0,41.791666666666664,9.75,14.666666666666666,80.70833333333333,244.20833333333334,182.33333333333334,61.875,249.95833333333334,3.5416666666666665,4.645833333333333,220.45833333333334,188.70833333333334,9.620833333333334,0.18458333333333332,0.57625,24.27916666666667,23.933333333333334,24.0125,24.0,0.4234583333333333,0.42720833333333336,0.44475,0.452
2022-04-24,le,28.354166666666668,86.20833333333333,25.7375,34.80833333333333,1008.8333333333334,991.6416666666668,0.0,43.791666666666664,9.041666666666666,12.625,93.5,239.58333333333334,175.70833333333334,63.875,237.0375,4.345833333333333,5.958333333333333,200.66666666666666,165.33333333333334,9.770833333333334,0.1825,0.5704166666666667,24.729166666666668,24.420833333333334,24.037499999999998,24.0,0.423625,0.4214583333333333,0.43966666666666665,0.452
2022-04-25,le,28.241666666666664,86.625,25.679166666666664,34.704166666666666,1008.1750000000001,990.9833333333332,0.0,41.166666666666664,12.0,13.541666666666666,74.20833333333333,248.95833333333334,195.66666666666666,53.291666666666664,264.45416666666665,3.375,4.454166666666667,197.58333333333334,220.83333333333334,11.283333333333333,0.18916666666666668,0.5650000000000001,25.0625,24.7,24.120833333333334,24.0,0.42854166666666665,0.431875,0.4362916666666667,0.45133333333333336
2022-04-26,le,28.120833333333334,90.45833333333333,26.325,34.46666666666667,1007.9458333333333,990.7458333333334,0.0,76.0,26.583333333333332,46.958333333333336,98.0,192.91666666666666,110.125,82.79166666666667,141.32083333333333,4.1,6.520833333333333,166.5,152.29166666666666,11.416666666666666,0.14958333333333332,0.395,24.758333333333336,24.724999999999998,24.204166666666666,24.0,0.4310416666666667,0.43975000000000003,0.44045833333333334,0.451
2022-04-27,le,27.3625,90.70833333333333,25.6375,33.49166666666667,1008.2833333333333,991.0416666666666,0.0,78.625,40.708333333333336,38.375,93.29166666666667,192.125,116.375,75.75,146.97083333333333,4.308333333333334,6.316666666666666,196.16666666666666,178.54166666666666,13.8375,0.145,0.3620833333333333,24.28333333333333,24.508333333333336,24.295833333333334,24.0,0.4330833333333333,0.4334166666666666,0.4380833333333333,0.451
2022-04-28,le,27.75,89.20833333333333,25.72083333333333,33.170833333333334,1008.5958333333333,991.3541666666666,0.0,74.41666666666667,16.75,72.54166666666667,86.66666666666667,141.95833333333334,45.541666666666664,96.41666666666667,59.916666666666664,5.9624999999999995,10.304166666666667,193.58333333333334,190.66666666666666,14.924999999999999,0.1175,0.43124999999999997,23.825,24.0125,24.233333333333334,24.0,0.4439166666666667,0.44045833333333334,0.43583333333333335,0.45075
2022-04-29,le,27.912499999999998,88.04166666666667,25.65833333333333,34.704166666666666,1008.3166666666666,991.1208333333334,0.0,42.708333333333336,13.625,16.125,69.125,196.75,135.79166666666666,60.958333333333336,188.61666666666667,3.625,5.345833333333334,243.95833333333334,242.91666666666666,10.5,0.15166666666666667,0.48750000000000004,24.441666666666666,24.229166666666668,24.2,24.0,0.4275,0.44258333333333333,0.436625,0.45
2022-04-30,le,27.2375,93.375,26.058333333333334,34.67916666666667,1008.4499999999999,991.2333333333332,0.0,63.791666666666664,37.333333333333336,32.833333333333336,61.791666666666664,143.95833333333334,64.25,79.70833333333333,91.57083333333334,3.1875,4.404166666666667,181.375,160.79166666666666,9.766666666666667,0.11125,0.2504166666666667,23.733333333333334,24.079166666666666,24.2,24.0,0.42841666666666667,0.4379166666666667,0.441625,0.45
2022-05-01,le,27.395833333333332,89.91666666666667,25.5125,34.112500000000004,1008.7125,991.4833333333332,0.0,78.875,46.333333333333336,23.666666666666668,89.625,182.75,112.875,69.875,153.66666666666666,3.9,5.941666666666666,257.125,243.95833333333334,12.016666666666666,0.13833333333333334,0.4033333333333333,23.8625,23.883333333333336,24.15416666666667,24.041666666666668,0.43120833333333336,0.4342083333333333,0.44045833333333334,0.45
2022-05-02,le,27.40416666666667,91.29166666666667,25.775000000000002,33.375,1009.0458333333332,991.7708333333334,0.0,68.45833333333333,34.458333333333336,28.958333333333332,81.70833333333333,192.70833333333334,125.625,67.08333333333333,172.70833333333334,4.141666666666667,4.354166666666667,211.20833333333334,218.66666666666666,11.85,0.14458333333333334,0.355,24.099999999999998,24.045833333333334,24.100000000000005,24.100000000000005,0.4345833333333333,0.4402083333333333,0.44083333333333335,0.45
2022-05-03,le,28.304166666666664,84.66666666666667,25.325,34.3375,1009.0625,991.8583333333332,0.0,19.541666666666668,1.5833333333333333,1.9583333333333333,56.208333333333336,261.9583333333333,215.375,46.583333333333336,309.56666666666666,5.958333333333333,8.620833333333334,191.95833333333334,188.875,12.779166666666667,0.20166666666666666,0.6545833333333334,24.65416666666667,24.291666666666668,24.1125,24.100000000000005,0.42874999999999996,0.4390833333333333,0.44616666666666666,0.45
2022-05-04,le,27.78333333333333,87.125,25.304166666666664,34.458333333333336,1009.6416666666668,992.4125,0.0,51.25,16.583333333333332,18.208333333333332,88.54166666666667,224.83333333333334,167.58333333333334,57.25,230.94583333333333,4.2875000000000005,5.925,189.5,181.375,10.200000000000001,0.1708333333333333,0.5341666666666667,24.554166666666664,24.46666666666667,24.170833333333334,24.100000000000005,0.42933333333333334,0.42887499999999995,0.4426666666666667,0.4495
2022-05-05,le,28.133333333333336,85.95833333333333,25.400000000000002,34.854166666666664,1008.6374999999999,991.4416666666666,0.0,36.666666666666664,14.875,13.25,51.208333333333336,237.625,182.83333333333334,54.791666666666664,253.35833333333335,5.295833333333333,7.8500000000000005,170.29166666666666,156.875,10.933333333333332,0.18166666666666667,0.5933333333333334,24.712500000000002,24.537499999999998,24.2,24.100000000000005,0.4282083333333333,0.42966666666666664,0.4390833333333333,0.449
2022-05-06,le,28.270833333333332,85.625,25.495833333333334,35.145833333333336,1007.9083333333333,990.7375000000001,0.0,36.375,9.708333333333334,12.166666666666666,67.58333333333333,234.33333333333334,185.95833333333334,48.375,272.94166666666666,5.2124999999999995,7.25,207.45833333333334,213.625,11.904166666666667,0.18000000000000002,0.6020833333333333,24.670833333333334,24.579166666666666,24.229166666666668,24.100000000000005,0.4182916666666667,0.42225,0.4350833333333333,0.449
2022-05-07,le,28.191666666666666,85.91666666666667,25.495833333333334,34.9375,1008.2333333333332,991.0500000000001,0.0,36.875,13.666666666666666,18.125,45.666666666666664,246.83333333333334,201.25,45.583333333333336,293.76666666666665,4.258333333333334,5.866666666666667,160.125,161.25,10.329166666666667,0.18625,0.5833333333333334,24.7625,24.620833333333334,24.3,24.100000000000005,0.4134166666666666,0.415,0.43074999999999997,0.449
2022-05-08,le,28.329166666666666,88.79166666666667,26.22083333333333,36.233333333333334,1008.1750000000001,991.0583333333334,0.0,39.875,8.208333333333334,14.0,80.54166666666667,230.75,175.54166666666666,55.208333333333336,239.53333333333333,3.2291666666666665,5.129166666666666,223.58333333333334,199.66666666666666,10.916666666666666,0.18208333333333335,0.4691666666666667,24.8,24.7,24.316666666666666,24.100000000000005,0.43050000000000005,0.4186666666666667,0.42654166666666665,0.448
2022-05-09,le,28.47083333333333,88.70833333333333,26.325,34.65416666666666,1008.5833333333334,991.3833333333333,0.0,65.54166666666667,20.916666666666668,30.0,99.04166666666667,175.25,82.91666666666667,92.33333333333333,109.18333333333334,4.204166666666667,6.104166666666667,198.91666666666666,177.54166666666666,10.35,0.13749999999999998,0.48208333333333336,24.837500000000002,24.7,24.379166666666666,24.100000000000005,0.4266666666666667,0.4234583333333333,0.4234166666666666,0.448
2022-05-10,le,28.879166666666666,90.29166666666667,27.004166666666666,35.824999999999996,1008.2583333333333,991.1208333333334,0.0,60.583333333333336,30.958333333333332,15.125,85.0,200.58333333333334,109.29166666666667,91.29166666666667,143.74583333333334,4.791666666666667,7.2,137.45833333333334,128.5,11.237499999999999,0.16,0.43291666666666667,25.429166666666664,24.979166666666668,24.412499999999998,24.100000000000005,0.423375,0.42395833333333327,0.4204583333333333,0.44745833333333335
2022-05-11,le,28.599999999999998,88.58333333333333,26.425,35.045833333333334,1008.6958333333333,991.4958333333334,0.0,62.208333333333336,34.0,18.083333333333332,72.70833333333333,193.70833333333334,126.20833333333333,67.5,173.57500000000002,3.4124999999999996,4.320833333333334,183.58333333333334,177.29166666666666,9.833333333333334,0.14541666666666667,0.48625,25.40416666666667,25.2625,24.508333333333336,24.100000000000005,0.4303333333333333,0.42645833333333333,0.4182083333333333,0.447
2022-05-12,le,27.879166666666666,90.45833333333333,26.099999999999998,35.125,1009.3541666666666,992.1541666666667,0.0,53.25,12.75,28.708333333333332,81.70833333333333,161.41666666666666,84.41666666666667,77.0,122.75833333333333,4.220833333333333,6.0874999999999995,182.5,173.375,11.2875,0.12583333333333332,0.38333333333333336,24.525000000000002,24.808333333333334,24.575000000000003,24.100000000000005,0.42791666666666667,0.4335833333333334,0.4180833333333333,0.4466666666666667
2022-05-13,le,28.508333333333336,86.83333333333333,25.9875,35.81666666666667,1009.5541666666667,992.4,0.0,44.208333333333336,19.5,12.5,63.916666666666664,231.04166666666666,174.95833333333334,56.083333333333336,252.6916666666667,4.8999999999999995,7.616666666666667,179.625,165.0,11.591666666666667,0.1779166666666667,0.5616666666666666,24.879166666666666,24.608333333333334,24.53333333333333,24.100000000000005,0.42204166666666665,0.4319583333333333,0.42250000000000004,0.446
2022-05-14,le,28.233333333333334,91.375,26.65833333333333,35.27916666666667,1010.7041666666668,993.4791666666666,0.0,67.83333333333333,36.5,21.291666666666668,74.08333333333333,168.875,90.29166666666667,78.58333333333333,120.35416666666667,3.4875000000000003,5.041666666666667,227.16666666666666,214.375,9.4625,0.12958333333333333,0.3416666666666666,24.679166666666664,24.770833333333332,24.558333333333334,24.100000000000005,0.4340833333333333,0.43016666666666664,0.421375,0.446
2022-05-15,le,28.004166666666666,92.875,26.71666666666667,35.074999999999996,1011.025,993.7916666666666,0.0,46.875,14.0,9.583333333333334,95.20833333333333,172.95833333333334,83.75,89.20833333333333,113.59583333333335,3.2375000000000003,4.0,185.29166666666666,189.58333333333334,9.0,0.13416666666666668,0.2841666666666667,24.520833333333332,24.541666666666668,24.520833333333332,24.100000000000005,0.43083333333333335,0.4405833333333333,0.423375,0.44566666666666666
2022-05-16,le,28.070833333333336,90.04166666666667,26.15833333333333,34.225,1010.4958333333334,993.2333333333332,0.0,64.25,36.791666666666664,17.875,70.70833333333333,219.75,170.70833333333334,49.041666666666664,238.17916666666667,4.279166666666667,5.6875,213.54166666666666,187.625,10.958333333333334,0.16666666666666666,0.4291666666666667,24.858333333333334,24.65833333333333,24.5,24.100000000000005,0.43045833333333333,0.44170833333333337,0.4307083333333333,0.445
2022-05-17,le,27.75,89.04166666666667,25.72083333333333,34.416666666666664,1010.6666666666666,993.4,0.0,53.5,19.458333333333332,14.958333333333334,92.375,171.54166666666666,86.33333333333333,85.20833333333333,121.69583333333333,4.316666666666666,6.045833333333333,164.70833333333334,177.04166666666666,10.799999999999999,0.13333333333333333,0.43583333333333335,24.366666666666664,24.545833333333334,24.5,24.100000000000005,0.4407083333333333,0.44483333333333336,0.435375,0.445
2022-05-18,le,27.829166666666666,86.95833333333333,25.291666666666668,34.19583333333333,1011.2125,993.9583333333334,0.0,41.458333333333336,26.791666666666668,11.75,34.041666666666664,221.66666666666666,172.29166666666666,49.375,243.34583333333333,4.9624999999999995,6.2124999999999995,190.29166666666666,193.5,10.816666666666668,0.16874999999999998,0.5541666666666667,24.59166666666667,24.458333333333332,24.5,24.150000000000002,0.43,0.436375,0.4343333333333333,0.445
2022-05-19,le,27.566666666666666,88.5,25.395833333333332,33.604166666666664,1011.8083333333334,994.4875000000001,0.0,68.91666666666667,28.75,31.708333333333332,86.83333333333333,178.875,117.83333333333333,61.041666666666664,165.7875,4.070833333333334,5.4375,230.25,237.66666666666666,9.991666666666665,0.135,0.4566666666666667,24.2625,24.458333333333332,24.5,24.2,0.43116666666666664,0.43450000000000005,0.432375,0.445
2022-05-20,le,27.208333333333332,92.5,25.849999999999998,33.329166666666666,1010.8958333333334,993.6,0.0,71.25,11.5,57.625,87.41666666666667,144.41666666666666,76.95833333333333,67.45833333333333,114.17916666666667,3.2624999999999997,5.2,178.54166666666666,150.04166666666666,9.758333333333333,0.11291666666666667,0.285,23.837500000000002,24.166666666666668,24.433333333333334,24.2,0.441875,0.4446666666666667,0.44354166666666667,0.44575000000000004
2022-05-21,le,26.962500000000002,92.41666666666667,25.59583333333333,33.395833333333336,1010.3166666666666,993.025,0.0,88.29166666666667,22.708333333333332,78.625,95.33333333333333,100.91666666666667,21.916666666666668,79.0,31.174999999999997,3.891666666666666,6.479166666666667,187.41666666666666,206.04166666666666,9.404166666666667,0.08,0.28291666666666665,23.1875,23.683333333333334,24.349999999999998,24.2,0.44566666666666666,0.43720833333333337,0.44733333333333336,0.44779166666666664
2022-05-22,le,27.087500000000002,91.875,25.587500000000002,33.15416666666667,1008.7833333333333,991.5124999999999,0.0,68.54166666666667,9.625,53.166666666666664,96.08333333333333,126.83333333333333,44.458333333333336,82.375,60.87083333333334,3.9291666666666667,6.470833333333334,229.04166666666666,228.75,10.316666666666666,0.09625,0.3104166666666667,23.34583333333333,23.53333333333333,24.233333333333334,24.2,0.44575000000000004,0.44929166666666664,0.44741666666666663,0.448
2022-05-23,le,27.733333333333334,87.08333333333333,25.254166666666666,33.766666666666666,1008.9291666666667,991.7125,0.0,39.75,12.541666666666666,15.791666666666666,63.041666666666664,206.25,142.25,64.0,200.64583333333334,7.2749999999999995,11.2875,202.70833333333334,227.5,15.279166666666667,0.15875,0.5337500000000001,23.8,23.7,24.129166666666666,24.2,0.43179166666666663,0.44145833333333334,0.44658333333333333,0.4487083333333333
2022-05-24,le,27.875,86.29166666666667,25.275000000000002,33.7875,1010.3083333333334,993.0791666666668,0.0,38.083333333333336,11.666666666666666,13.541666666666666,64.875,171.625,80.0,91.625,128.5,7.4375,12.379166666666668,238.375,265.4583333333333,14.9125,0.13416666666666668,0.5516666666666666,23.8,23.833333333333332,24.100000000000005,24.2,0.423,0.42954166666666665,0.4429166666666667,0.4484166666666667
2022-05-25,le,27.55,89.875,25.65416666666667,33.65,1011.1,993.8083333333334,0.0,48.666666666666664,9.625,29.875,73.41666666666667,188.95833333333334,111.0,77.95833333333333,168.51666666666668,4.3500000000000005,5.245833333333333,202.625,194.54166666666666,11.845833333333333,0.1366666666666667,0.40125000000000005,23.849999999999998,23.912499999999998,24.100000000000005,24.2,0.43041666666666667,0.4307083333333333,0.439125,0.448
2022-05-26,le,27.025000000000002,87.54166666666667,24.7375,32.112500000000004,1010.8416666666667,993.5,0.0,74.33333333333333,6.541666666666667,66.375,96.79166666666667,107.33333333333333,27.791666666666668,79.54166666666667,44.71666666666667,4.529166666666667,7.495833333333334,275.4583333333333,275.4166666666667,12.308333333333332,0.08125,0.45916666666666667,23.179166666666664,23.629166666666666,24.03333333333333,24.2,0.4334166666666666,0.4364166666666667,0.4371666666666667,0.448
2022-05-27,le,27.608333333333334,81.79166666666667,24.104166666666668,33.67916666666667,1009.7958333333332,992.5625,0.0,33.708333333333336,7.0,32.041666666666664,26.958333333333332,228.33333333333334,180.25,48.083333333333336,256.6666666666667,4.420833333333333,6.091666666666666,202.54166666666666,145.125,9.254166666666666,0.17500000000000002,0.7108333333333333,23.629166666666666,23.52916666666667,23.979166666666668,24.2,0.4257916666666666,0.42966666666666664,0.4343333333333333,0.448
2022-05-28,le,27.379166666666666,87.125,24.9875,32.354166666666664,1009.9708333333333,992.6541666666667,0.0,54.25,38.0,27.75,11.583333333333334,199.875,143.04166666666666,56.833333333333336,212.42499999999998,4.191666666666667,5.329166666666667,198.91666666666666,187.25,10.570833333333333,0.145,0.50125,23.825,23.78333333333333,23.933333333333334,24.2,0.41720833333333335,0.423125,0.430625,0.44754166666666667
2022-05-29,le,27.6125,83.91666666666667,24.537499999999998,32.9,1009.5,992.2375000000001,0.0,40.25,15.291666666666666,21.958333333333332,44.375,222.91666666666666,169.95833333333334,52.958333333333336,251.19583333333333,4.820833333333334,6.5,199.04166666666666,184.45833333333334,11.125,0.16583333333333333,0.63,23.920833333333334,23.858333333333334,23.920833333333334,24.2,0.4068333333333333,0.4149583333333333,0.42654166666666665,0.447
2022-05-30,le,27.3125,88.125,25.1125,32.9,1008.9125,991.6374999999999,0.0,27.208333333333332,14.875,15.166666666666666,15.666666666666666,215.08333333333334,163.875,51.208333333333336,247.0,5.8500000000000005,7.7,263.9166666666667,287.125,10.845833333333333,0.15625,0.45541666666666664,23.816666666666666,23.912499999999998,23.94583333333333,24.120833333333334,0.4030833333333334,0.40808333333333335,0.42225,0.447
2022-05-31,le,27.162499999999998,87.625,24.895833333333332,32.704166666666666,1008.8583333333332,991.5791666666668,0.0,37.916666666666664,15.125,14.083333333333334,52.666666666666664,200.41666666666666,147.75,52.666666666666664,217.61666666666667,6.320833333333333,9.279166666666667,183.91666666666666,239.41666666666666,11.558333333333332,0.14916666666666667,0.46249999999999997,23.525000000000002,23.71666666666667,23.920833333333334,24.100000000000005,0.41250000000000003,0.40570833333333334,0.4184583333333333,0.446
2022-06-01,le,27.433333333333334,87.75,25.108333333333334,33.93333333333333,1009.1958333333333,991.9666666666667,0.0,44.625,14.458333333333334,10.958333333333334,83.08333333333333,218.45833333333334,165.91666666666666,52.541666666666664,237.4416666666667,5.029166666666667,11.741666666666667,96.16666666666667,132.95833333333334,10.966666666666667,0.16708333333333333,0.4983333333333333,23.90833333333333,23.795833333333334,23.899999999999995,24.100000000000005,0.4195,0.410125,0.41512499999999997,0.446
2022-06-02,le,27.516666666666666,89.70833333333333,25.579166666666666,33.94583333333333,1009.9458333333333,992.6833333333334,0.0,47.208333333333336,16.166666666666668,29.458333333333332,52.75,204.375,145.45833333333334,58.916666666666664,212.76250000000002,4.183333333333334,7.0,101.91666666666667,116.08333333333333,11.429166666666667,0.15416666666666667,0.4166666666666667,23.9875,23.95,23.899999999999995,24.100000000000005,0.4282083333333333,0.4254166666666666,0.4130833333333333,0.445125
2022-06-03,le,27.583333333333332,84.08333333333333,24.479166666666668,33.449999999999996,1010.3249999999999,993.0583333333334,0.0,40.541666666666664,9.916666666666666,17.375,70.54166666666667,219.58333333333334,163.125,56.458333333333336,238.88750000000002,4.2375,6.379166666666666,167.41666666666666,150.54166666666666,10.329166666666667,0.165,0.6470833333333333,24.02916666666667,23.925,23.920833333333334,24.100000000000005,0.4267916666666667,0.4347083333333333,0.41462499999999997,0.445
2022-06-04,le,27.420833333333334,88.625,25.266666666666666,33.96666666666666,1010.7083333333334,993.4375,0.0,42.875,16.583333333333332,17.208333333333332,59.541666666666664,215.08333333333334,162.95833333333334,52.125,245.85833333333335,3.6291666666666664,4.545833333333333,210.0,218.41666666666666,11.816666666666668,0.16083333333333336,0.45083333333333336,24.1125,24.066666666666666,23.96666666666667,24.100000000000005,0.429,0.43225,0.41358333333333336,0.4444166666666667
2022-06-05,le,27.0625,90.33333333333333,25.291666666666668,32.916666666666664,1010.3333333333334,993.0500000000001,0.0,46.375,22.333333333333332,17.75,55.0,202.08333333333334,138.79166666666666,63.291666666666664,204.7541666666667,4.345833333333333,6.220833333333334,206.20833333333334,224.79166666666666,10.262500000000001,0.15166666666666667,0.3775,23.849999999999998,24.0,24.0,24.100000000000005,0.43225,0.4429166666666667,0.41962499999999997,0.444
2022-06-06,le,26.229166666666668,93.20833333333333,25.0125,31.883333333333336,1010.2041666666668,992.8625000000001,0.0,81.16666666666667,8.416666666666666,78.95833333333333,93.16666666666667,81.70833333333333,14.291666666666666,67.41666666666667,20.85,3.5375,5.879166666666666,193.0,196.95833333333334,9.745833333333334,0.06666666666666667,0.24083333333333334,22.65833333333333,23.366666666666664,23.95,24.100000000000005,0.43124999999999997,0.445125,0.43379166666666663,0.444
2022-06-07,le,27.3875,87.58333333333333,24.9875,32.775,1009.1541666666667,991.8833333333333,0.0,56.041666666666664,19.75,27.583333333333332,81.29166666666667,210.125,137.04166666666666,73.08333333333333,204.14583333333334,5.595833333333334,9.070833333333333,196.58333333333334,175.04166666666666,12.758333333333333,0.15625,0.50625,23.708333333333332,23.391666666666666,23.858333333333334,24.100000000000005,0.419875,0.4350416666666667,0.44179166666666664,0.444
2022-06-08,le,27.02916666666667,89.5,25.037499999999998,33.375,1009.85,992.5625,0.0,66.29166666666667,31.875,22.041666666666668,86.45833333333333,191.41666666666666,136.04166666666666,55.375,198.3791666666667,4.7875000000000005,6.966666666666666,194.875,189.16666666666666,12.6875,0.14166666666666666,0.41625,23.65416666666667,23.733333333333334,23.837500000000002,24.100000000000005,0.42391666666666666,0.43025,0.43970833333333337,0.444
2022-06-09,le,26.191666666666666,93.54166666666667,25.008333333333336,32.07083333333333,1010.3833333333333,993.0416666666666,0.0,63.416666666666664,12.375,41.541666666666664,99.04166666666667,128.25,40.75,87.5,57.5625,3.783333333333333,5.583333333333333,226.83333333333334,197.625,11.379166666666668,0.09666666666666666,0.23916666666666667,22.929166666666664,23.383333333333336,23.8125,24.100000000000005,0.43291666666666667,0.44320833333333337,0.44258333333333333,0.44425000000000003
2022-06-10,le,27.52916666666667,85.375,24.683333333333334,33.62083333333333,1009.5375,992.3000000000001,0.0,29.25,11.375,10.791666666666666,41.583333333333336,225.66666666666666,177.625,48.041666666666664,270.46666666666664,4.520833333333333,5.879166666666666,163.91666666666666,152.66666666666666,10.229166666666666,0.17125,0.5970833333333333,23.691666666666666,23.40833333333333,23.766666666666666,24.100000000000005,0.40995833333333337,0.42645833333333333,0.4499583333333333,0.446
2022-06-11,le,27.070833333333336,89.91666666666667,25.183333333333334,33.725,1010.0458333333332,992.7624999999999,0.0,47.666666666666664,22.291666666666668,22.083333333333332,50.0,201.08333333333334,145.79166666666666,55.291666666666664,215.15833333333333,4.0874999999999995,5.783333333333334,208.875,206.66666666666666,11.433333333333332,0.14833333333333334,0.39083333333333337,23.608333333333334,23.704166666666666,23.77916666666667,24.100000000000005,0.421375,0.4214166666666666,0.44533333333333336,0.44687499999999997
2022-06-12,le,26.875,89.95833333333333,25.008333333333336,33.09583333333333,1010.6625,993.3791666666666,0.0,54.666666666666664,15.791666666666666,19.833333333333332,95.75,178.79166666666666,115.08333333333333,63.708333333333336,171.975,3.254166666666667,4.7,212.95833333333334,158.95833333333334,9.15,0.13375,0.3841666666666667,23.358333333333334,23.508333333333336,23.766666666666666,24.100000000000005,0.433,0.4346666666666667,0.44254166666666667,0.447
2022-06-13,le,26.520833333333332,92.04166666666667,25.079166666666666,32.87916666666667,1010.9875000000001,993.6875,0.0,68.75,30.041666666666668,29.041666666666668,86.33333333333333,150.95833333333334,86.41666666666667,64.54166666666667,130.34583333333333,3.404166666666667,4.75,211.375,198.66666666666666,8.991666666666667,0.115,0.29083333333333333,22.958333333333332,23.320833333333336,23.712500000000002,24.100000000000005,0.43254166666666666,0.4435833333333334,0.44295833333333334,0.447
2022-06-14,le,26.695833333333336,90.875,25.03333333333333,33.11666666666667,1010.5625,993.2833333333333,0.0,63.625,15.25,39.583333333333336,88.83333333333333,164.45833333333334,82.08333333333333,82.375,126.78333333333335,3.9583333333333335,5.558333333333334,204.41666666666666,204.75,10.387500000000001,0.12625,0.3466666666666667,23.09583333333333,23.179166666666664,23.7,24.100000000000005,0.43154166666666666,0.444375,0.445625,0.447
2022-06-15,le,26.5125,92.83333333333333,25.2,32.40416666666667,1010.7166666666667,993.3916666666668,0.0,69.95833333333333,28.416666666666668,42.25,93.41666666666667,152.875,72.75,80.125,101.20833333333333,4.458333333333333,7.016666666666667,232.41666666666666,263.0833333333333,12.716666666666667,0.1125,0.2725,23.05,23.2375,23.61666666666667,24.100000000000005,0.43920833333333337,0.44725,0.447875,0.447
2022-06-16,le,26.52916666666667,91.0,24.8625,32.454166666666666,1010.9958333333334,993.6583333333333,0.0,52.5,12.416666666666666,27.708333333333332,87.625,176.20833333333334,107.125,69.08333333333333,162.63333333333333,4.054166666666666,5.320833333333334,223.125,233.08333333333334,12.737499999999999,0.12833333333333333,0.3383333333333333,23.075,23.179166666666664,23.600000000000005,24.0625,0.43320833333333336,0.4394166666666666,0.4531666666666667,0.448375
2022-06-17,le,26.620833333333334,91.375,25.02916666666667,32.108333333333334,1011.2291666666666,993.8666666666667,0.0,73.91666666666667,1.5833333333333333,74.54166666666667,92.54166666666667,117.41666666666667,29.583333333333332,87.83333333333333,40.141666666666666,2.9875000000000003,4.441666666666666,210.16666666666666,199.08333333333334,8.020833333333334,0.08791666666666666,0.3325,22.933333333333334,23.141666666666666,23.566666666666666,24.0,0.4310416666666667,0.42849999999999994,0.4524166666666667,0.450375
2022-06-18,le,26.354166666666668,90.66666666666667,24.633333333333336,31.9375,1011.0875,993.7458333333334,0.0,51.083333333333336,18.916666666666668,39.708333333333336,35.291666666666664,204.91666666666666,151.33333333333334,53.583333333333336,226.40416666666667,4.108333333333333,5.4125000000000005,214.625,217.91666666666666,10.379166666666666,0.15041666666666667,0.35083333333333333,23.2,23.1875,23.5,24.0,0.4287083333333333,0.43087499999999995,0.44754166666666667,0.451
2022-06-19,le,27.03333333333333,86.33333333333333,24.379166666666666,32.44583333333333,1010.1708333333332,992.8791666666666,0.0,26.666666666666668,11.916666666666666,10.25,32.5,219.20833333333334,170.625,48.583333333333336,262.5125,5.2625,7.366666666666667,187.375,140.95833333333334,11.5625,0.1625,0.5504166666666667,23.329166666666666,23.270833333333332,23.5,24.0,0.4131666666666667,0.4319583333333333,0.44745833333333335,0.451
2022-06-20,le,26.770833333333332,90.70833333333333,25.037499999999998,32.69166666666667,1009.1958333333333,991.9083333333333,0.0,41.041666666666664,17.875,20.125,42.541666666666664,196.0,143.79166666666666,52.208333333333336,209.1,3.795833333333333,4.908333333333333,215.79166666666666,222.58333333333334,12.7875,0.14625,0.36000000000000004,23.416666666666668,23.47083333333333,23.5,24.0,0.43529166666666663,0.4365833333333333,0.445375,0.451
2022-06-21,le,27.329166666666666,85.95833333333333,24.608333333333334,33.0875,1008.7916666666666,991.5500000000001,0.0,39.916666666666664,11.416666666666666,14.75,69.20833333333333,211.08333333333334,161.0,50.083333333333336,241.35833333333335,5.375,7.520833333333333,169.25,161.125,11.7125,0.15666666666666668,0.5679166666666667,23.712500000000002,23.554166666666664,23.520833333333332,24.0,0.4315,0.44016666666666665,0.44854166666666667,0.451
2022-06-22,le,27.245833333333334,86.33333333333333,24.662499999999998,33.541666666666664,1009.9625,992.7125,0.0,40.458333333333336,15.333333333333334,14.625,59.375,210.20833333333334,158.54166666666666,51.666666666666664,245.3125,5.508333333333333,8.329166666666667,176.5,201.25,12.725,0.15916666666666665,0.535,23.604166666666668,23.6125,23.600000000000005,24.0,0.425125,0.42825,0.4435833333333334,0.451
2022-06-23,le,26.95,85.875,24.1875,33.104166666666664,1010.9291666666667,993.6416666666668,0.0,42.416666666666664,19.166666666666668,8.541666666666666,66.625,225.79166666666666,173.91666666666666,51.875,258.52916666666664,4.9875,6.6499999999999995,197.875,213.91666666666666,12.5875,0.16958333333333334,0.5770833333333333,23.433333333333334,23.4875,23.600000000000005,24.0,0.41762499999999997,0.4207083333333333,0.4382916666666667,0.451
2022-06-24,le,26.4375,89.04166666666667,24.379166666666666,32.44166666666667,1010.1916666666666,992.8708333333334,0.0,48.083333333333336,9.625,24.541666666666668,83.20833333333333,197.70833333333334,149.95833333333334,47.75,222.83333333333334,3.6041666666666665,5.070833333333334,192.16666666666666,191.5,11.016666666666666,0.14541666666666667,0.42041666666666666,23.204166666666666,23.375,23.600000000000005,24.0,0.425125,0.41924999999999996,0.43291666666666667,0.45083333333333336
2022-06-25,le,26.65833333333333,89.79166666666667,24.729166666666668,32.94583333333333,1009.3208333333333,992.0458333333332,0.0,68.0,37.625,25.875,64.04166666666667,193.375,134.58333333333334,58.791666666666664,199.32916666666665,3.1791666666666667,4.5,165.16666666666666,162.5,11.254166666666668,0.14458333333333334,0.40041666666666664,23.295833333333334,23.333333333333332,23.600000000000005,24.0,0.433375,0.434,0.43045833333333333,0.45
2022-06-26,le,26.412499999999998,92.625,25.079166666666666,32.291666666666664,1010.5791666666668,993.2291666666666,0.0,79.45833333333333,33.541666666666664,48.375,86.45833333333333,138.91666666666666,81.20833333333333,57.708333333333336,116.85000000000001,3.6958333333333333,5.891666666666667,202.08333333333334,198.0,10.7125,0.10291666666666667,0.27,23.0625,23.329166666666666,23.600000000000005,24.0,0.4291666666666667,0.4404166666666667,0.432625,0.45
2022-06-27,le,26.587500000000002,91.79166666666667,25.099999999999998,33.104166666666664,1010.6,993.2958333333332,0.0,79.25,20.375,73.125,82.375,132.91666666666666,64.79166666666667,68.125,97.57083333333333,3.2125,3.766666666666666,196.25,187.54166666666666,9.670833333333333,0.10208333333333332,0.3070833333333333,22.925,23.099999999999998,23.520833333333332,23.954166666666666,0.43474999999999997,0.447125,0.4366666666666667,0.4497083333333334
2022-06-28,le,27.254166666666666,87.41666666666667,24.875,33.520833333333336,1009.2208333333333,991.9833333333332,0.0,47.041666666666664,20.708333333333332,35.208333333333336,24.125,220.29166666666666,173.70833333333334,46.583333333333336,263.3666666666667,3.975,5.541666666666667,188.95833333333334,166.33333333333334,10.6875,0.165,0.49500000000000005,23.625,23.329166666666666,23.5,23.899999999999995,0.4270833333333333,0.4362916666666667,0.43916666666666665,0.449
2022-06-29,le,27.479166666666668,85.125,24.604166666666668,32.86666666666667,1008.7583333333333,991.525,0.0,57.166666666666664,26.666666666666668,26.958333333333332,60.416666666666664,204.25,153.16666666666666,51.083333333333336,223.64583333333334,4.841666666666667,7.75,161.91666666666666,150.95833333333334,10.754166666666668,0.15583333333333335,0.5933333333333334,23.766666666666666,23.695833333333336,23.520833333333332,23.899999999999995,0.44329166666666664,0.44625000000000004,0.43933333333333335,0.449
2022-06-30,le,26.6125,85.54166666666667,23.820833333333336,32.40416666666667,1009.1666666666666,991.9166666666666,0.0,56.333333333333336,26.458333333333332,29.75,72.33333333333333,224.91666666666666,175.5,49.416666666666664,266.79583333333335,4.383333333333334,5.870833333333334,181.875,171.58333333333334,10.4625,0.16874999999999998,0.5575,23.383333333333336,23.47083333333333,23.566666666666666,23.899999999999995,0.4283333333333333,0.4350833333333333,0.4375,0.449
2022-07-01,le,26.97083333333333,82.25,23.420833333333334,32.31666666666667,1008.8416666666667,991.5791666666668,0.0,36.416666666666664,7.291666666666667,3.0,93.16666666666667,246.91666666666666,200.58333333333334,46.333333333333336,305.47083333333336,5.108333333333333,8.1,184.25,183.875,12.441666666666668,0.18541666666666667,0.7295833333333334,23.233333333333334,23.304166666666664,23.541666666666668,23.899999999999995,0.41712499999999997,0.42520833333333335,0.43375,0.44887499999999997
2022-07-02,le,27.570833333333336,85.16666666666667,24.72083333333333,33.708333333333336,1008.375,991.1458333333334,0.0,44.791666666666664,17.791666666666668,15.5,64.83333333333333,210.91666666666666,162.04166666666666,48.875,254.5666666666667,4.129166666666666,5.383333333333333,175.95833333333334,172.5,11.075000000000001,0.15875,0.5933333333333334,23.7,23.566666666666666,23.55,23.899999999999995,0.4095,0.41595833333333326,0.4294166666666666,0.448
2022-07-03,le,27.645833333333332,88.41666666666667,25.479166666666668,34.1875,1008.3208333333333,991.0916666666667,0.0,38.333333333333336,16.291666666666668,14.375,50.166666666666664,205.58333333333334,146.08333333333334,59.5,224.76250000000002,4.191666666666667,6.129166666666666,146.66666666666666,104.54166666666667,13.258333333333333,0.1525,0.4566666666666667,23.787499999999998,23.758333333333336,23.600000000000005,23.899999999999995,0.414375,0.4115,0.42524999999999996,0.448
2022-07-04,le,27.6875,88.95833333333333,25.570833333333336,34.449999999999996,1008.8625000000001,991.6666666666666,0.0,61.291666666666664,28.958333333333332,16.541666666666668,86.95833333333333,189.66666666666666,119.83333333333333,69.83333333333333,179.63750000000002,7.158333333333334,11.108333333333334,185.58333333333334,214.5,15.304166666666667,0.15,0.46,23.875,23.7375,23.608333333333334,23.899999999999995,0.40975,0.4101666666666666,0.4214166666666666,0.44754166666666667
2022-07-05,le,27.6125,88.83333333333333,25.508333333333336,34.30416666666667,1009.4125,992.1791666666667,0.0,38.0,26.166666666666668,11.291666666666666,25.416666666666668,207.58333333333334,149.41666666666666,58.166666666666664,217.0375,4.254166666666667,5.483333333333333,219.16666666666666,231.54166666666666,11.016666666666667,0.15625,0.45333333333333337,24.108333333333334,23.9375,23.675,23.899999999999995,0.4056666666666667,0.405125,0.4174583333333333,0.447
2022-07-06,le,27.441666666666666,90.95833333333333,25.733333333333334,33.425000000000004,1011.0,993.6833333333334,0.0,51.541666666666664,14.958333333333334,27.791666666666668,71.5,185.25,118.66666666666667,66.58333333333333,181.29999999999998,3.3874999999999997,4.241666666666666,192.70833333333334,168.91666666666666,9.5875,0.13375,0.36125,23.90416666666667,23.991666666666664,23.708333333333332,23.899999999999995,0.43474999999999997,0.4202083333333333,0.414375,0.4466666666666667
2022-07-07,le,27.866666666666664,85.91666666666667,25.1375,34.225,1010.5124999999999,993.275,0.0,28.291666666666668,16.958333333333332,16.416666666666668,10.458333333333334,209.66666666666666,157.04166666666666,52.625,241.67083333333335,3.9583333333333335,5.483333333333333,153.75,152.25,9.779166666666667,0.15708333333333332,0.5820833333333334,24.054166666666664,23.879166666666666,23.745833333333334,23.899999999999995,0.4314166666666666,0.43225,0.414375,0.446
2022-07-08,le,27.47083333333333,82.16666666666667,23.920833333333334,33.983333333333334,1009.8249999999999,992.5875,0.0,33.416666666666664,21.291666666666668,19.416666666666668,8.583333333333334,223.875,176.16666666666666,47.708333333333336,266.7583333333333,3.5749999999999997,4.291666666666667,186.79166666666666,157.625,9.391666666666667,0.16833333333333333,0.7216666666666667,23.879166666666666,23.912499999999998,23.8,23.899999999999995,0.41962499999999997,0.4243333333333333,0.41241666666666665,0.4457083333333334
2022-07-09,le,26.65416666666667,83.83333333333333,23.541666666666668,32.82083333333333,1009.2833333333333,992.0416666666666,0.0,34.291666666666664,16.416666666666668,27.125,10.708333333333334,213.79166666666666,162.41666666666666,51.375,248.44583333333333,3.829166666666667,5.279166666666667,204.875,164.70833333333334,10.4625,0.16125,0.6170833333333333,23.308333333333334,23.566666666666666,23.8,23.899999999999995,0.41158333333333336,0.4162083333333333,0.40991666666666665,0.445
2022-07-10,le,26.370833333333334,85.375,23.608333333333334,31.516666666666666,1009.6958333333333,992.4041666666667,0.0,38.791666666666664,10.541666666666666,15.625,66.45833333333333,218.41666666666666,170.33333333333334,48.083333333333336,258.3333333333333,5.079166666666667,7.741666666666666,198.125,181.33333333333334,12.116666666666667,0.16458333333333333,0.5466666666666667,22.920833333333334,23.2625,23.724999999999998,23.899999999999995,0.409375,0.41091666666666665,0.4070416666666667,0.44475
2022-07-11,le,27.387500000000003,83.08333333333333,23.995833333333334,32.67916666666667,1010.3541666666666,993.0833333333334,0.0,52.291666666666664,7.875,36.125,80.29166666666667,225.95833333333334,168.79166666666666,57.166666666666664,252.1875,5.425,8.570833333333333,181.75,170.70833333333334,11.454166666666666,0.17,0.7066666666666667,23.570833333333336,23.325,23.679166666666664,23.899999999999995,0.4031666666666667,0.40599999999999997,0.4040416666666667,0.444
2022-07-12,le,27.270833333333332,88.75,25.183333333333334,34.37916666666667,1009.6,992.3791666666666,0.0,44.75,13.375,33.5,41.583333333333336,203.08333333333334,149.41666666666666,53.666666666666664,215.64583333333334,3.7458333333333336,6.0125,210.04166666666666,188.125,11.5625,0.15333333333333335,0.44249999999999995,23.837500000000002,23.791666666666668,23.7,23.899999999999995,0.42220833333333335,0.4179583333333334,0.403,0.4435833333333334
2022-07-13,le,26.625,93.16666666666667,25.416666666666668,32.358333333333334,1009.4958333333334,992.1791666666667,0.0,75.95833333333333,26.0,50.75,85.95833333333333,130.16666666666666,49.541666666666664,80.625,80.71666666666667,4.3125,6.291666666666667,162.54166666666666,152.75,11.283333333333333,0.09708333333333334,0.24375,23.1125,23.491666666666664,23.7,23.899999999999995,0.43087499999999995,0.43945833333333334,0.41050000000000003,0.443
2022-07-14,le,26.9875,90.125,25.166666666666668,33.141666666666666,1009.1166666666667,991.8666666666667,0.0,63.125,18.25,43.791666666666664,79.75,160.45833333333334,83.45833333333333,77.0,115.69583333333333,6.820833333333333,11.091666666666667,180.08333333333334,202.58333333333334,14.483333333333334,0.125,0.3779166666666667,23.275000000000002,23.258333333333336,23.629166666666666,23.899999999999995,0.43241666666666667,0.43333333333333335,0.41462499999999997,0.443
2022-07-15,le,26.825,92.33333333333333,25.416666666666668,33.22083333333333,1009.7375000000001,992.4666666666667,0.0,65.58333333333333,34.333333333333336,26.583333333333332,79.54166666666667,172.79166666666666,95.83333333333333,76.95833333333333,143.72916666666666,4.625,7.491666666666667,169.33333333333334,158.83333333333334,13.125,0.13125,0.29541666666666666,23.462500000000002,23.474999999999998,23.600000000000005,23.899999999999995,0.43920833333333337,0.44204166666666667,0.41924999999999996,0.442375
2022-07-16,le,26.883333333333336,92.0,25.383333333333336,31.604166666666668,1011.3249999999999,993.9625,0.0,81.875,34.708333333333336,78.0,88.79166666666667,114.75,43.5,71.25,70.39166666666667,4.508333333333334,7.958333333333333,192.29166666666666,164.66666666666666,12.354166666666666,0.08458333333333333,0.31333333333333335,23.09166666666667,23.329166666666666,23.600000000000005,23.899999999999995,0.4319583333333333,0.4339166666666667,0.43854166666666666,0.4442083333333333
2022-07-17,le,27.004166666666666,88.08333333333333,24.766666666666666,32.67916666666667,1010.8083333333334,993.4916666666667,0.0,48.625,11.291666666666666,18.125,91.83333333333333,149.625,46.708333333333336,102.91666666666667,70.81666666666666,4.55,5.904166666666666,149.66666666666666,161.70833333333334,11.958333333333334,0.11333333333333334,0.46249999999999997,23.2,23.21666666666667,23.583333333333332,23.80416666666667,0.423,0.4244583333333333,0.43733333333333335,0.445
2022-07-18,le,27.40416666666667,87.20833333333333,24.933333333333334,33.516666666666666,1009.6750000000001,992.4333333333334,0.0,55.625,39.791666666666664,16.708333333333332,37.625,218.75,166.08333333333334,52.666666666666664,241.42916666666667,4.866666666666666,6.629166666666666,178.08333333333334,164.95833333333334,11.229166666666666,0.165,0.5258333333333333,23.854166666666668,23.537499999999998,23.545833333333334,23.8,0.41287499999999994,0.4166666666666667,0.43404166666666666,0.4444166666666667
2022-07-19,le,27.90833333333333,85.79166666666667,25.125,34.00833333333333,1009.1583333333333,991.9291666666667,0.0,21.416666666666668,11.083333333333334,8.75,20.208333333333332,232.41666666666666,184.08333333333334,48.333333333333336,274.83750000000003,4.895833333333333,7.658333333333334,177.58333333333334,183.79166666666666,11.237499999999999,0.1758333333333333,0.59875,24.191666666666666,23.920833333333334,23.600000000000005,23.8,0.4056666666666667,0.4098333333333333,0.4299583333333333,0.444
2022-07-20,le,27.53333333333333,87.5,25.15416666666667,34.09166666666667,1009.775,992.5458333333332,0.0,26.416666666666668,16.083333333333332,13.333333333333334,13.125,219.875,168.375,51.5,259.7708333333333,5.0,7.966666666666666,176.45833333333334,188.83333333333334,11.808333333333332,0.16708333333333333,0.5066666666666667,24.09166666666667,24.004166666666666,23.65416666666667,23.8,0.4030833333333333,0.40370833333333334,0.42566666666666664,0.444
2022-07-21,le,27.916666666666668,84.04166666666667,24.808333333333334,33.09583333333334,1010.0916666666667,992.8333333333334,0.0,15.166666666666666,6.583333333333333,5.083333333333333,20.291666666666668,235.91666666666666,189.08333333333334,46.833333333333336,278.53333333333336,4.483333333333333,6.9624999999999995,169.79166666666666,146.33333333333334,11.4,0.18000000000000002,0.6579166666666667,24.129166666666666,24.058333333333334,23.712500000000002,23.8,0.405,0.401125,0.4214166666666666,0.444
2022-07-22,le,27.058333333333334,88.33333333333333,24.90416666666667,33.204166666666666,1011.1374999999999,993.8625000000001,0.0,42.041666666666664,16.625,22.375,45.375,187.16666666666666,122.20833333333333,64.95833333333333,173.10833333333335,5.716666666666666,8.5875,198.08333333333334,194.16666666666666,14.554166666666667,0.14375000000000002,0.44250000000000006,23.587500000000002,23.77916666666667,23.7625,23.8,0.40275,0.398125,0.41754166666666664,0.443125
2022-07-23,le,27.3125,85.83333333333333,24.620833333333334,33.75416666666667,1010.25,992.9958333333334,0.0,31.833333333333332,13.833333333333334,20.458333333333332,23.458333333333332,219.58333333333334,169.25,50.333333333333336,255.9416666666667,4.129166666666666,6.483333333333333,196.25,163.16666666666666,10.633333333333333,0.16375,0.5620833333333334,23.858333333333334,23.741666666666664,23.75,23.8,0.404375,0.39725000000000005,0.4138333333333333,0.443
2022-07-24,le,27.633333333333336,84.66666666666667,24.733333333333334,33.7875,1008.8375,991.6,0.0,43.416666666666664,25.416666666666668,27.416666666666668,13.541666666666666,216.04166666666666,166.75,49.291666666666664,247.12083333333337,3.5124999999999997,4.833333333333333,155.41666666666666,145.5,10.0625,0.1625,0.5966666666666667,24.099999999999998,23.995833333333334,23.8,23.8,0.40729166666666666,0.39695833333333336,0.410375,0.44275
2022-07-25,le,26.895833333333332,87.375,24.508333333333336,33.71666666666667,1009.2333333333332,992.0041666666666,0.0,61.916666666666664,40.916666666666664,25.875,31.583333333333332,213.20833333333334,160.5,52.708333333333336,234.45416666666665,3.4333333333333336,5.020833333333333,173.04166666666666,154.08333333333334,10.5625,0.16041666666666668,0.48291666666666666,23.77916666666667,23.854166666666668,23.8,23.8,0.4136666666666666,0.39891666666666664,0.40720833333333334,0.442
2022-07-26,le,27.275000000000002,86.04166666666667,24.650000000000002,32.333333333333336,1009.8874999999999,992.6166666666667,0.0,53.791666666666664,32.166666666666664,10.208333333333334,63.583333333333336,232.625,173.58333333333334,59.041666666666664,262.27500000000003,5.2,8.208333333333334,167.66666666666666,159.20833333333334,12.149999999999999,0.17541666666666667,0.53875,24.108333333333334,23.945833333333336,23.8,23.8,0.4126666666666667,0.40387500000000004,0.40425,0.442
2022-07-27,le,27.3875,84.70833333333333,24.420833333333334,32.49583333333333,1009.6041666666666,992.35,0.0,28.416666666666668,5.5,2.5,73.41666666666667,253.54166666666666,206.29166666666666,47.25,299.6958333333333,5.2749999999999995,8.104166666666666,195.5,196.54166666666666,13.008333333333333,0.19041666666666668,0.6141666666666666,24.02916666666667,23.941666666666666,23.80416666666667,23.8,0.39487500000000003,0.39895833333333336,0.4010833333333334,0.4410416666666667
2022-07-28,le,27.72083333333333,84.45833333333333,24.729166666666668,32.93333333333333,1009.4708333333333,992.2458333333334,0.0,38.666666666666664,12.583333333333334,10.625,69.75,222.125,163.625,58.5,244.36249999999998,7.383333333333333,11.291666666666666,175.54166666666666,188.625,15.120833333333332,0.17416666666666666,0.6304166666666667,23.929166666666664,23.925,23.833333333333332,23.8,0.3830833333333334,0.3917916666666667,0.39775000000000005,0.441
2022-07-29,le,27.620833333333334,85.125,24.704166666666666,33.362500000000004,1009.3916666666668,992.1583333333333,0.0,36.458333333333336,9.666666666666666,5.541666666666667,81.33333333333333,243.375,190.70833333333334,52.666666666666664,285.9166666666667,6.316666666666666,9.7875,150.54166666666666,147.83333333333334,13.854166666666666,0.18416666666666667,0.62125,24.037499999999998,23.912499999999998,23.84583333333333,23.8,0.375875,0.38495833333333335,0.3945,0.44
2022-07-30,le,27.979166666666668,85.66666666666667,25.133333333333336,33.458333333333336,1009.8874999999999,992.6291666666666,0.0,52.125,21.916666666666668,10.416666666666666,86.625,223.95833333333334,164.83333333333334,59.125,243.23749999999998,4.825,6.829166666666667,185.83333333333334,178.04166666666666,10.858333333333334,0.16833333333333333,0.6070833333333333,24.474999999999998,24.245833333333334,23.899999999999995,23.8,0.3705,0.3785416666666667,0.39129166666666665,0.43979166666666664
2022-07-31,le,27.900000000000002,85.25,25.02916666666667,33.475,1008.9,991.6666666666666,0.0,35.375,16.416666666666668,12.333333333333334,43.791666666666664,238.75,182.125,56.625,268.7666666666667,6.183333333333334,10.004166666666666,173.54166666666666,173.875,13.620833333333332,0.18208333333333335,0.6058333333333333,24.5125,24.3875,23.924999999999997,23.8,0.3678333333333333,0.3729166666666666,0.388125,0.439
2022-08-01,le,27.395833333333332,83.25,24.058333333333334,33.21666666666667,1008.8083333333334,991.5625,0.0,31.791666666666668,13.5,3.25,58.708333333333336,248.75,189.625,59.125,274.72083333333336,5.95,9.329166666666667,171.16666666666666,167.875,13.6625,0.18833333333333332,0.7004166666666666,23.96666666666667,24.0,23.96666666666667,23.8,0.3580833333333333,0.3673333333333333,0.38479166666666664,0.4385833333333333
2022-08-02,le,28.075,83.29166666666667,24.8125,33.958333333333336,1009.3791666666666,992.1541666666667,0.0,59.791666666666664,15.125,28.0,97.70833333333333,226.91666666666666,160.5,66.41666666666667,232.61249999999998,4.370833333333334,6.979166666666667,161.79166666666666,170.70833333333334,11.016666666666666,0.1729166666666667,0.6825,24.52916666666667,24.304166666666664,24.0,23.8,0.3545,0.361875,0.3817916666666667,0.438
2022-08-03,le,27.704166666666666,88.08333333333333,25.483333333333334,34.49583333333333,1010.0958333333333,992.8916666666668,0.0,67.125,33.333333333333336,20.708333333333332,89.41666666666667,199.625,123.16666666666667,76.45833333333333,173.54999999999998,3.920833333333333,5.8875,169.41666666666666,172.20833333333334,12.674999999999999,0.15333333333333335,0.4670833333333333,24.208333333333332,24.258333333333336,24.0,23.8,0.3868333333333333,0.36345833333333327,0.379125,0.4374166666666666
2022-08-04,le,27.016666666666666,92.25,25.620833333333334,33.604166666666664,1010.6958333333333,993.4125,0.0,66.75,37.458333333333336,29.791666666666668,58.375,141.5,72.5,69.0,108.02499999999999,2.6125000000000003,3.9166666666666665,194.20833333333334,199.08333333333334,10.658333333333333,0.10958333333333332,0.28833333333333333,23.704166666666666,24.025000000000002,24.0,23.8,0.4210833333333333,0.3854166666666667,0.37754166666666666,0.437
2022-08-05,le,26.920833333333334,84.83333333333333,23.941666666666666,33.44166666666667,1011.0291666666667,993.7458333333334,0.0,65.91666666666667,31.875,15.208333333333334,93.79166666666667,220.04166666666666,154.04166666666666,66.0,220.3083333333333,4.858333333333333,7.058333333333334,154.16666666666666,139.04166666666666,10.5875,0.165,0.6045833333333334,23.6875,23.7,24.0,23.8,0.416125,0.39687500000000003,0.3765416666666667,0.43625
2022-08-06,le,27.191666666666666,82.70833333333333,23.7,33.4375,1010.7541666666666,993.4791666666666,0.0,45.875,20.333333333333332,14.0,63.583333333333336,245.79166666666666,196.66666666666666,49.125,282.17083333333335,4.029166666666667,5.041666666666667,190.25,174.25,10.083333333333334,0.18416666666666667,0.7174999999999999,23.71666666666667,23.72083333333333,23.924999999999997,23.8,0.4014166666666667,0.3947083333333334,0.3755,0.436
2022-08-07,le,27.491666666666664,82.08333333333333,24.004166666666666,33.25,1010.2958333333332,993.0291666666667,0.0,25.666666666666668,13.083333333333334,16.125,13.833333333333334,237.45833333333334,184.91666666666666,52.541666666666664,269.02500000000003,4.008333333333334,4.604166666666667,206.41666666666666,211.04166666666666,10.45,0.17791666666666664,0.7079166666666666,23.729166666666668,23.808333333333334,23.899999999999995,23.8,0.39225,0.3895,0.37399999999999994,0.435
2022-08-08,le,28.291666666666668,78.66666666666667,23.974999999999998,33.49166666666667,1009.6333333333333,992.4083333333333,0.0,22.208333333333332,19.041666666666668,8.208333333333334,0.0,250.70833333333334,202.08333333333334,48.625,288.2708333333333,4.808333333333333,6.583333333333333,184.20833333333334,157.66666666666666,11.595833333333333,0.19458333333333333,0.9,24.133333333333336,23.945833333333336,23.899999999999995,23.8,0.38362500000000005,0.3834583333333333,0.3721666666666667,0.4347083333333333
2022-08-09,le,27.695833333333336,79.91666666666667,23.666666666666668,33.237500000000004,1009.5500000000001,992.3166666666666,0.0,13.041666666666666,11.416666666666666,4.333333333333333,0.0,254.0,205.70833333333334,48.291666666666664,296.53333333333336,4.9375,7.204166666666667,157.875,140.41666666666666,11.891666666666666,0.19583333333333333,0.8291666666666666,23.870833333333334,23.916666666666668,23.899999999999995,23.8,0.37604166666666666,0.3774166666666667,0.3702083333333333,0.434
2022-08-10,le,28.141666666666666,81.25,24.46666666666667,33.545833333333334,1009.8249999999999,992.5916666666667,0.0,26.791666666666668,13.958333333333334,14.75,17.75,244.625,197.0,47.625,283.6458333333333,4.929166666666666,6.491666666666667,185.0,182.375,12.683333333333332,0.18916666666666668,0.7708333333333334,24.349999999999998,24.104166666666668,23.899999999999995,23.862499999999997,0.367875,0.371125,0.3682083333333333,0.4335
2022-08-11,le,28.462500000000002,82.45833333333333,25.041666666666668,34.21666666666667,1009.8541666666666,992.6374999999999,0.0,29.333333333333332,20.041666666666668,15.291666666666666,6.666666666666667,246.0,197.70833333333334,48.291666666666664,287.0541666666667,4.379166666666666,5.470833333333334,180.125,175.04166666666666,11.85,0.18999999999999997,0.7283333333333334,24.645833333333332,24.375,23.94583333333333,23.899999999999995,0.3715833333333333,0.36641666666666667,0.3665,0.433
2022-08-12,le,27.858333333333334,87.375,25.508333333333336,34.0375,1009.9458333333333,992.6958333333333,0.0,35.333333333333336,15.125,28.291666666666668,15.291666666666666,219.08333333333334,159.91666666666666,59.166666666666664,222.65416666666667,4.0874999999999995,5.125,180.58333333333334,153.875,12.095833333333333,0.16708333333333333,0.50125,24.541666666666668,24.516666666666666,24.016666666666666,23.899999999999995,0.39562499999999995,0.3721666666666667,0.3649166666666666,0.4323333333333333
2022-08-13,le,27.195833333333336,89.29166666666667,25.2,33.020833333333336,1010.4458333333333,993.1666666666666,0.0,39.416666666666664,8.333333333333334,20.5,65.41666666666667,229.54166666666666,170.625,58.916666666666664,237.86249999999998,4.5,6.554166666666667,222.5,232.70833333333334,11.370833333333332,0.1725,0.42124999999999996,24.104166666666668,24.254166666666666,24.075000000000003,23.899999999999995,0.4234583333333333,0.40558333333333335,0.36645833333333333,0.432
2022-08-14,le,26.995833333333334,88.54166666666667,24.795833333333334,33.170833333333334,1010.2916666666666,993.0166666666668,0.0,46.333333333333336,23.583333333333332,9.625,64.625,229.5,151.16666666666666,78.33333333333333,196.40416666666667,4.616666666666666,5.891666666666667,195.125,177.125,12.383333333333333,0.1729166666666667,0.4666666666666666,23.912499999999998,23.958333333333332,24.05,23.899999999999995,0.4242916666666667,0.4190833333333333,0.3713333333333333,0.43133333333333335
2022-08-15,le,27.3125,89.41666666666667,25.370833333333334,33.420833333333334,1010.9791666666666,993.6999999999999,0.0,40.541666666666664,16.291666666666668,15.291666666666666,55.708333333333336,193.58333333333334,109.125,84.45833333333333,166.54166666666666,3.5041666666666664,5.2375,166.08333333333334,169.45833333333334,10.504166666666666,0.14625000000000002,0.40291666666666665,23.804166666666664,23.929166666666664,24.0125,23.899999999999995,0.4355,0.432,0.3758333333333333,0.431
2022-08-16,le,27.108333333333334,88.70833333333333,25.02916666666667,33.5875,1011.25,993.9708333333333,0.0,57.208333333333336,32.833333333333336,26.833333333333332,46.416666666666664,213.08333333333334,143.29166666666666,69.79166666666667,193.20833333333334,3.2083333333333335,3.983333333333333,191.45833333333334,162.83333333333334,11.758333333333333,0.16125,0.43416666666666665,23.75,23.8125,24.0,23.899999999999995,0.436375,0.43979166666666664,0.38504166666666667,0.43083333333333335
2022-08-17,le,27.52916666666667,85.54166666666667,24.72083333333333,33.35,1011.0166666666668,993.7541666666666,0.0,39.125,17.666666666666668,19.666666666666668,38.25,226.25,162.04166666666666,64.20833333333333,223.36249999999998,5.670833333333333,9.1875,158.70833333333334,178.125,14.1,0.17500000000000002,0.5908333333333333,24.025000000000002,23.9375,24.0,23.899999999999995,0.433875,0.436625,0.39266666666666666,0.43
2022-08-18,le,28.212500000000002,78.75,23.916666666666668,33.22083333333333,1010.0166666666668,992.8000000000001,0.0,23.5,12.666666666666666,13.5,14.541666666666666,252.41666666666666,202.375,50.041666666666664,286.7916666666667,6.4624999999999995,10.808333333333332,186.20833333333334,210.75,15.554166666666667,0.2041666666666667,0.8941666666666667,24.254166666666666,24.099999999999998,24.0,23.899999999999995,0.4184583333333333,0.4240833333333333,0.3937916666666667,0.43
2022-08-19,le,28.520833333333332,76.70833333333333,23.758333333333336,33.13333333333333,1009.7458333333334,992.5375,0.0,8.625,1.2916666666666667,4.541666666666667,15.625,275.4166666666667,229.875,45.541666666666664,324.3,7.0625,11.700000000000001,151.29166666666666,168.58333333333334,16.495833333333334,0.21958333333333335,1.01375,24.40416666666667,24.175,24.0,23.899999999999995,0.4005,0.41154166666666664,0.393,0.43
2022-08-20,le,28.291666666666668,82.20833333333333,24.829166666666666,33.925000000000004,1009.5958333333333,992.3916666666668,0.0,43.958333333333336,13.708333333333334,27.0,54.041666666666664,249.66666666666666,199.20833333333334,50.458333333333336,279.475,4.879166666666666,7.166666666666667,205.70833333333334,206.125,13.412500000000001,0.19291666666666665,0.73375,24.724999999999998,24.458333333333332,24.020833333333332,23.899999999999995,0.4008333333333333,0.4017916666666667,0.3910833333333334,0.4290416666666667
2022-08-21,le,27.516666666666666,85.91666666666667,24.8875,33.625,1010.025,992.7791666666667,0.0,73.66666666666667,22.916666666666668,42.458333333333336,95.5,234.125,174.0,60.125,246.57083333333333,3.9333333333333336,4.941666666666666,186.66666666666666,177.91666666666666,12.345833333333333,0.17833333333333334,0.5391666666666667,24.458333333333332,24.541666666666668,24.100000000000005,23.899999999999995,0.41954166666666665,0.403125,0.38962500000000005,0.429
2022-08-22,le,27.058333333333334,89.08333333333333,25.03333333333333,33.09583333333333,1010.5,993.225,0.0,62.166666666666664,30.125,21.958333333333332,76.66666666666667,219.66666666666666,139.33333333333334,80.33333333333333,194.92916666666667,4.316666666666666,6.575,148.875,118.625,11.429166666666667,0.16333333333333333,0.4170833333333333,24.058333333333334,24.21666666666667,24.100000000000005,23.899999999999995,0.42275,0.41862499999999997,0.391125,0.429
2022-08-23,le,27.791666666666668,83.125,24.366666666666664,34.137499999999996,1010.1416666666668,992.9416666666666,0.0,39.208333333333336,13.375,11.625,67.0,266.75,211.79166666666666,54.958333333333336,289.925,5.3,7.891666666666667,180.04166666666666,153.79166666666666,13.670833333333334,0.21041666666666667,0.7295833333333334,24.354166666666668,24.099999999999998,24.100000000000005,23.899999999999995,0.402125,0.41825,0.39558333333333334,0.42854166666666665
2022-08-24,le,27.962500000000002,82.875,24.608333333333334,33.824999999999996,1010.2666666666668,993.0458333333332,0.0,31.375,11.083333333333334,18.0,34.75,260.5,208.29166666666666,52.208333333333336,291.91249999999997,4.904166666666667,7.2124999999999995,148.08333333333334,142.875,13.35,0.2025,0.71375,24.520833333333332,24.34166666666667,24.100000000000005,23.899999999999995,0.40058333333333335,0.4071666666666667,0.39454166666666673,0.428
2022-08-25,le,28.40833333333333,77.41666666666667,23.766666666666666,33.233333333333334,1009.9916666666667,992.775,0.0,46.666666666666664,18.416666666666668,10.708333333333334,78.79166666666667,273.7083333333333,222.70833333333334,51.0,307.3125,5.55,8.483333333333333,167.20833333333334,148.875,15.533333333333333,0.2175,0.9700000000000001,24.754166666666666,24.6125,24.133333333333336,23.899999999999995,0.418375,0.40595833333333337,0.393125,0.428
2022-08-26,le,27.349999999999998,82.04166666666667,23.78333333333333,32.920833333333334,1009.5333333333333,992.2958333333332,0.0,41.625,11.375,13.5,77.125,238.75,172.08333333333334,66.66666666666667,232.89583333333334,4.945833333333334,6.8125,171.91666666666666,145.625,13.049999999999999,0.18708333333333335,0.7266666666666667,23.945833333333336,24.145833333333332,24.191666666666666,23.899999999999995,0.40854166666666664,0.40162500000000007,0.3915,0.4279583333333333
2022-08-27,le,27.425,84.95833333333333,24.554166666666664,33.4125,1009.2666666666668,992.025,0.0,58.75,24.041666666666668,25.375,94.08333333333333,224.83333333333334,134.20833333333334,90.625,181.27916666666667,4.183333333333334,5.208333333333333,153.83333333333334,142.70833333333334,12.766666666666666,0.1729166666666667,0.5920833333333334,24.2,24.191666666666666,24.162499999999998,23.899999999999995,0.41912499999999997,0.40820833333333334,0.3904166666666667,0.427
2022-08-28,le,26.870833333333334,89.45833333333333,24.879166666666666,32.63333333333333,1009.7458333333334,992.4541666666668,0.0,70.20833333333333,30.0,35.125,87.58333333333333,196.83333333333334,122.29166666666667,74.54166666666667,169.55416666666667,4.783333333333333,6.979166666666667,185.0,182.95833333333334,12.054166666666667,0.1475,0.40958333333333335,23.866666666666664,24.09166666666667,24.129166666666666,23.899999999999995,0.4270416666666667,0.42083333333333334,0.39045833333333335,0.427
2022-08-29,le,26.9875,85.33333333333333,24.2,33.5625,1009.7583333333333,992.5166666666668,0.0,43.25,17.125,17.166666666666668,58.166666666666664,242.16666666666666,175.33333333333334,66.83333333333333,240.59166666666667,4.2,5.637499999999999,169.5,171.04166666666666,10.65,0.18500000000000003,0.5654166666666667,23.787499999999998,23.829166666666666,24.100000000000005,23.899999999999995,0.43170833333333336,0.4302083333333333,0.3932083333333334,0.427
2022-08-30,le,27.412499999999998,83.95833333333333,24.275000000000002,33.65833333333333,1009.6291666666666,992.4166666666666,0.0,48.458333333333336,16.958333333333332,16.666666666666668,77.16666666666667,249.125,185.95833333333334,63.166666666666664,258.29583333333335,5.0625,7.175,183.70833333333334,175.375,12.612499999999999,0.19375,0.6533333333333333,24.066666666666666,23.95,24.075000000000003,23.899999999999995,0.4224583333333333,0.4222083333333333,0.3941666666666667,0.42687499999999995
2022-08-31,le,27.7375,84.95833333333333,24.854166666666668,33.15416666666667,1009.1999999999999,991.975,0.0,43.291666666666664,7.041666666666667,12.375,98.29166666666667,199.70833333333334,108.04166666666667,91.66666666666667,137.5625,5.866666666666667,8.525,132.33333333333334,133.08333333333334,12.9625,0.16208333333333333,0.5908333333333333,23.962500000000002,24.058333333333334,24.070833333333336,23.899999999999995,0.4163333333333333,0.4157916666666666,0.39399999999999996,0.426
2022-09-01,le,27.879166666666666,84.625,24.941666666666666,34.012499999999996,1009.65,992.4250000000001,0.0,33.875,11.75,19.875,37.791666666666664,239.5,179.375,60.125,247.01250000000002,5.925,9.958333333333334,153.08333333333334,161.625,15.200000000000001,0.18499999999999997,0.6170833333333333,24.116666666666664,24.058333333333334,24.05,23.899999999999995,0.4104583333333333,0.4102083333333333,0.3935416666666667,0.426
2022-09-02,le,28.02916666666667,83.91666666666667,24.854166666666668,34.25,1010.7791666666667,993.5666666666666,0.0,22.333333333333332,9.125,12.833333333333334,21.166666666666668,264.1666666666667,212.29166666666666,51.875,289.10833333333335,5.808333333333334,8.091666666666667,164.70833333333334,166.54166666666666,14.674999999999999,0.2075,0.6733333333333333,24.537499999999998,24.275000000000002,24.058333333333334,23.899999999999995,0.40570833333333334,0.404625,0.3925,0.426
2022-09-03,le,27.916666666666668,83.83333333333333,24.754166666666666,33.53333333333333,1010.7541666666666,993.5166666666668,0.0,61.708333333333336,22.416666666666668,20.041666666666668,98.5,254.25,197.95833333333334,56.291666666666664,278.1458333333333,4.683333333333334,6.508333333333333,165.29166666666666,151.16666666666666,13.045833333333334,0.1991666666666667,0.6645833333333334,24.508333333333336,24.400000000000002,24.100000000000005,23.899999999999995,0.40445833333333336,0.40075,0.391,0.425875
2022-09-04,le,27.983333333333334,80.875,23.974999999999998,34.00833333333333,1010.4499999999999,993.2333333333332,0.0,42.083333333333336,4.208333333333333,13.75,99.79166666666667,269.5416666666667,212.95833333333334,56.583333333333336,288.65000000000003,5.204166666666667,7.5125,204.16666666666666,200.91666666666666,13.708333333333334,0.2125,0.8525,24.712500000000002,24.4875,24.11666666666667,23.899999999999995,0.39995833333333336,0.3960000000000001,0.3892083333333334,0.425
2022-09-05,le,28.083333333333332,82.16666666666667,24.570833333333336,34.708333333333336,1010.9499999999999,993.7541666666666,0.0,54.291666666666664,24.791666666666668,27.333333333333332,68.04166666666667,247.04166666666666,169.29166666666666,77.75,228.35416666666666,5.933333333333334,7.770833333333333,171.25,165.66666666666666,14.6,0.19791666666666666,0.7362500000000001,24.53333333333333,24.5,24.2,23.899999999999995,0.4031666666666667,0.39329166666666665,0.3875416666666667,0.425
2022-09-06,le,27.504166666666666,86.91666666666667,25.025000000000002,34.375,1010.6208333333334,993.4,0.0,61.416666666666664,23.625,33.958333333333336,65.83333333333333,232.41666666666666,169.375,63.041666666666664,222.79999999999998,6.004166666666666,9.158333333333333,175.75,165.875,13.995833333333332,0.18208333333333335,0.5183333333333333,24.295833333333334,24.433333333333334,24.2,23.899999999999995,0.4385833333333333,0.4222916666666667,0.3914166666666667,0.425
2022-09-07,le,27.462500000000002,85.91666666666667,24.775000000000002,33.237500000000004,1011.3541666666666,994.0333333333333,0.0,52.375,24.5,22.916666666666668,60.541666666666664,229.04166666666666,164.41666666666666,64.625,229.55416666666667,4.454166666666667,6.2625,176.0,170.29166666666666,13.7875,0.16958333333333334,0.5591666666666667,24.275000000000002,24.275000000000002,24.2,23.9875,0.424625,0.4212916666666666,0.3939166666666667,0.4245833333333333
2022-09-08,le,26.224999999999998,92.125,24.829166666666666,31.858333333333334,1013.0666666666666,995.6625,0.0,85.66666666666667,43.625,52.583333333333336,98.54166666666667,167.04166666666666,80.41666666666667,86.625,96.99583333333334,3.904166666666667,5.6125,189.83333333333334,188.25,13.424999999999999,0.12291666666666667,0.27708333333333335,23.395833333333332,23.916666666666668,24.2,24.0,0.4347083333333333,0.42650000000000005,0.396375,0.424
2022-09-10,le,26.587500000000002,91.54166666666667,25.066666666666666,32.52916666666667,1012.4916666666667,995.1333333333333,0.0,77.20833333333333,19.791666666666668,57.25,90.16666666666667,202.79166666666666,118.625,84.16666666666667,150.875,3.0666666666666664,4.720833333333333,158.08333333333334,176.125,11.504166666666668,0.15291666666666667,0.3095833333333333,23.425,23.47083333333333,24.008333333333336,24.0,0.44933333333333336,0.45008333333333334,0.42945833333333333,0.429
2022-09-11,le,26.825,89.0,24.71666666666667,33.18333333333333,1010.8541666666666,993.5583333333334,0.0,63.208333333333336,38.166666666666664,29.041666666666668,45.75,254.70833333333334,194.125,60.583333333333336,252.35416666666666,4.35,5.779166666666666,197.79166666666666,196.25,11.129166666666668,0.18791666666666665,0.43291666666666667,23.916666666666668,23.741666666666664,23.933333333333334,24.0,0.43983333333333335,0.445125,0.43804166666666666,0.43133333333333335
2022-09-12,le,26.554166666666664,88.91666666666667,24.516666666666666,33.15833333333333,1010.8375,993.5583333333334,0.0,48.208333333333336,24.458333333333332,23.416666666666668,41.541666666666664,246.29166666666666,186.20833333333334,60.083333333333336,251.23749999999998,4.75,5.933333333333334,192.29166666666666,188.375,11.520833333333334,0.18041666666666667,0.41083333333333333,23.599999999999998,23.745833333333334,23.904166666666665,24.0,0.4386666666666667,0.44120833333333337,0.43854166666666666,0.432
2022-09-13,le,27.03333333333333,87.375,24.650000000000002,33.645833333333336,1012.775,995.4666666666667,0.0,44.791666666666664,10.833333333333334,18.291666666666668,80.125,261.8333333333333,200.95833333333334,60.875,275.90833333333336,4.5249999999999995,6.7749999999999995,178.45833333333334,178.75,11.85,0.19583333333333333,0.4875,23.916666666666668,23.820833333333336,23.899999999999995,24.0,0.43983333333333335,0.4370416666666667,0.43875,0.43320833333333336
2022-09-14,le,27.508333333333336,82.20833333333333,23.9875,33.27916666666667,1013.5208333333334,996.225,0.0,46.208333333333336,8.0,20.666666666666668,88.75,253.04166666666666,178.70833333333334,74.33333333333333,245.36249999999998,4.516666666666667,6.479166666666667,199.25,212.45833333333334,11.933333333333332,0.19541666666666668,0.7229166666666668,24.275000000000002,24.045833333333334,23.899999999999995,24.0,0.42812500000000003,0.42891666666666667,0.43895833333333334,0.435
2022-09-15,le,27.95,80.375,24.02916666666667,33.8875,1011.9250000000001,994.6541666666667,0.0,42.333333333333336,11.708333333333334,20.083333333333332,65.58333333333333,265.75,207.04166666666666,58.708333333333336,278.53333333333336,4.495833333333334,6.791666666666667,165.08333333333334,152.625,11.133333333333333,0.20625000000000002,0.8166666666666668,24.370833333333334,24.1875,23.924999999999997,24.0,0.4147083333333333,0.4189583333333333,0.43329166666666663,0.435
2022-09-16,le,27.308333333333334,87.66666666666667,25.008333333333336,33.675000000000004,1011.1,993.8291666666668,0.0,55.333333333333336,15.958333333333334,18.916666666666668,98.375,233.125,146.83333333333334,86.29166666666667,194.82916666666665,3.6916666666666664,4.7875000000000005,184.75,162.29166666666666,11.833333333333334,0.17875,0.48,24.21666666666667,24.28333333333333,24.0,24.0,0.4229583333333333,0.423,0.42874999999999996,0.435
2022-09-17,le,27.695833333333336,84.95833333333333,24.795833333333334,34.25833333333333,1010.6750000000001,993.4583333333334,0.0,39.0,3.4583333333333335,12.291666666666666,94.95833333333333,269.875,201.04166666666666,68.83333333333333,277.05833333333334,5.6000000000000005,7.6625000000000005,183.75,148.58333333333334,13.75,0.21041666666666667,0.6158333333333333,24.395833333333332,24.208333333333332,24.0,24.0,0.42291666666666666,0.436375,0.43004166666666666,0.435
2022-09-18,le,28.420833333333334,80.54166666666667,24.504166666666666,34.449999999999996,1010.9875000000001,993.775,0.0,41.208333333333336,6.625,9.791666666666666,98.125,261.6666666666667,186.83333333333334,74.83333333333333,252.17499999999998,5.391666666666667,7.7250000000000005,161.375,147.66666666666666,12.329166666666666,0.20583333333333334,0.82875,24.59166666666667,24.40833333333333,24.058333333333334,24.0,0.4226666666666667,0.43254166666666666,0.4277916666666666,0.435
2022-09-19,le,28.370833333333334,79.20833333333333,24.325,33.729166666666664,1011.3791666666666,994.1208333333334,0.0,37.541666666666664,4.458333333333333,9.166666666666666,93.08333333333333,257.0,193.875,63.125,271.5458333333333,6.158333333333334,8.862499999999999,141.75,121.95833333333333,14.683333333333335,0.19958333333333333,0.8341666666666666,24.27916666666667,24.349999999999998,24.100000000000005,24.0,0.4267083333333333,0.4254583333333333,0.42454166666666665,0.43495833333333334
2022-09-20,le,27.670833333333334,81.33333333333333,24.037499999999998,33.358333333333334,1011.1791666666667,993.9166666666666,0.0,50.416666666666664,11.0,17.666666666666668,99.625,251.08333333333334,173.04166666666666,78.04166666666667,222.9125,4.466666666666667,6.541666666666667,156.5,153.83333333333334,11.491666666666667,0.19499999999999998,0.7416666666666667,24.15416666666667,24.1125,24.100000000000005,24.0,0.42195833333333327,0.422625,0.42166666666666663,0.434
2022-09-21,le,27.900000000000002,82.83333333333333,24.579166666666666,33.37083333333333,1011.0124999999999,993.7458333333334,0.0,50.041666666666664,14.25,18.25,87.41666666666667,213.33333333333334,112.16666666666667,101.16666666666667,160.09166666666667,5.033333333333333,7.404166666666666,161.58333333333334,153.91666666666666,11.766666666666666,0.1675,0.68375,24.21666666666667,24.233333333333334,24.100000000000005,24.0,0.4170416666666667,0.4177916666666666,0.41887499999999994,0.434
2022-09-22,le,27.329166666666666,88.25,25.133333333333336,33.487500000000004,1010.7541666666666,993.4708333333333,0.0,62.291666666666664,24.0,22.5,90.33333333333333,223.375,141.875,81.5,189.1,3.8791666666666664,5.616666666666667,158.125,137.25,12.583333333333334,0.17,0.46166666666666667,23.962500000000002,24.099999999999998,24.100000000000005,24.0,0.4303333333333333,0.4307083333333333,0.41916666666666663,0.434
2022-09-23,le,27.09166666666667,89.66666666666667,25.22083333333333,33.7125,1010.8625000000001,993.5833333333334,0.0,62.333333333333336,22.583333333333332,21.708333333333332,99.125,215.33333333333334,118.66666666666667,96.66666666666667,158.275,3.6791666666666667,5.445833333333333,190.66666666666666,182.5,12.058333333333332,0.16166666666666668,0.38916666666666666,23.983333333333334,24.03333333333333,24.100000000000005,24.0,0.44049999999999995,0.4487916666666667,0.43295833333333333,0.434
2022-09-24,le,27.724999999999998,86.54166666666667,25.183333333333334,33.8125,1010.0208333333334,992.7708333333334,0.0,33.541666666666664,5.125,10.208333333333334,75.83333333333333,265.8333333333333,203.875,61.958333333333336,281.825,5.854166666666667,8.479166666666666,195.375,189.79166666666666,14.191666666666665,0.19874999999999998,0.5408333333333334,24.429166666666664,24.170833333333334,24.100000000000005,24.0,0.43695833333333334,0.444625,0.44545833333333335,0.4344166666666667
2022-09-25,le,28.645833333333332,79.5,24.40833333333333,34.49583333333333,1010.0124999999999,992.8166666666666,0.0,42.75,27.166666666666668,13.416666666666666,36.375,289.4583333333333,237.04166666666666,52.416666666666664,315.47083333333336,5.320833333333334,7.8374999999999995,161.875,174.66666666666666,12.945833333333333,0.22624999999999998,0.91,24.883333333333336,24.516666666666666,24.1125,24.0,0.42391666666666666,0.435625,0.44295833333333334,0.435
2022-09-26,le,28.554166666666664,77.83333333333333,23.995833333333334,34.175000000000004,1009.9583333333334,992.7458333333334,0.0,46.0,8.708333333333334,18.25,90.54166666666667,268.5,209.58333333333334,58.916666666666664,287.92083333333335,5.033333333333333,7.887499999999999,190.5,190.95833333333334,12.866666666666667,0.20916666666666664,0.9625,24.837500000000002,24.662499999999998,24.2,24.0,0.41195833333333337,0.4218333333333333,0.4387916666666667,0.4359583333333333
2022-09-27,le,27.895833333333332,81.875,24.3125,33.84166666666667,1008.6125000000001,991.4250000000001,0.0,37.75,7.208333333333333,18.541666666666668,67.125,277.0833333333333,217.41666666666666,59.666666666666664,296.2375,5.75,8.6625,184.5,182.0,13.0,0.21666666666666667,0.7545833333333333,24.77916666666667,24.645833333333332,24.22083333333333,24.0,0.40675,0.411875,0.43445833333333334,0.436
2022-09-28,le,27.858333333333334,83.25,24.59583333333333,34.300000000000004,1008.0625,990.9,0.0,56.125,18.916666666666668,35.458333333333336,67.91666666666667,261.7916666666667,193.5,68.29166666666667,269.375,4.716666666666667,7.104166666666667,206.41666666666666,199.20833333333334,11.041666666666666,0.20625000000000002,0.6841666666666666,24.787499999999998,24.675,24.3,24.0,0.4117916666666666,0.4075,0.43045833333333333,0.436
2022-09-29,le,27.979166666666668,82.875,24.625,34.09166666666667,1008.6958333333333,991.5208333333334,0.0,51.0,12.875,21.708333333333332,87.91666666666667,262.8333333333333,193.5,69.33333333333333,262.77500000000003,5.733333333333333,8.545833333333333,210.66666666666666,197.25,12.7875,0.2075,0.70125,24.770833333333332,24.6875,24.308333333333334,24.0,0.4101666666666666,0.405875,0.42674999999999996,0.436
2022-09-30,le,27.741666666666664,85.625,24.983333333333334,33.525,1009.8083333333334,992.5875,0.0,51.625,11.333333333333334,21.875,94.0,197.33333333333334,91.25,106.08333333333333,131.2125,7.220833333333334,10.7125,142.29166666666666,151.08333333333334,15.833333333333334,0.1679166666666667,0.5720833333333334,24.145833333333332,24.420833333333334,24.320833333333336,24.0,0.40720833333333334,0.40279166666666666,0.42333333333333334,0.435625
2022-10-01,le,27.833333333333332,85.83333333333333,25.09583333333333,35.03333333333333,1009.8916666666668,992.7041666666668,0.0,47.291666666666664,11.25,35.75,52.375,252.41666666666666,188.54166666666666,63.875,256.69166666666666,5.104166666666667,7.429166666666667,167.625,163.25,12.883333333333333,0.19874999999999998,0.5845833333333333,24.34166666666667,24.28333333333333,24.3,24.0,0.4069583333333333,0.40254166666666674,0.42025,0.435
2022-10-02,le,27.383333333333336,90.70833333333333,25.683333333333334,33.300000000000004,1009.775,992.4958333333334,0.0,83.75,25.208333333333332,64.08333333333333,81.91666666666667,212.5,126.79166666666667,85.70833333333333,154.35833333333332,4.216666666666667,5.908333333333334,182.54166666666666,183.70833333333334,11.558333333333332,0.15625,0.36083333333333334,24.3125,24.333333333333332,24.3,24.0,0.41575,0.4074583333333333,0.4185833333333333,0.435
2022-10-03,le,27.3125,89.33333333333333,25.325,34.016666666666666,1009.525,992.3041666666667,0.0,63.375,16.958333333333332,31.791666666666668,96.54166666666667,197.29166666666666,96.5,100.79166666666667,127.19166666666666,4.2,6.075,202.16666666666666,199.95833333333334,13.6625,0.15666666666666668,0.4154166666666667,24.066666666666666,24.22083333333333,24.3,24.0,0.435625,0.4338333333333333,0.4222083333333333,0.435
2022-10-04,le,26.90416666666667,92.20833333333333,25.504166666666666,32.708333333333336,1009.9,992.5958333333333,0.0,78.16666666666667,12.833333333333334,71.66666666666667,84.54166666666667,129.54166666666666,42.416666666666664,87.125,53.112500000000004,3.558333333333333,5.495833333333334,184.5,195.16666666666666,9.958333333333334,0.10291666666666667,0.2866666666666667,23.379166666666666,23.816666666666666,24.2375,24.0,0.4418333333333333,0.45045833333333335,0.44329166666666664,0.4350833333333333
2022-10-05,le,26.8,90.25,24.974999999999998,33.28333333333333,1010.4083333333333,993.1208333333334,0.0,69.75,24.708333333333332,40.375,90.33333333333333,197.25,106.83333333333333,90.41666666666667,141.21666666666667,4.233333333333333,6.466666666666666,189.375,178.70833333333334,11.620833333333332,0.14666666666666667,0.37666666666666665,23.679166666666664,23.7,24.137500000000003,24.0,0.4370416666666667,0.445875,0.45258333333333334,0.43654166666666666
2022-10-06,le,27.054166666666664,89.29166666666667,25.058333333333334,33.012499999999996,1010.6416666666668,993.3458333333333,0.0,57.458333333333336,25.833333333333332,42.333333333333336,59.458333333333336,227.29166666666666,144.375,82.91666666666667,190.225,4.2875,5.916666666666667,193.29166666666666,164.75,12.120833333333332,0.17,0.4179166666666667,23.9875,23.90416666666667,24.100000000000005,24.0,0.43724999999999997,0.44408333333333333,0.454875,0.43925
2022-10-07,le,26.650000000000002,90.41666666666667,24.90833333333333,32.237500000000004,1011.1583333333333,993.8333333333334,0.0,82.33333333333333,1.2083333333333333,86.79166666666667,97.0,151.625,68.08333333333333,83.54166666666667,77.76666666666667,4.9875,8.275,189.58333333333334,187.33333333333334,12.283333333333333,0.12,0.35083333333333333,23.270833333333332,23.7,24.09166666666667,24.0,0.43816666666666665,0.44083333333333335,0.45533333333333337,0.4427083333333333
2022-10-08,le,27.25,89.91666666666667,25.3875,33.15,1010.8916666666668,993.6041666666666,0.0,54.208333333333336,10.416666666666666,25.416666666666668,98.83333333333333,194.75,85.375,109.375,99.19583333333333,3.716666666666667,6.179166666666667,208.375,209.75,9.762500000000001,0.1525,0.38458333333333333,23.34583333333333,23.491666666666664,24.0,24.0,0.44404166666666667,0.4430416666666667,0.4525416666666667,0.445125
2022-10-09,le,27.462500000000002,88.91666666666667,25.3875,33.52916666666667,1011.3208333333333,994.0333333333333,0.0,53.166666666666664,9.208333333333334,25.583333333333332,98.5,233.45833333333334,133.95833333333334,99.5,176.83333333333334,3.545833333333333,4.995833333333334,215.75,217.25,11.204166666666666,0.1758333333333333,0.4404166666666667,24.037499999999998,23.78333333333333,23.933333333333334,24.0,0.44087499999999996,0.44779166666666664,0.45225000000000004,0.446625
2022-10-10,le,27.224999999999998,90.91666666666667,25.575,33.4,1011.9,994.5958333333333,0.0,58.666666666666664,16.291666666666668,25.291666666666668,98.95833333333333,194.125,92.70833333333333,101.41666666666667,118.66250000000001,3.091666666666667,4.416666666666667,223.79166666666666,197.58333333333334,10.591666666666667,0.14916666666666667,0.34375,23.916666666666668,23.991666666666664,23.94583333333333,24.0,0.43816666666666665,0.4452083333333334,0.456,0.44854166666666667
2022-10-11,le,26.71666666666667,91.20833333333333,25.079166666666666,33.03333333333333,1011.3125,993.9916666666667,0.0,55.625,22.166666666666668,11.541666666666666,97.29166666666667,196.75,116.79166666666667,79.95833333333333,147.875,3.7624999999999997,4.616666666666666,210.375,191.58333333333334,9.6625,0.15166666666666667,0.34125,23.633333333333336,23.816666666666666,23.9375,24.0,0.431,0.4367916666666667,0.4535,0.4507916666666667
2022-10-12,le,26.712500000000002,90.08333333333333,24.879166666666666,32.61666666666667,1011.15,993.8375,0.0,66.41666666666667,39.291666666666664,36.666666666666664,65.33333333333333,194.625,115.5,79.125,154.50416666666666,3.9250000000000003,4.791666666666667,177.125,164.33333333333334,11.895833333333334,0.14916666666666667,0.3770833333333334,23.508333333333336,23.608333333333334,23.899999999999995,24.0,0.43050000000000005,0.43575,0.439375,0.452
2022-10-13,le,26.825,90.54166666666667,25.087500000000002,32.699999999999996,1010.3333333333334,993.0208333333334,0.0,66.08333333333333,18.833333333333332,44.041666666666664,89.08333333333333,206.45833333333334,136.54166666666666,69.91666666666667,177.7125,4.070833333333334,6.375,202.875,201.79166666666666,11.595833333333333,0.15625,0.35833333333333334,23.575,23.650000000000002,23.899999999999995,24.0,0.44295833333333334,0.4484166666666667,0.4414166666666666,0.45258333333333334
2022-10-14,le,27.304166666666664,89.91666666666667,25.425,34.22083333333333,1009.0625,991.8458333333333,0.0,70.66666666666667,25.25,38.791666666666664,95.91666666666667,219.5,131.875,87.625,168.20833333333334,3.295833333333333,4.541666666666667,187.08333333333334,184.91666666666666,11.341666666666667,0.1708333333333333,0.3933333333333333,24.241666666666664,23.962500000000002,23.899999999999995,24.0,0.43625,0.44533333333333336,0.4577083333333334,0.45649999999999996
2022-10-15,le,26.641666666666666,92.79166666666667,25.320833333333336,33.583333333333336,1009.5625,992.3000000000001,0.0,84.83333333333333,38.666666666666664,58.0,88.25,134.70833333333334,62.083333333333336,72.625,91.79166666666667,2.9499999999999997,4.370833333333334,194.75,184.41666666666666,9.454166666666667,0.10541666666666667,0.26458333333333334,23.212500000000002,23.683333333333334,23.899999999999995,24.0,0.438625,0.43883333333333335,0.45287499999999997,0.45883333333333337
2022-10-16,le,27.59583333333333,87.33333333333333,25.170833333333334,34.391666666666666,1011.0166666666668,993.7583333333333,0.0,65.70833333333333,20.583333333333332,39.75,77.5,239.5,150.125,89.375,196.65833333333333,3.8541666666666665,5.575,187.25,181.16666666666666,11.845833333333333,0.18166666666666667,0.5179166666666667,24.21666666666667,23.770833333333332,23.849999999999998,24.0,0.42783333333333334,0.42316666666666664,0.4349166666666667,0.45916666666666667
2022-10-17,le,27.64782608695652,88.43478260869566,25.456521739130434,34.43478260869565,1010.6826086956522,993.4347826086956,0.0,65.43478260869566,21.304347826086957,31.043478260869566,94.47826086956522,212.6086956521739,121.52173913043478,91.08695652173913,156.91739130434783,3.6,5.5608695652173905,192.69565217391303,181.52173913043478,11.92608695652174,0.1626086956521739,0.46608695652173915,24.391304347826086,24.269565217391307,23.9,24.0,0.42991304347826087,0.43304347826086953,0.4286521739130435,0.4580869565217391
2022-10-18,le,26.9875,90.95833333333333,25.333333333333332,33.525,1010.125,992.8541666666666,0.0,69.70833333333333,27.041666666666668,27.333333333333332,98.91666666666667,175.5,81.0,94.5,104.65416666666665,3.0833333333333335,4.408333333333333,186.25,191.08333333333334,10.020833333333334,0.13375,0.3433333333333333,23.90833333333333,24.09583333333333,23.933333333333334,24.0,0.433875,0.44449999999999995,0.43191666666666667,0.457125
2022-10-19,le,26.829166666666666,92.20833333333333,25.429166666666664,33.5875,1010.2208333333333,992.9416666666666,0.0,71.5,8.125,61.625,94.29166666666667,149.04166666666666,58.25,90.79166666666667,88.49583333333334,2.3625000000000003,3.0,227.0,231.375,9.241666666666667,0.11458333333333333,0.285,23.395833333333332,23.7,23.924999999999997,24.0,0.4467083333333333,0.4498333333333333,0.43979166666666664,0.457
2022-10-20,le,26.816666666666666,92.625,25.491666666666664,33.512499999999996,1010.9041666666667,993.6041666666666,0.0,78.41666666666667,49.958333333333336,30.291666666666668,71.375,189.33333333333334,103.04166666666667,86.29166666666667,141.85833333333332,3.1458333333333335,4.425,166.70833333333334,117.29166666666667,10.375,0.14208333333333334,0.27416666666666667,23.5125,23.566666666666666,23.899999999999995,24.0,0.43920833333333337,0.4479166666666667,0.4439583333333333,0.457
2022-10-21,le,27.070833333333336,92.83333333333333,25.78333333333333,33.80833333333333,1011.8333333333334,994.5416666666666,0.0,65.25,22.083333333333332,28.625,100.0,167.625,64.29166666666667,103.33333333333333,84.57916666666667,3.75,5.825,191.33333333333334,134.625,9.674999999999999,0.12833333333333333,0.27,23.6375,23.65833333333333,23.899999999999995,24.0,0.4370833333333333,0.4449166666666667,0.44216666666666665,0.45625000000000004
2022-10-22,le,27.3125,90.33333333333333,25.508333333333336,34.37083333333333,1011.5458333333332,994.2708333333334,0.0,83.29166666666667,38.25,54.625,96.33333333333333,161.79166666666666,72.5,89.29166666666667,89.97083333333335,3.0375,4.304166666666666,159.29166666666666,122.875,8.7375,0.12625,0.37958333333333333,23.71666666666667,23.729166666666668,23.849999999999998,24.0,0.44,0.448,0.44129166666666664,0.456
2022-10-23,le,27.099999999999998,91.375,25.458333333333332,33.75,1011.0333333333333,993.7624999999999,0.0,56.583333333333336,14.041666666666666,35.75,99.75,127.625,51.625,76.0,72.525,5.158333333333333,8.354166666666666,214.125,209.75,10.975,0.10416666666666667,0.3425,23.15833333333333,23.454166666666666,23.8125,24.0,0.43816666666666665,0.44204166666666667,0.4498333333333333,0.4584166666666667
2022-10-24,le,27.166666666666668,87.66666666666667,24.866666666666664,33.90416666666667,1010.6291666666666,993.3708333333334,0.0,52.833333333333336,5.833333333333333,33.291666666666664,92.16666666666667,224.58333333333334,128.66666666666666,95.91666666666667,167.51250000000002,4.620833333333334,6.916666666666667,223.16666666666666,220.54166666666666,13.141666666666666,0.1729166666666667,0.47500000000000003,23.65833333333333,23.566666666666666,23.8,24.0,0.42720833333333336,0.4326666666666667,0.43450000000000005,0.45933333333333337
2022-10-25,le,26.73478260869565,90.56521739130434,25.02173913043478,32.756521739130434,1010.9782608695652,993.6608695652175,0.0,69.78260869565217,9.91304347826087,57.17391304347826,99.65217391304348,170.17391304347825,66.73913043478261,103.43478260869566,82.58695652173913,4.921739130434783,7.8304347826086955,206.2608695652174,200.1304347826087,16.465217391304346,0.1317391304347826,0.35000000000000003,23.06086956521739,23.35217391304348,23.743478260869566,24.0,0.44600000000000006,0.449,0.4331304347826087,0.45839130434782616
2022-10-26,le,27.383333333333336,88.0,25.09583333333333,32.975,1010.3041666666667,993.0208333333334,0.0,62.0,10.25,42.25,100.0,126.33333333333333,18.958333333333332,107.375,24.700000000000003,4.716666666666667,7.279166666666666,202.91666666666666,198.16666666666666,11.741666666666667,0.10375,0.47374999999999995,23.395833333333332,23.3875,23.7,24.0,0.4369166666666667,0.4435,0.447375,0.4587916666666667
2022-10-27,le,27.583333333333332,83.45833333333333,24.333333333333332,33.69166666666667,1008.9708333333333,991.75,0.0,59.125,22.375,15.375,99.25,247.58333333333334,166.16666666666666,81.41666666666667,215.07083333333333,5.175,7.329166666666667,202.66666666666666,154.75,12.950000000000001,0.19166666666666665,0.6741666666666667,24.037499999999998,23.733333333333334,23.7,24.0,0.420375,0.42804166666666665,0.43825000000000003,0.45845833333333336
2022-10-28,le,27.745833333333334,79.08333333333333,23.483333333333334,33.9125,1008.2416666666667,991.0749999999999,0.0,40.041666666666664,9.333333333333334,9.541666666666666,86.125,302.125,248.5,53.625,339.59999999999997,6.8374999999999995,9.424999999999999,226.54166666666666,205.83333333333334,14.170833333333333,0.23958333333333334,0.8766666666666666,24.21666666666667,23.96666666666667,23.72083333333333,24.0,0.4050416666666667,0.4164999999999999,0.42754166666666665,0.4575
2022-10-29,le,27.587500000000002,82.91666666666667,24.245833333333334,34.166666666666664,1008.1708333333332,991.0041666666666,0.0,38.458333333333336,15.666666666666666,17.791666666666668,45.583333333333336,278.7916666666667,216.33333333333334,62.458333333333336,288.96666666666664,4.608333333333333,6.795833333333333,200.70833333333334,224.75,11.558333333333332,0.21375,0.6937500000000001,24.520833333333332,24.233333333333334,23.8,24.0,0.3954166666666667,0.405875,0.418125,0.45637500000000003
2022-10-30,le,27.962500000000002,79.66666666666667,23.816666666666666,34.05833333333333,1008.4,991.2208333333333,0.0,40.083333333333336,13.25,16.375,60.916666666666664,295.4166666666667,238.33333333333334,57.083333333333336,330.55,4.825,7.541666666666667,187.16666666666666,181.70833333333334,12.279166666666667,0.22875,0.8608333333333333,24.754166666666666,24.420833333333334,23.891666666666666,24.0,0.38762500000000005,0.39766666666666667,0.41029166666666667,0.4552083333333334
2022-10-31,le,27.729166666666668,85.16666666666667,24.879166666666666,34.625,1009.15,991.9625,0.0,82.45833333333333,51.958333333333336,40.083333333333336,95.08333333333333,228.29166666666666,154.625,73.66666666666667,205.77083333333334,4.108333333333333,5.966666666666666,184.5,152.625,10.945833333333333,0.17708333333333334,0.58875,24.758333333333336,24.641666666666666,23.983333333333334,24.0,0.39387500000000003,0.3917083333333333,0.4035416666666667,0.45387500000000003
2022-11-01,le,27.629166666666666,85.58333333333333,24.870833333333334,34.604166666666664,1010.1625,992.9375,0.0,71.25,26.75,37.125,88.91666666666667,249.125,176.95833333333334,72.16666666666667,231.64583333333334,3.9250000000000003,5.516666666666667,192.625,181.04166666666666,11.0875,0.19125,0.5791666666666667,24.7375,24.554166666666664,24.03333333333333,24.0,0.4109583333333333,0.3930416666666667,0.39820833333333333,0.45275
2022-11-02,le,28.045833333333334,84.375,24.979166666666668,34.49583333333333,1010.0291666666667,992.8000000000001,0.0,62.125,24.666666666666668,23.166666666666668,99.5,268.8333333333333,186.58333333333334,82.25,253.45000000000002,3.7583333333333333,4.95,175.83333333333334,169.33333333333334,10.799999999999999,0.20458333333333334,0.6541666666666667,25.1125,24.7375,24.120833333333334,24.0,0.40395833333333336,0.39399999999999996,0.3935,0.451625
2022-11-03,le,27.745833333333334,88.66666666666667,25.629166666666666,34.375,1010.5375,993.2833333333333,0.0,64.375,22.166666666666668,24.375,98.875,212.91666666666666,120.45833333333333,92.45833333333333,150.575,3.829166666666667,5.720833333333334,229.95833333333334,214.125,9.666666666666666,0.16375,0.4479166666666667,24.712500000000002,24.758333333333336,24.2,24.0,0.41729166666666667,0.40258333333333335,0.3895,0.45058333333333334
2022-11-04,le,27.354166666666668,90.29166666666667,25.52916666666667,33.87916666666667,1011.8333333333334,994.5375,0.0,56.791666666666664,19.958333333333332,21.208333333333332,93.45833333333333,218.83333333333334,139.41666666666666,79.41666666666667,189.73749999999998,3.9166666666666665,5.325,194.70833333333334,218.79166666666666,11.829166666666666,0.16833333333333333,0.3833333333333333,24.370833333333334,24.47083333333333,24.229166666666668,24.0,0.43425,0.4347916666666667,0.39566666666666667,0.4495416666666667
2022-11-05,le,26.954166666666666,91.08333333333333,25.308333333333334,33.458333333333336,1012.2541666666666,994.9375,0.0,58.375,27.875,18.958333333333332,82.375,209.33333333333334,131.33333333333334,78.0,162.61249999999998,4.045833333333333,5.766666666666667,208.58333333333334,204.83333333333334,11.895833333333334,0.15833333333333335,0.34708333333333335,24.09583333333333,24.22083333333333,24.224999999999998,24.0,0.4345833333333333,0.446,0.4207083333333333,0.449
2022-11-06,le,26.9875,91.20833333333333,25.391666666666666,33.354166666666664,1012.0500000000001,994.7458333333334,0.0,58.125,14.416666666666666,25.625,98.875,178.41666666666666,73.25,105.16666666666667,94.71249999999999,3.7375000000000003,5.841666666666666,180.875,180.875,10.854166666666666,0.13708333333333333,0.32958333333333334,23.458333333333332,23.854166666666668,24.2,24.0,0.4374166666666666,0.446375,0.43745833333333334,0.4495833333333334
2022-11-07,le,26.804166666666664,92.58333333333333,25.454166666666666,33.045833333333334,1011.75,994.4250000000001,0.0,94.54166666666667,61.583333333333336,57.666666666666664,96.45833333333333,209.125,118.04166666666667,91.08333333333333,138.98333333333332,2.983333333333333,4.504166666666666,217.375,172.91666666666666,11.541666666666666,0.15666666666666668,0.2816666666666667,23.8,23.808333333333334,24.125,24.0,0.43533333333333335,0.43483333333333335,0.44016666666666665,0.451
2022-11-08,le,26.645833333333332,90.875,24.95,32.766666666666666,1011.0958333333333,993.7833333333333,0.0,72.54166666666667,19.75,47.208333333333336,99.08333333333333,180.375,80.25,100.125,104.32916666666667,4.116666666666666,5.995833333333334,196.375,210.25,10.112499999999999,0.13708333333333333,0.3429166666666667,23.537499999999998,23.72083333333333,24.100000000000005,24.0,0.43883333333333335,0.43724999999999997,0.4390416666666667,0.451
2022-11-09,le,26.666666666666668,91.08333333333333,25.025000000000002,33.07083333333333,1010.6875,993.3916666666668,0.0,75.125,18.333333333333332,49.083333333333336,99.41666666666667,161.45833333333334,60.291666666666664,101.16666666666667,81.37916666666666,3.3958333333333335,4.866666666666666,203.41666666666666,192.08333333333334,12.520833333333334,0.12708333333333335,0.3354166666666667,23.1375,23.491666666666664,24.016666666666666,24.0,0.447375,0.44054166666666666,0.43616666666666665,0.451
2022-11-10,le,27.099999999999998,90.08333333333333,25.258333333333336,33.68333333333333,1009.9416666666666,992.6999999999999,0.0,72.375,11.583333333333334,70.70833333333333,77.54166666666667,163.0,86.45833333333333,76.54166666666667,126.5625,4.45,6.4375,202.41666666666666,181.625,11.441666666666668,0.13125,0.3879166666666667,23.545833333333334,23.5125,23.924999999999997,24.0,0.439625,0.44566666666666666,0.436375,0.451
2022-11-11,le,27.3,89.25,25.304166666666664,33.862500000000004,1009.3166666666666,992.0666666666666,0.0,73.33333333333333,12.583333333333334,54.458333333333336,97.95833333333333,183.91666666666666,83.16666666666667,100.75,106.91250000000001,3.0208333333333335,4.383333333333334,223.75,215.83333333333334,13.7125,0.14291666666666666,0.41625,23.516666666666666,23.616666666666664,23.899999999999995,24.0,0.44695833333333335,0.44495833333333334,0.4415,0.451
2022-11-12,le,26.833333333333332,92.45833333333333,25.45,33.19166666666667,1008.8291666666665,991.5708333333333,0.0,65.91666666666667,22.666666666666668,29.75,99.5,172.54166666666666,71.45833333333333,101.08333333333333,91.38333333333333,4.2625,6.191666666666666,190.5,190.75,10.1625,0.13208333333333333,0.2841666666666667,23.441666666666666,23.5625,23.854166666666668,24.0,0.44325,0.44966666666666666,0.44775000000000004,0.4522916666666667
2022-11-13,le,27.0,92.29166666666667,25.599999999999998,33.06666666666667,1009.1374999999999,991.8583333333332,0.0,67.41666666666667,26.875,37.333333333333336,99.70833333333333,172.0,88.16666666666667,83.83333333333333,112.0,3.6958333333333333,4.741666666666666,167.83333333333334,151.04166666666666,11.179166666666667,0.13083333333333333,0.29333333333333333,23.5125,23.608333333333334,23.8,24.0,0.44012500000000004,0.44904166666666673,0.44475,0.455625
2022-11-14,le,27.083333333333332,91.04166666666667,25.420833333333334,34.233333333333334,1009.2083333333334,991.9708333333333,0.0,76.91666666666667,43.75,18.958333333333332,99.29166666666667,207.29166666666666,118.45833333333333,88.83333333333333,150.33333333333334,3.6750000000000003,4.795833333333333,203.04166666666666,200.20833333333334,10.674999999999999,0.15833333333333333,0.34791666666666665,23.837500000000002,23.6875,23.8,24.0,0.43324999999999997,0.4409166666666667,0.44495833333333334,0.457
2022-11-15,le,27.03333333333333,91.66666666666667,25.479166666666668,33.9125,1008.9333333333334,991.7083333333334,0.0,66.375,17.708333333333332,36.416666666666664,97.45833333333333,192.16666666666666,81.29166666666667,110.875,104.75,4.045833333333333,6.2,170.70833333333334,176.83333333333334,12.275,0.14958333333333332,0.32,23.75,23.795833333333334,23.8,24.0,0.4270833333333333,0.432625,0.44125,0.457
2022-11-16,le,27.15833333333333,89.45833333333333,25.195833333333336,34.38333333333333,1008.3375,991.15,0.0,66.54166666666667,20.583333333333332,31.458333333333332,99.625,174.625,77.0,97.625,102.15833333333335,4.445833333333334,6.545833333333333,192.25,173.0,11.008333333333333,0.14166666666666666,0.4058333333333333,23.55,23.666666666666668,23.8,24.0,0.42920833333333336,0.428375,0.43516666666666665,0.4560416666666667
2022-11-17,le,26.3,91.0,24.712500000000002,32.0,1008.8166666666666,991.5,0.0,81.29166666666667,26.916666666666668,68.54166666666667,96.0,93.08333333333333,21.666666666666668,71.41666666666667,40.425000000000004,4.691666666666666,8.025,178.75,177.625,13.837499999999999,0.07041666666666667,0.31124999999999997,22.679166666666664,23.2375,23.791666666666668,24.0,0.43249999999999994,0.43333333333333335,0.4298333333333333,0.45545833333333335
2022-11-18,le,26.787499999999998,88.33333333333333,24.604166666666668,32.949999999999996,1008.5708333333333,991.3208333333333,0.0,74.79166666666667,30.875,31.375,99.625,259.3333333333333,192.875,66.45833333333333,251.95000000000002,6.4125000000000005,9.883333333333333,191.33333333333334,177.125,18.025000000000002,0.19958333333333333,0.45625000000000004,23.433333333333334,23.1875,23.7,24.0,0.4359166666666667,0.4405833333333333,0.4270833333333333,0.454875
2022-11-19,le,27.1875,85.75,24.474999999999998,33.074999999999996,1008.0041666666666,990.7875,0.0,42.125,9.291666666666666,14.708333333333334,83.25,228.625,123.95833333333333,104.66666666666667,168.11666666666667,8.458333333333334,13.854166666666666,180.08333333333334,173.91666666666666,17.320833333333333,0.18458333333333332,0.5608333333333334,23.6375,23.5625,23.6875,24.0,0.4267083333333333,0.43575,0.4243333333333333,0.454
2022-11-20,le,27.604166666666668,82.08333333333333,24.045833333333334,33.85,1007.1999999999999,990.0625,0.0,37.5,4.791666666666667,9.25,91.95833333333333,284.8333333333333,216.75,68.08333333333333,300.51666666666665,9.008333333333335,15.283333333333333,204.66666666666666,201.91666666666666,20.708333333333332,0.22958333333333333,0.7395833333333334,24.09583333333333,23.833333333333332,23.7,24.0,0.41279166666666667,0.42391666666666666,0.41933333333333334,0.45333333333333337
2022-11-22,le,27.766666666666666,84.45833333333333,24.775000000000002,34.637499999999996,1008.6291666666666,991.4666666666667,0.0,48.25,10.25,16.125,97.79166666666667,258.3333333333333,167.41666666666666,90.91666666666667,220.38333333333333,5.195833333333334,7.375,239.58333333333334,242.20833333333334,13.2125,0.20333333333333334,0.6304166666666667,24.683333333333334,24.45,23.829166666666666,23.899999999999995,0.39658333333333334,0.40362500000000007,0.40825,0.45166666666666666
2022-11-23,le,27.1125,89.45833333333333,25.166666666666668,34.199999999999996,1009.6833333333334,992.4499999999999,0.0,62.083333333333336,8.875,42.291666666666664,95.79166666666667,189.5,101.91666666666667,87.58333333333333,131.35833333333332,3.5833333333333335,4.995833333333333,180.54166666666666,170.625,12.145833333333334,0.14916666666666667,0.40291666666666665,24.079166666666666,24.295833333333334,23.899999999999995,23.899999999999995,0.4136666666666667,0.4141666666666666,0.4051666666666667,0.4509166666666667
2022-11-24,le,26.879166666666666,90.58333333333333,25.15833333333333,33.85,1010.0333333333333,992.7833333333333,0.0,77.08333333333333,41.291666666666664,28.0,93.79166666666667,180.66666666666666,88.66666666666667,92.0,115.59166666666665,4.6875,7.0375000000000005,221.79166666666666,209.16666666666666,13.820833333333333,0.14208333333333334,0.35208333333333336,23.641666666666666,23.84583333333333,23.899999999999995,23.899999999999995,0.42849999999999994,0.43287499999999995,0.408,0.45
2022-11-25,le,27.3125,83.75,24.150000000000002,33.65416666666667,1010.9875000000001,993.7041666666668,0.0,58.541666666666664,9.0,37.208333333333336,93.625,208.04166666666666,84.54166666666667,123.5,113.11666666666666,3.483333333333333,5.3500000000000005,192.04166666666666,183.04166666666666,10.554166666666667,0.15916666666666668,0.6379166666666667,23.7,23.712500000000002,23.899999999999995,23.899999999999995,0.43425,0.435,0.40841666666666665,0.449375
2022-11-26,le,26.40833333333333,90.875,24.787499999999998,33.104166666666664,1010.6,993.3000000000001,0.0,83.79166666666667,5.041666666666667,83.375,97.58333333333333,94.41666666666667,12.5,81.91666666666667,15.245833333333335,2.4791666666666665,3.475,201.29166666666666,199.70833333333334,8.475,0.07833333333333332,0.3154166666666667,22.695833333333336,23.370833333333334,23.88333333333333,23.899999999999995,0.4414166666666666,0.435125,0.40770833333333334,0.449
2022-11-27,le,27.020833333333332,81.45833333333333,23.354166666666668,33.49583333333333,1009.4958333333334,992.2291666666666,0.0,73.83333333333333,33.0,45.625,97.0,209.0,99.91666666666667,109.08333333333333,133.875,4.175,5.083333333333333,147.95833333333334,142.45833333333334,9.35,0.16,0.7200000000000001,23.291666666666668,23.116666666666664,23.741666666666664,23.899999999999995,0.427625,0.4335833333333334,0.4084583333333333,0.44804166666666667
2022-11-28,le,27.316666666666666,89.04166666666667,25.212500000000002,33.354166666666664,1009.5500000000001,992.2916666666666,0.0,68.625,23.041666666666668,32.666666666666664,94.25,177.41666666666666,70.375,107.04166666666667,94.6375,3.1833333333333336,4.791666666666667,149.75,128.33333333333334,9.933333333333334,0.13708333333333333,0.44250000000000006,23.77916666666667,23.666666666666668,23.7,23.899999999999995,0.42366666666666664,0.424375,0.40629166666666666,0.4477083333333334
2022-11-29,le,27.662499999999998,84.08333333333333,24.525000000000002,33.770833333333336,1009.4416666666666,992.1916666666666,0.0,67.45833333333333,25.541666666666668,27.125,94.83333333333333,254.04166666666666,189.29166666666666,64.75,259.1125,4.325,5.8500000000000005,175.16666666666666,178.75,12.045833333333334,0.19291666666666665,0.66,24.566666666666666,24.066666666666666,23.733333333333334,23.899999999999995,0.4237916666666666,0.42112499999999997,0.4040000000000001,0.447
2022-11-30,le,27.016666666666666,87.79166666666667,24.712500000000002,33.44583333333333,1009.2166666666667,991.9541666666668,0.0,65.16666666666667,24.375,24.833333333333332,95.95833333333333,168.95833333333334,58.333333333333336,110.625,91.20416666666667,3.4499999999999997,4.6000000000000005,191.91666666666666,170.79166666666666,9.520833333333334,0.12916666666666668,0.4675,24.070833333333336,24.1875,23.820833333333336,23.899999999999995,0.431125,0.42225,0.4015,0.4464166666666667
2022-12-02,le,26.983333333333334,89.375,25.045833333333334,32.958333333333336,1007.7208333333333,990.4499999999999,0.0,74.625,24.166666666666668,40.125,97.08333333333333,176.375,69.83333333333333,106.54166666666667,93.97083333333335,2.8000000000000003,3.8083333333333336,207.16666666666666,218.16666666666666,10.933333333333332,0.13208333333333333,0.3954166666666667,23.974999999999998,24.15416666666667,23.912499999999998,23.899999999999995,0.44483333333333336,0.4399583333333333,0.4034166666666667,0.4451666666666667
2022-12-03,le,27.27916666666667,87.375,24.90833333333333,33.525,1007.8916666666668,990.6583333333333,0.0,62.041666666666664,17.208333333333332,34.291666666666664,87.16666666666667,245.83333333333334,177.875,67.95833333333333,241.20000000000002,3.6041666666666665,5.2250000000000005,236.41666666666666,245.25,9.991666666666667,0.18499999999999997,0.4970833333333333,24.320833333333336,24.09583333333333,23.933333333333334,23.899999999999995,0.44225000000000003,0.44487499999999996,0.4075416666666667,0.445
2022-12-04,le,27.15833333333333,91.20833333333333,25.554166666666664,33.612500000000004,1008.85,991.625,0.0,77.625,31.166666666666668,51.541666666666664,96.20833333333333,193.75,111.54166666666667,82.20833333333333,141.18333333333334,3.6958333333333333,5.416666666666667,174.08333333333334,169.08333333333334,10.454166666666667,0.14958333333333332,0.33375,24.141666666666666,24.21666666666667,24.0,23.899999999999995,0.43925,0.4512083333333334,0.432625,0.445
2022-12-05,le,27.041666666666668,91.54166666666667,25.491666666666664,33.80833333333333,1009.1666666666666,991.9166666666666,0.0,66.29166666666667,27.75,29.166666666666668,98.20833333333333,219.95833333333334,132.04166666666666,87.91666666666667,178.09583333333333,3.3333333333333335,4.520833333333333,185.41666666666666,176.75,10.275,0.16583333333333333,0.32625,24.045833333333334,24.058333333333334,24.0,23.899999999999995,0.43245833333333333,0.44258333333333333,0.45387500000000003,0.44783333333333336
2022-12-06,le,27.004166666666666,92.54166666666667,25.650000000000002,33.354166666666664,1008.8291666666668,991.5625,0.0,71.25,27.583333333333332,35.5,95.5,160.04166666666666,63.583333333333336,96.45833333333333,80.62083333333334,3.1041666666666665,4.05,175.45833333333334,161.16666666666666,9.054166666666667,0.12291666666666667,0.28208333333333335,23.7,23.900000000000002,24.0,23.899999999999995,0.438625,0.4475833333333334,0.4543333333333333,0.44933333333333336
2022-12-07,le,27.02916666666667,92.95833333333333,25.75,33.725,1008.5500000000001,991.2958333333332,0.0,79.875,43.041666666666664,29.583333333333332,91.5,233.5,146.54166666666666,86.95833333333333,194.9958333333333,4.375,5.841666666666666,181.29166666666666,182.375,12.0375,0.17625,0.27416666666666667,23.954166666666666,23.866666666666664,24.0,23.899999999999995,0.43083333333333335,0.4350833333333333,0.456,0.45249999999999996
2022-12-08,le,26.916666666666668,91.25,25.3125,33.24166666666667,1008.7541666666666,991.5041666666666,0.0,78.5,17.0,65.125,85.625,163.08333333333334,80.54166666666667,82.54166666666667,110.70416666666667,3.158333333333333,4.979166666666667,195.83333333333334,205.58333333333334,10.016666666666667,0.12708333333333333,0.33083333333333337,23.495833333333334,23.754166666666666,23.9375,23.899999999999995,0.43812500000000004,0.44533333333333336,0.45525,0.4540416666666667
2022-12-09,le,27.195833333333336,89.29166666666667,25.183333333333334,32.625,1008.8041666666667,991.5124999999999,0.0,72.29166666666667,19.166666666666668,46.583333333333336,93.625,212.41666666666666,126.45833333333333,85.95833333333333,162.00833333333333,4.5,6.670833333333333,211.58333333333334,210.66666666666666,11.700000000000001,0.15791666666666668,0.42291666666666666,23.95,23.804166666666664,23.899999999999995,23.899999999999995,0.425875,0.439,0.45583333333333337,0.45541666666666664
2022-12-10,le,27.608333333333334,86.79166666666667,25.087500000000002,33.895833333333336,1009.3166666666666,992.0875,0.0,70.375,7.833333333333333,63.125,84.83333333333333,206.16666666666666,127.875,78.29166666666667,165.6208333333333,4.120833333333334,6.658333333333334,196.33333333333334,194.25,11.220833333333333,0.16333333333333333,0.5291666666666667,24.212500000000002,24.016666666666666,23.899999999999995,23.899999999999995,0.423125,0.4274166666666666,0.45129166666666665,0.457
2022-12-11,le,27.412499999999998,87.0,24.954166666666666,33.36666666666667,1009.3291666666668,992.0749999999999,0.0,66.0,15.583333333333334,41.25,95.75,240.58333333333334,170.625,69.95833333333333,237.58333333333334,5.241666666666666,7.670833333333333,217.45833333333334,213.83333333333334,12.2875,0.1825,0.5166666666666667,24.4875,24.258333333333336,23.933333333333334,23.899999999999995,0.42745833333333333,0.4350833333333333,0.44508333333333333,0.457
2022-12-12,le,27.229166666666668,89.25,25.233333333333334,33.46666666666667,1009.2833333333333,992.0458333333332,0.0,69.5,23.125,49.083333333333336,92.29166666666667,187.45833333333334,112.20833333333333,75.25,160.07083333333333,3.891666666666667,6.716666666666666,201.41666666666666,199.66666666666666,10.295833333333333,0.1475,0.41500000000000004,24.0625,24.195833333333336,24.0,23.899999999999995,0.432,0.443375,0.44925,0.4571666666666667
2022-12-13,le,27.391666666666666,90.70833333333333,25.675,33.87083333333333,1009.5333333333333,992.3083333333334,0.0,76.0,20.791666666666668,53.625,94.875,210.16666666666666,133.20833333333334,76.95833333333333,179.4375,3.8333333333333335,6.429166666666667,215.20833333333334,213.41666666666666,10.795833333333334,0.16166666666666665,0.3670833333333334,24.1875,24.150000000000002,24.0,23.899999999999995,0.4389166666666667,0.4464166666666667,0.452625,0.458
2022-12-14,le,27.183333333333334,90.0,25.34166666666667,34.425000000000004,1009.2833333333333,992.0791666666668,0.0,54.291666666666664,12.166666666666666,24.583333333333332,96.83333333333333,223.58333333333334,137.20833333333334,86.375,188.92499999999998,4.1625000000000005,5.658333333333334,218.75,211.875,10.4625,0.1725,0.3833333333333333,23.995833333333334,24.045833333333334,24.0,23.899999999999995,0.4363333333333333,0.438625,0.454625,0.45870833333333333
2022-12-15,le,27.55,86.33333333333333,24.9375,34.9125,1008.0291666666667,990.8541666666666,0.0,55.541666666666664,15.208333333333334,24.5,90.25,273.1666666666667,213.25,59.916666666666664,292.90833333333336,3.954166666666667,5.079166666666667,224.83333333333334,222.375,10.658333333333333,0.20916666666666664,0.5520833333333334,24.366666666666664,24.133333333333336,24.0,23.899999999999995,0.43520833333333336,0.44145833333333334,0.44729166666666664,0.458
2022-12-16,le,27.270833333333332,88.41666666666667,25.045833333333334,33.05833333333333,1007.8291666666668,990.5749999999999,0.0,76.45833333333333,7.708333333333333,66.83333333333333,99.33333333333333,201.25,89.625,111.625,115.17083333333333,3.7125,4.6875,193.75,208.91666666666666,10.866666666666667,0.155,0.46208333333333335,24.224999999999998,24.266666666666666,24.03333333333333,23.899999999999995,0.43604166666666666,0.44404166666666667,0.44250000000000006,0.45787500000000003
2022-12-17,le,27.34166666666667,88.45833333333333,25.125,33.4375,1007.6750000000001,990.4541666666668,0.0,64.83333333333333,18.875,41.416666666666664,80.58333333333333,171.95833333333334,97.70833333333333,74.25,134.86249999999998,4.583333333333333,6.308333333333334,221.5,218.25,11.491666666666667,0.13833333333333334,0.4658333333333333,24.09583333333333,24.1125,24.075000000000003,23.899999999999995,0.43329166666666663,0.44579166666666664,0.44375000000000003,0.457
2022-12-18,le,27.53333333333333,86.58333333333333,24.962500000000002,34.05416666666667,1006.9625,989.7541666666666,0.0,54.5,25.458333333333332,20.916666666666668,70.66666666666667,223.66666666666666,142.375,81.29166666666667,190.10833333333335,3.120833333333333,3.533333333333333,231.875,229.29166666666666,12.704166666666666,0.17,0.5425,24.229166666666668,24.1375,24.070833333333336,23.899999999999995,0.43345833333333333,0.4426666666666667,0.44049999999999995,0.457
2022-12-19,le,27.37826086956522,87.95652173913044,25.09130434782609,34.40434782608696,1006.9739130434783,989.7913043478261,0.0,58.52173913043478,18.08695652173913,30.956521739130434,80.08695652173913,253.2608695652174,172.08695652173913,81.17391304347827,225.7608695652174,4.178260869565217,5.147826086956522,218.3913043478261,215.17391304347825,12.247826086956522,0.1930434782608696,0.4847826086956522,24.400000000000002,24.230434782608693,24.1,23.904347826086955,0.436,0.44230434782608696,0.4349565217391304,0.45599999999999996
2022-12-20,le,27.65833333333333,89.625,25.770833333333332,34.145833333333336,1007.3416666666667,990.1583333333333,0.0,70.25,31.791666666666668,35.333333333333336,73.58333333333333,198.375,108.375,90.0,148.95000000000002,3.8625000000000003,5.2875000000000005,239.125,257.2916666666667,11.758333333333333,0.15125,0.40041666666666664,24.504166666666666,24.400000000000002,24.100000000000005,23.983333333333334,0.43354166666666666,0.44458333333333333,0.43324999999999997,0.45566666666666666
2022-12-21,le,27.53333333333333,89.625,25.566666666666666,33.8125,1007.1374999999999,989.9375,0.0,69.16666666666667,20.208333333333332,38.625,92.79166666666667,224.45833333333334,144.04166666666666,80.41666666666667,194.90833333333333,6.620833333333334,9.950000000000001,266.2916666666667,277.2916666666667,15.020833333333334,0.17125,0.425,24.416666666666668,24.383333333333336,24.120833333333334,24.0,0.4244583333333333,0.4427083333333333,0.435625,0.455
2022-12-22,le,27.44347826086957,84.69565217391305,24.495652173913044,32.43913043478261,1007.0739130434783,989.8565217391305,0.0,80.30434782608695,8.565217391304348,73.43478260869566,96.69565217391305,182.56521739130434,93.04347826086956,89.52173913043478,121.83478260869565,8.217391304347826,13.773913043478261,265.95652173913044,271.5217391304348,18.782608695652176,0.14608695652173911,0.6008695652173913,24.12608695652174,24.20434782608696,24.160869565217393,24.0,0.4320869565217392,0.43956521739130433,0.433,0.4547391304347826
2021-08-02,p,26.741666666666664,86.75,24.27916666666667,31.645833333333332,1010.6791666666667,1010.1791666666667,0.0,38.625,17.333333333333332,15.333333333333334,46.375,203.20833333333334,111.79166666666667,91.41666666666667,168.52916666666667,10.275,15.458333333333334,206.25,204.45833333333334,20.629166666666666,0.14583333333333334,0.48374999999999996,27.287499999999998,26.920833333333334,26.899999999999995,26.899999999999995,0.3587916666666666,0.3527916666666666,0.36204166666666665,0.38962500000000005
2021-08-03,p,26.995833333333334,85.54166666666667,24.329166666666666,32.09583333333333,1011.8833333333333,1011.3833333333333,0.0,51.375,11.541666666666666,33.375,70.04166666666667,196.0,110.0,86.0,152.42083333333332,9.658333333333333,14.879166666666668,202.875,201.04166666666666,19.7375,0.14541666666666667,0.5316666666666666,27.28333333333333,26.97083333333333,26.899999999999995,26.899999999999995,0.359,0.35512499999999997,0.36024999999999996,0.389
2021-08-04,p,27.575,86.16666666666667,24.9875,33.1625,1011.5833333333334,1011.0833333333334,0.0,46.25,16.208333333333332,24.583333333333332,56.333333333333336,211.0,146.125,64.875,208.51250000000002,8.754166666666666,13.641666666666666,191.375,188.66666666666666,18.525000000000002,0.1525,0.5366666666666667,27.304166666666664,27.037499999999998,26.899999999999995,26.899999999999995,0.35462499999999997,0.3541666666666667,0.3585416666666667,0.3885
2021-08-05,p,27.179166666666664,86.66666666666667,24.724999999999998,32.25833333333333,1011.9458333333333,1011.4458333333333,0.0,37.666666666666664,16.791666666666668,15.125,44.958333333333336,186.20833333333334,108.54166666666667,77.66666666666667,161.38750000000002,10.791666666666666,16.308333333333334,199.16666666666666,197.33333333333334,21.3,0.13708333333333333,0.49666666666666665,27.34583333333333,27.03333333333333,26.899999999999995,26.899999999999995,0.36345833333333327,0.355375,0.35799999999999993,0.38800000000000007
2021-08-06,p,27.204166666666666,85.70833333333333,24.537499999999998,33.11666666666667,1012.1958333333333,1011.6958333333333,0.0,59.041666666666664,20.083333333333332,27.166666666666668,84.66666666666667,209.5,130.29166666666666,79.20833333333333,186.96666666666667,4.954166666666667,8.0625,211.91666666666666,206.33333333333334,13.924999999999999,0.15083333333333335,0.5370833333333334,27.09583333333333,26.870833333333334,26.899999999999995,26.899999999999995,0.3746666666666667,0.3709166666666666,0.35404166666666664,0.3873333333333333
2021-08-07,p,28.179166666666664,82.16666666666667,24.695833333333336,34.1875,1011.7708333333334,1011.2708333333334,0.0,47.875,18.25,9.041666666666666,86.83333333333333,225.125,142.625,82.5,198.65,5.4125000000000005,8.204166666666667,185.75,185.25,12.5625,0.16874999999999998,0.725,27.825,27.075,26.899999999999995,26.899999999999995,0.36504166666666665,0.3670833333333334,0.35320833333333335,0.387
2021-08-08,p,26.679166666666664,91.08333333333333,25.02916666666667,33.141666666666666,1011.7624999999999,1011.2624999999999,0.0,55.333333333333336,28.416666666666668,12.458333333333334,77.5,214.91666666666666,126.95833333333333,87.95833333333333,172.94583333333333,3.641666666666667,4.645833333333333,253.33333333333334,242.95833333333334,10.141666666666667,0.155,0.3441666666666667,27.5625,27.191666666666666,26.933333333333334,26.899999999999995,0.37504166666666666,0.36104166666666665,0.3545833333333333,0.386125
2021-08-09,p,27.004166666666666,86.16666666666667,24.433333333333334,32.92916666666667,1010.75,1010.25,0.0,49.166666666666664,18.125,23.0,63.333333333333336,238.91666666666666,174.70833333333334,64.20833333333333,242.70416666666668,5.2125,7.429166666666667,213.41666666666666,209.875,13.079166666666666,0.17166666666666666,0.525,27.316666666666666,27.1125,27.0,26.899999999999995,0.3678333333333333,0.3662916666666667,0.3558333333333333,0.38599999999999995
2021-08-10,p,27.191666666666666,86.875,24.770833333333332,32.65,1010.6333333333333,1010.1333333333333,0.0,53.541666666666664,25.75,27.041666666666668,46.833333333333336,203.41666666666666,132.04166666666666,71.375,193.9958333333333,8.7125,13.362499999999999,190.29166666666666,187.0,17.708333333333332,0.14666666666666667,0.49,27.358333333333334,26.9375,27.0,26.899999999999995,0.3667916666666666,0.36504166666666665,0.35441666666666666,0.3850833333333334
2021-08-11,p,26.995833333333334,88.66666666666667,24.925,33.0625,1011.1083333333332,1010.6083333333332,0.0,64.0,47.541666666666664,17.041666666666668,66.41666666666667,176.83333333333334,83.54166666666667,93.29166666666667,119.10000000000001,4.716666666666667,7.5,186.375,182.33333333333334,13.104166666666666,0.13125,0.42166666666666663,27.22083333333333,26.933333333333334,27.0,26.899999999999995,0.3735833333333333,0.36674999999999996,0.3555833333333333,0.385
2021-08-12,p,26.358333333333334,87.79166666666667,24.166666666666668,32.0875,1011.7333333333332,1011.2333333333332,0.0,62.666666666666664,30.875,28.666666666666668,86.33333333333333,183.45833333333334,101.875,81.58333333333333,136.43333333333334,4.258333333333334,6.233333333333333,203.75,198.91666666666666,12.9625,0.13208333333333333,0.42791666666666667,27.016666666666666,26.791666666666668,26.941666666666666,26.899999999999995,0.3882916666666667,0.3795,0.35666666666666663,0.38425
2021-08-13,p,25.954166666666666,89.5,24.05,31.391666666666666,1010.6458333333334,1010.1458333333334,0.0,75.66666666666667,35.0,31.5,95.83333333333333,182.75,85.45833333333333,97.29166666666667,114.49583333333334,5.533333333333334,8.470833333333333,243.91666666666666,238.79166666666666,14.049999999999999,0.12583333333333332,0.3658333333333333,26.929166666666664,26.741666666666664,26.899999999999995,26.899999999999995,0.396375,0.39333333333333337,0.3629166666666666,0.38400000000000006
2021-08-14,p,26.77916666666667,85.875,24.204166666666666,32.3375,1009.9499999999999,1009.4499999999999,0.0,60.083333333333336,24.416666666666668,22.833333333333332,81.08333333333333,190.375,103.20833333333333,87.16666666666667,149.27083333333334,5.333333333333333,8.104166666666666,216.625,209.91666666666666,12.966666666666667,0.13416666666666666,0.5108333333333334,27.070833333333336,26.724999999999998,26.899999999999995,26.899999999999995,0.3854166666666667,0.3874583333333333,0.3717083333333333,0.38400000000000006
2021-08-15,p,27.6375,80.5,23.804166666666664,33.17916666666667,1010.4083333333333,1009.9083333333333,0.0,41.5,18.833333333333332,8.708333333333334,65.04166666666667,241.5,181.79166666666666,59.708333333333336,252.17083333333335,5.008333333333334,7.466666666666666,192.5,192.83333333333334,13.195833333333333,0.17958333333333332,0.7775,27.229166666666668,26.8,26.862499999999997,26.899999999999995,0.37166666666666665,0.37833333333333335,0.3745833333333333,0.38354166666666667
2021-08-16,p,27.22083333333333,83.0,23.974999999999998,32.96666666666667,1011.7291666666666,1011.2291666666666,0.0,48.791666666666664,19.958333333333332,22.583333333333332,57.666666666666664,201.41666666666666,117.04166666666667,84.375,156.42499999999998,3.908333333333333,5.708333333333333,184.16666666666666,169.04166666666666,12.275,0.14916666666666667,0.6570833333333334,27.266666666666666,26.900000000000002,26.899999999999995,26.899999999999995,0.38633333333333336,0.37683333333333335,0.38008333333333333,0.383
2021-08-17,p,26.575,86.625,24.083333333333332,32.425000000000004,1011.1208333333334,1010.6208333333334,0.0,58.666666666666664,12.625,37.791666666666664,81.83333333333333,222.33333333333334,138.20833333333334,84.125,185.8125,4.095833333333333,5.875,266.625,261.5833333333333,13.129166666666668,0.15708333333333332,0.4916666666666667,26.983333333333334,26.804166666666664,26.899999999999995,26.899999999999995,0.39408333333333334,0.3845416666666667,0.37799999999999995,0.383
2021-08-18,p,27.09583333333333,85.0,24.275000000000002,32.420833333333334,1009.1875,1008.6875,0.0,59.75,19.625,27.708333333333332,84.95833333333333,224.79166666666666,161.75,63.041666666666664,214.94583333333333,8.4125,12.4625,222.20833333333334,220.08333333333334,18.462500000000002,0.165,0.5666666666666667,27.429166666666664,26.849999999999998,26.899999999999995,26.899999999999995,0.38558333333333333,0.38595833333333335,0.37804166666666666,0.383
2021-08-19,p,26.083333333333332,88.875,24.075,31.258333333333336,1009.7125,1009.2125,0.0,82.0,38.083333333333336,46.875,96.91666666666667,132.79166666666666,48.125,84.66666666666667,59.15833333333333,6.991666666666667,10.816666666666668,223.08333333333334,216.70833333333334,14.695833333333333,0.09666666666666668,0.3841666666666667,26.925,26.666666666666668,26.870833333333334,26.899999999999995,0.39825,0.39675,0.3799166666666667,0.383
2021-08-20,p,26.09166666666667,89.875,24.27916666666667,31.770833333333332,1010.2708333333334,1009.7708333333334,0.0,81.875,33.875,46.75,96.125,115.45833333333333,36.416666666666664,79.04166666666667,48.574999999999996,4.720833333333333,7.220833333333334,216.83333333333334,208.29166666666666,13.262500000000001,0.08708333333333333,0.3520833333333333,26.3875,26.212500000000002,26.8,26.899999999999995,0.4020416666666667,0.402625,0.3954166666666667,0.38329166666666664
2021-08-21,p,26.412499999999998,88.33333333333333,24.291666666666668,31.870833333333334,1010.5625,1010.0625,0.0,89.79166666666667,42.791666666666664,53.666666666666664,90.58333333333333,194.79166666666666,102.54166666666667,92.25,134.95833333333334,7.075,10.875,226.33333333333334,223.41666666666666,14.775,0.14208333333333334,0.42124999999999996,27.033333333333335,26.34583333333333,26.71666666666667,26.899999999999995,0.4015,0.3995416666666667,0.39858333333333335,0.38558333333333333
2021-08-22,p,25.6375,90.83333333333333,24.025000000000002,30.59583333333333,1010.8000000000001,1010.3000000000001,0.0,93.25,31.708333333333332,67.125,97.79166666666667,78.41666666666667,14.458333333333334,63.958333333333336,24.754166666666666,8.145833333333334,12.875,234.33333333333334,230.91666666666666,17.23333333333333,0.06083333333333333,0.30416666666666664,26.179166666666664,26.170833333333334,26.6875,26.899999999999995,0.4027083333333334,0.4019166666666667,0.4003333333333334,0.38795833333333335
2021-08-23,p,25.958333333333332,89.25,24.037499999999998,31.508333333333336,1010.4708333333333,1009.9708333333333,0.0,59.625,22.25,18.791666666666668,94.375,177.29166666666666,63.5,113.79166666666667,91.03750000000001,4.529166666666667,7.7749999999999995,234.66666666666666,231.20833333333334,12.058333333333332,0.12708333333333333,0.37333333333333335,26.579166666666666,26.170833333333334,26.600000000000005,26.899999999999995,0.39716666666666667,0.39845833333333336,0.4008333333333334,0.39083333333333337
2021-08-24,p,26.2,87.08333333333333,23.829166666666666,31.120833333333334,1010.4041666666667,1009.9041666666667,0.0,74.70833333333333,22.5,45.666666666666664,95.08333333333333,177.45833333333334,88.0,89.45833333333333,119.39999999999999,7.816666666666666,12.112499999999999,211.375,208.70833333333334,14.829166666666666,0.1275,0.4566666666666667,26.6125,26.3,26.600000000000005,26.899999999999995,0.39587500000000003,0.39775000000000005,0.3993333333333333,0.3925
2021-08-25,p,25.633333333333336,89.0,23.683333333333334,30.3625,1010.1791666666667,1009.6791666666667,0.0,94.70833333333333,52.125,60.083333333333336,96.58333333333333,85.20833333333333,21.041666666666668,64.16666666666667,29.03333333333333,8.3375,13.583333333333334,199.04166666666666,196.70833333333334,16.337500000000002,0.06874999999999999,0.36791666666666667,25.945833333333336,25.97083333333333,26.525000000000002,26.899999999999995,0.4003333333333334,0.40045833333333336,0.40058333333333335,0.394125
2021-08-26,p,25.9875,89.58333333333333,24.120833333333334,31.15833333333333,1009.3874999999999,1008.8874999999999,0.0,82.08333333333333,52.333333333333336,38.208333333333336,57.791666666666664,154.25,77.54166666666667,76.70833333333333,101.675,7.233333333333333,11.058333333333332,221.95833333333334,218.70833333333334,14.516666666666666,0.1125,0.3666666666666667,26.316666666666666,25.895833333333332,26.4375,26.820833333333336,0.4005,0.40199999999999997,0.40416666666666673,0.3967083333333334
2021-08-27,p,26.454166666666666,87.79166666666667,24.1875,31.504166666666666,1009.3083333333334,1008.8083333333334,0.0,77.58333333333333,45.041666666666664,28.375,81.91666666666667,190.41666666666666,99.125,91.29166666666667,133.30416666666665,8.924999999999999,13.637500000000001,213.45833333333334,212.125,19.154166666666665,0.13833333333333334,0.45166666666666666,26.820833333333336,26.179166666666664,26.399999999999995,26.8,0.39995833333333336,0.40166666666666667,0.4043333333333334,0.399
2021-08-28,p,25.349999999999998,92.45833333333333,24.025000000000002,30.195833333333336,1009.7166666666667,1009.2166666666667,0.0,92.16666666666667,31.541666666666668,80.70833333333333,97.0,89.75,21.5,68.25,24.766666666666666,9.025,14.470833333333333,214.29166666666666,210.29166666666666,18.829166666666666,0.06833333333333333,0.24583333333333335,25.97083333333333,26.016666666666666,26.399999999999995,26.8,0.4030833333333334,0.4030833333333334,0.40445833333333336,0.40158333333333335
2021-08-29,p,26.40416666666667,86.16666666666667,23.795833333333334,31.65833333333333,1008.4625,1007.9625,0.0,63.041666666666664,25.208333333333332,34.833333333333336,65.41666666666667,241.91666666666666,168.875,73.04166666666667,228.55416666666667,7.058333333333334,11.183333333333332,211.5,204.91666666666666,14.120833333333332,0.17500000000000002,0.5225,26.995833333333334,26.175,26.34166666666667,26.8,0.3922916666666667,0.39475,0.39858333333333335,0.40208333333333335
2021-08-30,p,26.5125,89.25,24.579166666666666,32.25,1009.4958333333334,1008.9958333333334,0.0,54.333333333333336,27.75,19.708333333333332,58.541666666666664,204.91666666666666,131.54166666666666,73.375,181.20000000000002,5.825,9.254166666666666,215.0,206.08333333333334,14.1625,0.1425,0.38375000000000004,26.929166666666664,26.5625,26.399999999999995,26.8,0.39445833333333336,0.3982916666666667,0.39399999999999996,0.4018333333333333
2021-08-31,p,27.004166666666666,88.5,24.90416666666667,33.199999999999996,1010.1666666666666,1009.6666666666666,0.0,80.95833333333333,30.041666666666668,65.625,71.75,160.45833333333334,81.875,78.58333333333333,114.56666666666666,3.5,5.2625,249.95833333333334,243.375,11.191666666666668,0.11875000000000001,0.42791666666666667,27.037499999999998,26.483333333333334,26.40833333333333,26.8,0.3978333333333333,0.4027083333333334,0.3977916666666667,0.401
2021-09-01,p,26.625,89.0,24.633333333333336,32.708333333333336,1010.1708333333332,1009.6708333333332,0.0,80.70833333333333,29.125,64.875,87.625,173.54166666666666,82.54166666666667,91.0,112.10833333333333,3.4,5.1499999999999995,220.16666666666666,218.54166666666666,11.654166666666667,0.12833333333333333,0.39999999999999997,26.983333333333334,26.454166666666666,26.483333333333334,26.8,0.39683333333333337,0.39762500000000006,0.3979166666666667,0.4010416666666667
2021-09-02,p,26.004166666666666,91.45833333333333,24.5,31.275000000000002,1010.1291666666666,1009.6291666666666,0.0,83.66666666666667,30.5,55.083333333333336,97.16666666666667,119.375,33.083333333333336,86.29166666666667,43.12916666666666,8.270833333333334,12.674999999999999,230.95833333333334,226.5,17.008333333333333,0.08833333333333333,0.29291666666666666,26.445833333333336,26.229166666666668,26.491666666666664,26.8,0.40329166666666666,0.40020833333333333,0.40195833333333336,0.40129166666666666
2021-09-03,p,25.491666666666664,91.54166666666667,23.979166666666668,30.21666666666667,1009.9375,1009.4375,0.0,98.20833333333333,54.541666666666664,93.91666666666667,99.41666666666667,33.166666666666664,2.25,30.916666666666668,4.25,9.65,15.200000000000001,234.375,233.5,21.054166666666667,0.0375,0.28541666666666665,25.84166666666667,25.675,26.395833333333332,26.770833333333332,0.40362500000000007,0.40362500000000007,0.40375000000000005,0.40279166666666666
2021-09-04,p,26.195833333333336,88.625,24.1375,31.575,1010.2541666666666,1009.7541666666666,0.0,82.79166666666667,56.375,58.333333333333336,88.70833333333333,101.45833333333333,44.958333333333336,56.5,69.72083333333333,5.9624999999999995,9.504166666666666,226.375,225.45833333333334,16.845833333333335,0.07791666666666668,0.3954166666666667,25.979166666666668,25.429166666666664,26.27916666666667,26.7,0.40079166666666666,0.4010833333333334,0.40187500000000004,0.40375000000000005
2021-09-05,p,25.733333333333334,89.58333333333333,23.849999999999998,30.84166666666667,1010.6916666666666,1010.1916666666666,0.0,76.41666666666667,33.208333333333336,36.916666666666664,88.0,174.54166666666666,81.375,93.16666666666667,103.53750000000001,7.129166666666666,11.1875,214.83333333333334,208.625,16.779166666666665,0.12291666666666667,0.35333333333333333,26.2375,25.7375,26.2,26.7,0.399,0.39987500000000004,0.39687500000000003,0.403
2021-09-06,p,26.829166666666666,86.66666666666667,24.349999999999998,32.31666666666667,1011.0291666666667,1010.5291666666667,0.0,90.41666666666667,15.833333333333334,85.29166666666667,97.95833333333333,126.625,35.541666666666664,91.08333333333333,49.17083333333333,6.0874999999999995,9.683333333333334,206.20833333333334,197.75,14.420833333333334,0.10041666666666667,0.5,26.308333333333334,25.879166666666666,26.2,26.7,0.3993333333333333,0.4010416666666667,0.3984166666666667,0.403
2021-09-07,p,27.045833333333334,82.91666666666667,23.816666666666666,31.745833333333334,1010.1750000000001,1009.6750000000001,0.0,46.791666666666664,8.625,25.625,78.70833333333333,220.70833333333334,135.83333333333334,84.875,186.6291666666667,10.058333333333334,15.754166666666668,224.0,220.16666666666666,21.491666666666664,0.1625,0.635,26.84583333333333,26.162499999999998,26.2,26.7,0.38400000000000006,0.3901666666666667,0.39733333333333337,0.40254166666666674
2021-09-08,p,26.787499999999998,84.33333333333333,23.870833333333334,31.370833333333334,1009.6541666666667,1009.1541666666667,0.0,62.25,26.333333333333332,16.916666666666668,95.625,212.79166666666666,140.66666666666666,72.125,187.15,11.258333333333333,17.133333333333333,199.29166666666666,197.75,25.47083333333333,0.15666666666666668,0.5704166666666667,27.058333333333334,26.479166666666668,26.224999999999998,26.7,0.3755833333333333,0.3810833333333334,0.39200000000000007,0.40199999999999997
2021-09-09,p,26.791666666666668,87.41666666666667,24.445833333333336,32.30416666666667,1010.5666666666666,1010.0666666666666,0.0,68.29166666666667,33.375,22.333333333333332,96.75,205.20833333333334,102.33333333333333,102.875,136.52916666666667,7.304166666666667,11.479166666666666,206.70833333333334,202.29166666666666,16.558333333333334,0.14666666666666667,0.4675,27.0625,26.491666666666664,26.3,26.7,0.387375,0.387125,0.38800000000000007,0.4012083333333334
2021-09-10,p,27.787499999999998,83.25,24.53333333333333,33.81666666666667,1010.225,1009.725,0.0,40.375,14.875,16.458333333333332,58.416666666666664,243.08333333333334,180.58333333333334,62.5,239.66666666666666,5.0125,7.329166666666667,227.0,194.58333333333334,12.104166666666666,0.18083333333333332,0.6733333333333333,27.741666666666664,26.712500000000002,26.333333333333332,26.7,0.3802083333333333,0.3822916666666667,0.38437499999999997,0.40054166666666674
2021-09-11,p,26.84583333333333,86.375,24.325,32.7125,1010.0916666666667,1009.5916666666667,0.0,73.83333333333333,41.083333333333336,32.708333333333336,72.0,183.33333333333334,102.875,80.45833333333333,140.16666666666666,3.7458333333333336,5.329166666666667,187.0,165.0,17.025000000000002,0.13333333333333333,0.5029166666666667,27.479166666666668,26.84583333333333,26.441666666666666,26.7,0.39737500000000003,0.39283333333333337,0.38766666666666666,0.4000000000000001
2021-09-12,p,25.604166666666668,91.41666666666667,24.075,31.0625,1010.2541666666666,1009.7541666666666,0.0,88.20833333333333,14.875,80.66666666666667,92.75,116.875,25.416666666666668,91.45833333333333,29.349999999999998,4.9875,7.570833333333333,189.66666666666666,175.29166666666666,13.375,0.08625,0.28625,26.458333333333332,26.541666666666668,26.5,26.7,0.40137500000000004,0.40054166666666674,0.39175000000000004,0.399125
2021-09-13,p,26.829166666666666,88.45833333333333,24.7375,32.80416666666667,1010.7208333333333,1010.2208333333333,0.0,79.79166666666667,9.666666666666666,72.20833333333333,97.08333333333333,111.45833333333333,31.958333333333332,79.5,45.24583333333334,4.329166666666667,6.879166666666666,104.20833333333333,83.91666666666667,12.370833333333332,0.08625,0.41958333333333336,26.491666666666664,26.125,26.5,26.7,0.39929166666666666,0.40175000000000005,0.39625,0.399
2021-09-14,p,27.608333333333334,85.41666666666667,24.804166666666664,33.87083333333333,1010.8375,1010.3375,0.0,45.375,10.166666666666666,23.541666666666668,73.5,221.125,144.79166666666666,76.33333333333333,193.6291666666667,4.116666666666666,6.2749999999999995,220.45833333333334,177.54166666666666,12.416666666666666,0.16416666666666666,0.58,27.270833333333332,26.325,26.420833333333334,26.7,0.3874166666666667,0.3919166666666667,0.39487500000000003,0.399
2021-09-15,p,25.287499999999998,91.29166666666667,23.7625,30.1125,1012.0416666666666,1011.5416666666666,0.0,86.41666666666667,13.708333333333334,78.79166666666667,98.95833333333333,69.41666666666667,7.166666666666667,62.25,9.933333333333334,8.104166666666666,12.816666666666668,283.375,278.25,18.904166666666665,0.05583333333333334,0.2841666666666667,26.05,26.166666666666668,26.458333333333332,26.7,0.40266666666666673,0.40170833333333333,0.3994166666666667,0.39929166666666666
2021-09-16,p,25.879166666666666,88.04166666666667,23.729166666666668,31.02916666666667,1011.275,1010.775,0.0,94.5,16.083333333333332,91.70833333333333,100.0,87.08333333333333,6.791666666666667,80.29166666666667,9.041666666666666,5.604166666666667,8.470833333333333,274.0833333333333,265.8333333333333,13.125,0.06958333333333333,0.4058333333333333,25.925,25.65833333333333,26.362499999999997,26.620833333333334,0.40241666666666664,0.4015416666666667,0.40524999999999994,0.40187500000000004
2021-09-17,p,26.97083333333333,87.41666666666667,24.6125,32.5375,1009.6416666666668,1009.1416666666668,0.0,63.75,21.916666666666668,45.25,56.166666666666664,176.04166666666666,97.125,78.91666666666667,134.92916666666667,6.941666666666666,11.020833333333334,197.33333333333334,190.20833333333334,14.712499999999999,0.12791666666666668,0.4779166666666667,26.675,25.90833333333333,26.3,26.600000000000005,0.3881666666666667,0.39175000000000004,0.39987500000000004,0.403
2021-09-18,p,27.170833333333334,85.25,24.445833333333336,32.395833333333336,1009.6208333333334,1009.1208333333334,0.0,45.416666666666664,20.916666666666668,20.375,47.916666666666664,212.125,139.125,73.0,190.32500000000002,8.916666666666666,14.170833333333334,198.45833333333334,193.25,18.658333333333335,0.1525,0.5441666666666667,27.041666666666668,26.245833333333334,26.3,26.600000000000005,0.3829166666666666,0.38558333333333333,0.3942083333333333,0.402375
2021-09-19,p,27.704166666666666,81.33333333333333,24.066666666666666,33.00833333333333,1010.0291666666667,1009.5291666666667,0.0,37.583333333333336,19.291666666666668,11.416666666666666,44.5,253.25,197.04166666666666,56.208333333333336,268.8208333333333,8.041666666666666,12.775,206.58333333333334,200.66666666666666,18.5125,0.19333333333333336,0.7420833333333333,27.59166666666667,26.704166666666666,26.329166666666666,26.629166666666666,0.3786666666666667,0.3822916666666667,0.38925000000000004,0.4017916666666667
2021-09-20,p,27.383333333333336,84.25,24.40416666666667,32.78333333333333,1010.1374999999999,1009.6374999999999,0.0,57.958333333333336,13.416666666666666,37.958333333333336,77.08333333333333,244.375,171.70833333333334,72.66666666666667,226.6833333333333,8.766666666666667,13.779166666666667,198.0,195.0,18.258333333333333,0.17875,0.5995833333333334,27.59583333333333,26.96666666666667,26.4375,26.641666666666666,0.38083333333333336,0.377875,0.387,0.401
2021-09-21,p,25.59166666666667,90.58333333333333,23.929166666666664,30.7625,1010.6333333333333,1010.1333333333333,0.0,94.66666666666667,57.0,83.95833333333333,98.29166666666667,53.666666666666664,4.583333333333333,49.083333333333336,5.7375,6.3500000000000005,10.575000000000001,237.91666666666666,233.16666666666666,13.049999999999999,0.04750000000000001,0.3145833333333333,26.25,26.391666666666666,26.5,26.600000000000005,0.403,0.40091666666666664,0.39645833333333336,0.4005
2021-09-22,p,26.416666666666668,88.0,24.208333333333332,32.237500000000004,1010.9041666666667,1010.4041666666667,0.0,89.875,13.833333333333334,86.875,97.70833333333333,149.45833333333334,45.583333333333336,103.875,49.1875,3.845833333333333,6.741666666666667,159.125,148.125,11.741666666666667,0.11416666666666668,0.4345833333333333,26.545833333333334,26.020833333333332,26.44583333333333,26.600000000000005,0.39775000000000005,0.3995,0.4010833333333334,0.40387500000000004
2021-09-23,p,27.479166666666668,80.79166666666667,23.708333333333332,33.28333333333333,1010.625,1010.125,0.0,37.291666666666664,4.833333333333333,33.791666666666664,42.0,276.5,226.16666666666666,50.333333333333336,301.6708333333333,4.045833333333333,5.95,171.04166666666666,156.70833333333334,12.370833333333332,0.20208333333333336,0.7445833333333334,27.2375,26.46666666666667,26.404166666666665,26.600000000000005,0.38195833333333334,0.3897083333333333,0.39445833333333336,0.4033333333333333
2021-09-24,p,25.804166666666664,84.33333333333333,22.875,30.675,1010.7833333333333,1010.2833333333333,0.0,67.25,2.7916666666666665,87.54166666666667,40.958333333333336,134.79166666666666,64.04166666666667,70.75,89.7,4.370833333333334,6.479166666666667,263.5,262.0,12.025,0.10208333333333335,0.53625,26.329166666666666,26.4875,26.5,26.600000000000005,0.3870833333333334,0.38633333333333336,0.3842916666666667,0.40245833333333336
2021-09-25,p,27.2625,80.79166666666667,23.516666666666666,32.791666666666664,1009.0875,1008.5875,0.0,39.458333333333336,5.083333333333333,38.625,39.125,286.8333333333333,235.0,51.833333333333336,308.9791666666667,5.8125,9.254166666666666,196.58333333333334,188.95833333333334,14.645833333333334,0.21,0.74625,27.204166666666666,26.491666666666664,26.45,26.600000000000005,0.384875,0.39054166666666673,0.3834583333333333,0.4014166666666667
2021-09-26,p,26.816666666666666,84.33333333333333,23.849999999999998,32.06666666666667,1008.6916666666666,1008.1916666666666,0.0,55.208333333333336,26.041666666666668,28.625,60.916666666666664,236.16666666666666,166.91666666666666,69.25,218.91666666666666,7.179166666666667,11.154166666666667,215.25,211.25,17.825,0.16583333333333333,0.57375,27.333333333333332,26.816666666666666,26.516666666666666,26.600000000000005,0.38495833333333335,0.38729166666666665,0.38195833333333334,0.40045833333333336
2021-09-27,p,27.879166666666666,81.41666666666667,24.3,33.57083333333333,1008.275,1007.775,0.0,27.583333333333332,4.416666666666667,8.458333333333334,61.458333333333336,260.7083333333333,197.04166666666666,63.666666666666664,268.9375,6.645833333333333,10.529166666666667,216.25,210.95833333333334,16.433333333333334,0.19083333333333333,0.7275,27.558333333333334,26.991666666666664,26.600000000000005,26.600000000000005,0.3677083333333333,0.378125,0.38008333333333333,0.39962500000000006
2021-09-28,p,28.429166666666664,82.25,25.008333333333336,34.2875,1008.1666666666666,1007.6666666666666,0.0,46.166666666666664,15.541666666666666,13.625,79.875,257.25,197.79166666666666,59.458333333333336,262.06666666666666,8.354166666666666,13.083333333333334,196.70833333333334,192.20833333333334,19.133333333333333,0.18958333333333333,0.71,27.804166666666664,27.041666666666668,26.629166666666666,26.600000000000005,0.36070833333333335,0.368125,0.376625,0.39879166666666666
2021-09-29,p,27.066666666666666,89.91666666666667,25.241666666666664,33.329166666666666,1008.9833333333332,1008.4833333333332,0.0,67.125,35.75,35.416666666666664,71.41666666666667,201.125,104.45833333333333,96.66666666666667,139.9375,5.645833333333333,9.058333333333334,196.58333333333334,191.33333333333334,13.358333333333334,0.14416666666666667,0.3725,27.55,27.05,26.7,26.600000000000005,0.38599999999999995,0.37729166666666664,0.37433333333333335,0.39799999999999996
2021-09-30,p,27.52916666666667,86.5,24.945833333333336,33.77916666666667,1009.2958333333332,1008.7958333333332,0.0,46.875,22.416666666666668,14.75,59.083333333333336,240.875,154.83333333333334,86.04166666666667,200.97083333333333,5.345833333333334,7.9375,191.41666666666666,184.75,13.195833333333333,0.17208333333333334,0.5383333333333333,27.733333333333334,27.041666666666668,26.733333333333334,26.600000000000005,0.37562500000000004,0.3785,0.37354166666666666,0.397125
2021-10-01,p,26.84583333333333,89.33333333333333,24.920833333333334,32.9375,1009.7833333333333,1009.2833333333333,0.0,72.125,35.916666666666664,31.541666666666668,79.25,137.79166666666666,50.875,86.91666666666667,70.03333333333333,4.516666666666667,7.095833333333334,196.875,194.29166666666666,13.466666666666667,0.10166666666666667,0.3925,26.974999999999998,26.72083333333333,26.8,26.600000000000005,0.3930416666666667,0.38854166666666673,0.375375,0.3965
2021-10-02,p,26.829166666666666,86.16666666666667,24.233333333333334,32.387499999999996,1010.4125,1009.9125,0.0,82.58333333333333,22.375,70.625,92.58333333333333,95.83333333333333,13.875,81.95833333333333,20.858333333333334,4.904166666666667,6.833333333333333,224.04166666666666,217.33333333333334,12.241666666666667,0.07666666666666667,0.5187499999999999,26.604166666666668,26.3625,26.724999999999998,26.600000000000005,0.39799999999999996,0.39958333333333335,0.3778333333333333,0.3960000000000001
2021-10-03,p,26.8,87.58333333333333,24.52916666666667,32.324999999999996,1009.0416666666666,1008.5416666666666,0.0,72.29166666666667,29.375,37.958333333333336,81.95833333333333,203.66666666666666,106.95833333333333,96.70833333333333,139.9,7.675,11.5875,209.41666666666666,203.95833333333334,17.041666666666668,0.14625,0.4529166666666667,27.208333333333332,26.55,26.7,26.600000000000005,0.385375,0.387125,0.37575000000000003,0.39570833333333333
2021-10-04,p,25.433333333333334,90.16666666666667,23.683333333333334,30.316666666666666,1009.2791666666667,1008.7791666666667,0.0,88.375,17.416666666666668,82.08333333333333,97.08333333333333,62.958333333333336,4.125,58.833333333333336,5.541666666666667,7.333333333333333,11.754166666666668,225.5,219.66666666666666,16.120833333333334,0.052083333333333336,0.32458333333333333,26.0,26.25,26.65833333333333,26.600000000000005,0.40087500000000004,0.400625,0.38437499999999997,0.395
2021-10-05,p,27.441666666666666,82.5,24.079166666666666,32.675000000000004,1007.5708333333333,1007.0708333333333,0.0,29.541666666666668,5.416666666666667,18.458333333333332,44.958333333333336,271.875,205.95833333333334,65.91666666666667,283.27916666666664,8.991666666666667,14.045833333333334,210.41666666666666,205.625,19.308333333333334,0.19791666666666666,0.6862499999999999,27.266666666666666,26.329166666666666,26.579166666666666,26.600000000000005,0.38400000000000006,0.39116666666666666,0.39125000000000004,0.395
2021-10-06,p,27.974999999999998,84.33333333333333,25.075,33.42916666666667,1007.5583333333334,1007.0583333333334,0.0,40.416666666666664,14.25,6.0,79.58333333333333,221.625,122.95833333333333,98.66666666666667,177.9625,10.225,15.470833333333333,195.08333333333334,192.0,21.65833333333333,0.1625,0.5979166666666667,27.733333333333334,26.95,26.608333333333334,26.6125,0.3738333333333333,0.38058333333333333,0.389,0.395
2021-10-07,p,27.258333333333336,85.375,24.462500000000002,32.362500000000004,1008.3041666666667,1007.8041666666667,0.0,35.166666666666664,18.833333333333332,20.083333333333332,20.416666666666668,241.25,179.83333333333334,61.416666666666664,241.78333333333333,10.7125,15.941666666666668,198.41666666666666,196.33333333333334,22.6125,0.1758333333333333,0.56625,27.537499999999998,26.995833333333334,26.7,26.641666666666666,0.373125,0.375875,0.38675,0.3945
2021-10-08,p,27.075,87.54166666666667,24.787499999999998,32.1625,1009.1083333333332,1008.6083333333332,0.0,48.916666666666664,20.291666666666668,17.291666666666668,67.54166666666667,225.04166666666666,138.16666666666666,86.875,190.97083333333333,11.5,17.224999999999998,196.0,195.0,22.829166666666666,0.16,0.46166666666666667,27.733333333333334,27.1375,26.708333333333332,26.670833333333334,0.37166666666666665,0.373,0.38433333333333336,0.39399999999999996
2021-10-09,p,28.004166666666666,83.08333333333333,24.754166666666666,33.62083333333333,1008.9250000000001,1008.4250000000001,0.0,58.0,26.625,12.291666666666666,88.41666666666667,247.66666666666666,180.41666666666666,67.25,242.39583333333334,8.866666666666667,13.266666666666667,196.45833333333334,194.70833333333334,19.158333333333335,0.18583333333333332,0.67625,28.145833333333332,27.3,26.8,26.600000000000005,0.36204166666666665,0.36866666666666664,0.38129166666666664,0.39399999999999996
2021-10-10,p,27.070833333333336,87.04166666666667,24.683333333333334,32.49583333333333,1008.5875,1008.0875,0.0,67.25,9.708333333333334,47.916666666666664,99.0,160.33333333333334,47.0,113.33333333333333,64.925,7.970833333333334,12.3375,217.375,214.79166666666666,16.675,0.11875000000000001,0.47750000000000004,27.433333333333334,27.25,26.858333333333334,26.600000000000005,0.3717916666666667,0.36575,0.37904166666666667,0.3934166666666667
2021-10-11,p,27.370833333333334,86.08333333333333,24.775000000000002,32.22083333333333,1007.6291666666666,1007.1291666666666,0.0,78.125,12.375,76.04166666666667,72.29166666666667,173.29166666666666,89.41666666666667,83.875,125.3875,12.495833333333332,18.833333333333332,201.54166666666666,200.375,26.025000000000002,0.13499999999999998,0.5291666666666667,27.416666666666668,27.141666666666666,26.899999999999995,26.629166666666666,0.3673333333333333,0.36845833333333333,0.376875,0.393
2021-10-12,p,27.929166666666664,84.0,24.895833333333332,33.229166666666664,1007.6708333333332,1007.1708333333332,0.0,52.166666666666664,6.208333333333333,41.166666666666664,72.91666666666667,201.16666666666666,93.125,108.04166666666667,126.45,10.504166666666666,16.183333333333334,210.41666666666666,207.5,24.079166666666666,0.15291666666666667,0.62875,27.650000000000002,27.241666666666664,26.912499999999998,26.7,0.3578333333333333,0.36441666666666667,0.37504166666666666,0.39279166666666665
2021-10-13,p,28.59166666666667,83.91666666666667,25.47083333333333,34.9625,1007.2791666666667,1006.7791666666667,0.0,43.291666666666664,10.333333333333334,7.875,97.45833333333333,261.5416666666667,180.16666666666666,81.375,241.67083333333335,7.345833333333334,11.545833333333334,184.33333333333334,180.625,16.566666666666666,0.19291666666666665,0.6649999999999999,28.09166666666667,27.27916666666667,26.95,26.7,0.3434166666666667,0.35720833333333335,0.3722916666666667,0.39200000000000007
2021-10-14,p,27.491666666666664,87.5,25.1875,33.81666666666667,1008.3000000000001,1007.8000000000001,0.0,58.375,21.208333333333332,19.958333333333332,92.91666666666667,217.70833333333334,123.41666666666667,94.29166666666667,168.79583333333332,5.083333333333333,7.4750000000000005,169.91666666666666,153.58333333333334,13.083333333333334,0.15541666666666668,0.47833333333333333,27.825,27.304166666666664,27.0,26.7,0.362625,0.3561666666666667,0.3697083333333333,0.3917916666666667
2021-10-15,p,27.820833333333336,85.95833333333333,25.133333333333336,34.295833333333334,1007.6541666666667,1007.1541666666667,0.0,42.125,12.583333333333334,22.458333333333332,59.583333333333336,224.83333333333334,148.66666666666666,76.16666666666667,186.98749999999998,4.625,6.925,182.125,183.5,12.450000000000001,0.16541666666666668,0.56125,27.90416666666667,27.349999999999998,27.02916666666667,26.7,0.3739166666666667,0.3670833333333334,0.36775,0.391
2021-10-16,p,28.416666666666668,83.0,25.099999999999998,34.88333333333333,1007.9916666666667,1007.4916666666667,0.0,40.166666666666664,17.0,3.5,78.58333333333333,280.5833333333333,225.45833333333334,55.125,293.04583333333335,5.816666666666666,8.270833333333334,202.25,177.875,14.820833333333333,0.20625000000000002,0.7016666666666667,28.316666666666666,27.5125,27.100000000000005,26.7,0.3621666666666667,0.36716666666666664,0.3670833333333334,0.3907083333333334
2021-10-17,p,27.729166666666668,84.66666666666667,24.808333333333334,34.262499999999996,1009.3125,1008.8125,0.0,48.375,13.125,19.083333333333332,83.41666666666667,242.54166666666666,181.66666666666666,60.875,233.15833333333333,3.1875,4.504166666666666,140.29166666666666,134.125,12.741666666666667,0.17541666666666667,0.5920833333333334,28.224999999999998,27.633333333333336,27.133333333333336,26.729166666666668,0.35975,0.36166666666666664,0.3655,0.38999999999999996
2021-10-18,p,26.900000000000002,87.66666666666667,24.625,32.766666666666666,1010.9041666666667,1010.4041666666667,0.0,49.166666666666664,18.125,12.458333333333334,87.25,198.95833333333334,92.66666666666667,106.29166666666667,121.8,5.554166666666667,8.104166666666666,92.16666666666667,68.0,17.220833333333335,0.14291666666666666,0.46249999999999997,27.575,27.429166666666664,27.2,26.8,0.38533333333333336,0.3794583333333333,0.365,0.38975000000000004
2021-10-19,p,27.22083333333333,89.5,25.28333333333333,33.81666666666667,1012.5916666666667,1012.0916666666667,0.0,53.416666666666664,19.791666666666668,20.625,79.66666666666667,234.16666666666666,155.79166666666666,78.375,211.96666666666667,4.175,5.833333333333333,200.45833333333334,147.04166666666666,12.7125,0.1679166666666667,0.4058333333333333,28.03333333333333,27.349999999999998,27.2,26.8,0.38675,0.38495833333333335,0.36695833333333333,0.389
2021-10-20,p,28.058333333333334,82.625,24.708333333333332,34.074999999999996,1012.0208333333334,1011.5208333333334,0.0,47.041666666666664,27.25,11.0,70.04166666666667,245.375,172.0,73.375,226.375,5.783333333333334,8.141666666666667,225.625,218.875,14.795833333333334,0.17875,0.6983333333333334,28.09166666666667,27.433333333333334,27.2,26.8,0.38891666666666663,0.393,0.37266666666666665,0.389
2021-10-21,p,27.037499999999998,87.08333333333333,24.7,33.012499999999996,1011.3291666666668,1010.8291666666668,0.0,49.666666666666664,21.666666666666668,26.666666666666668,49.333333333333336,217.41666666666666,146.25,71.16666666666667,196.3708333333333,5.583333333333333,8.620833333333334,198.29166666666666,190.16666666666666,14.779166666666667,0.14833333333333334,0.46541666666666665,27.320833333333336,27.1875,27.2,26.8,0.3857916666666667,0.3847083333333334,0.3750833333333334,0.38845833333333335
2021-10-22,p,26.308333333333334,88.875,24.316666666666666,32.05833333333333,1012.0500000000001,1011.5500000000001,0.0,77.66666666666667,19.125,63.083333333333336,94.08333333333333,115.625,19.291666666666668,96.33333333333333,23.333333333333332,4.020833333333333,6.441666666666666,202.83333333333334,199.95833333333334,14.883333333333333,0.08916666666666667,0.39166666666666666,26.804166666666664,26.72083333333333,27.145833333333332,26.8,0.39995833333333336,0.39966666666666667,0.38066666666666665,0.38800000000000007
2021-10-23,p,27.995833333333334,81.70833333333333,24.425,33.78333333333333,1011.4250000000001,1010.9250000000001,0.0,55.125,3.1666666666666665,40.916666666666664,92.16666666666667,231.95833333333334,120.625,111.33333333333333,164.6375,5.883333333333333,9.154166666666667,237.33333333333334,232.66666666666666,13.908333333333333,0.17333333333333334,0.7420833333333333,27.679166666666664,26.900000000000002,27.05416666666667,26.8,0.382875,0.38858333333333334,0.38562500000000005,0.38800000000000007
2021-10-24,p,28.474999999999998,83.16666666666667,25.270833333333332,34.75416666666667,1010.1625,1009.6625,0.0,34.625,9.625,8.416666666666666,69.58333333333333,259.75,188.75,71.0,256.5125,6.883333333333333,10.920833333333334,186.58333333333334,183.375,16.041666666666668,0.18916666666666668,0.67875,28.083333333333332,27.275000000000002,27.03333333333333,26.8,0.37333333333333335,0.3786666666666667,0.3845416666666667,0.38800000000000007
2021-10-25,p,27.212500000000002,88.45833333333333,25.083333333333332,32.84166666666667,1009.3249999999999,1008.8249999999999,0.0,54.916666666666664,20.875,15.333333333333334,89.79166666666667,173.04166666666666,58.708333333333336,114.33333333333333,90.575,8.3125,12.566666666666668,182.375,181.66666666666666,16.408333333333335,0.12333333333333334,0.43250000000000005,27.34583333333333,27.208333333333332,27.070833333333336,26.8,0.38129166666666664,0.378125,0.383375,0.38800000000000007
2021-10-26,p,26.75,88.66666666666667,24.679166666666664,32.9625,1009.8958333333334,1009.3958333333334,0.0,67.54166666666667,31.083333333333332,23.875,96.41666666666667,185.375,83.58333333333333,101.79166666666667,99.69166666666666,3.716666666666667,5.604166666666667,194.95833333333334,183.16666666666666,11.641666666666666,0.13791666666666666,0.42124999999999996,27.3625,26.96666666666667,27.0,26.8,0.38491666666666663,0.38400000000000006,0.3814166666666667,0.38800000000000007
2021-10-27,p,27.329166666666666,88.16666666666667,25.070833333333336,33.699999999999996,1010.0041666666666,1009.5041666666666,0.0,58.75,29.833333333333332,10.166666666666666,96.20833333333333,244.625,171.83333333333334,72.79166666666667,233.39999999999998,4.995833333333334,7.020833333333333,152.33333333333334,105.75,17.954166666666666,0.17625,0.4725,27.991666666666664,27.241666666666664,27.004166666666666,26.8,0.3829166666666666,0.38275,0.38045833333333334,0.3875416666666667
2021-10-28,p,27.53333333333333,86.16666666666667,24.991666666666664,33.6625,1010.1916666666666,1009.6916666666666,0.0,34.625,13.5,6.958333333333333,61.0,226.625,156.08333333333334,70.54166666666667,218.9416666666667,5.595833333333334,8.295833333333333,91.91666666666667,88.79166666666667,17.595833333333335,0.16125,0.5233333333333333,27.8,27.3875,27.100000000000005,26.8,0.39608333333333334,0.3970416666666667,0.383,0.387
2021-10-29,p,27.020833333333332,86.58333333333333,24.554166666666664,33.27916666666667,1011.1333333333333,1010.6333333333333,0.0,54.875,26.375,17.916666666666668,75.58333333333333,228.25,164.0,64.25,221.01666666666665,3.170833333333333,4.470833333333333,168.79166666666666,171.54166666666666,11.420833333333334,0.16416666666666666,0.49500000000000005,27.679166666666664,27.233333333333334,27.100000000000005,26.8,0.3935,0.39458333333333334,0.3875416666666667,0.387
2021-10-30,p,26.5125,87.66666666666667,24.258333333333336,32.09583333333333,1012.2916666666666,1011.7916666666666,0.0,69.25,25.875,58.458333333333336,82.375,184.66666666666666,80.91666666666667,103.75,114.21249999999999,5.483333333333333,8.020833333333334,205.25,194.45833333333334,14.708333333333334,0.13208333333333333,0.4379166666666667,27.070833333333336,27.120833333333334,27.100000000000005,26.8,0.39929166666666666,0.4020416666666667,0.3946666666666667,0.3875416666666667
2021-10-31,p,27.625,85.16666666666667,24.787499999999998,33.62916666666667,1010.5166666666668,1010.0166666666668,0.0,49.708333333333336,17.833333333333332,11.75,88.08333333333333,243.41666666666666,169.58333333333334,73.83333333333333,223.32500000000002,6.408333333333334,10.233333333333333,143.08333333333334,72.45833333333333,17.895833333333332,0.17708333333333334,0.58625,27.454166666666666,26.974999999999998,27.05416666666667,26.8,0.38883333333333336,0.39233333333333337,0.396125,0.38866666666666666
2021-11-01,p,28.391666666666666,85.5,25.679166666666664,35.166666666666664,1010.1083333333332,1009.6083333333332,0.0,51.75,9.083333333333334,40.041666666666664,66.16666666666667,243.04166666666666,169.79166666666666,73.25,243.1833333333333,4.870833333333333,7.470833333333334,76.125,78.20833333333333,13.616666666666667,0.17708333333333334,0.5766666666666667,28.183333333333334,27.391666666666666,27.100000000000005,26.8,0.392125,0.39137500000000003,0.39433333333333337,0.389
2021-11-02,p,26.59166666666667,88.41666666666667,24.46666666666667,32.50416666666667,1010.4833333333332,1009.9833333333332,0.0,70.70833333333333,19.625,46.166666666666664,98.875,92.66666666666667,7.833333333333333,84.83333333333333,13.0625,3.6374999999999997,5.166666666666667,256.7916666666667,253.375,11.929166666666667,0.07166666666666667,0.41958333333333336,26.912499999999998,27.00833333333333,27.100000000000005,26.8,0.4010416666666667,0.40291666666666665,0.40025,0.38995833333333335
2021-11-03,p,27.125,86.875,24.666666666666668,33.09583333333333,1009.6041666666666,1009.1041666666666,0.0,55.25,15.166666666666666,21.541666666666668,95.54166666666667,212.95833333333334,114.5,98.45833333333333,152.20416666666668,4.954166666666667,7.591666666666666,185.83333333333334,183.5,12.9375,0.15541666666666668,0.5004166666666666,27.395833333333332,26.854166666666668,27.037499999999998,26.8,0.3845,0.38995833333333335,0.39937500000000004,0.39187500000000003
2021-11-04,p,27.204166666666666,85.375,24.40416666666667,33.42916666666667,1009.125,1008.625,0.0,56.166666666666664,12.458333333333334,30.791666666666668,88.20833333333333,219.04166666666666,135.70833333333334,83.33333333333333,180.19583333333333,2.7375000000000003,3.4416666666666664,214.45833333333334,162.91666666666666,10.679166666666667,0.16083333333333333,0.5654166666666667,27.712500000000002,27.129166666666666,27.0,26.8,0.393125,0.39254166666666673,0.3974583333333333,0.39287500000000003
2021-11-05,p,26.570833333333336,88.20833333333333,24.400000000000002,32.22083333333333,1009.1291666666666,1008.6291666666666,0.0,70.70833333333333,41.208333333333336,33.375,98.79166666666667,139.5,48.041666666666664,91.45833333333333,70.16666666666667,5.241666666666666,7.508333333333333,199.16666666666666,196.25,13.7875,0.10166666666666667,0.43083333333333335,26.900000000000002,26.97083333333333,27.0,26.829166666666666,0.3937083333333333,0.3970833333333334,0.3975416666666667,0.39333333333333337
2021-11-06,p,27.65833333333333,85.20833333333333,24.8125,33.97083333333333,1006.9875000000001,1006.4875000000001,0.0,55.083333333333336,27.916666666666668,15.666666666666666,86.08333333333333,244.79166666666666,168.70833333333334,76.08333333333333,231.02916666666667,4.191666666666666,5.5125,181.16666666666666,170.125,12.479166666666666,0.17958333333333332,0.5858333333333333,27.5625,27.079166666666666,27.0,26.870833333333334,0.38004166666666667,0.386625,0.3962916666666667,0.39399999999999996
2021-11-07,p,27.545833333333334,86.83333333333333,25.066666666666666,33.925000000000004,1007.0333333333333,1006.5333333333333,0.0,56.5,15.5,24.458333333333332,93.04166666666667,205.41666666666666,114.66666666666667,90.75,158.35416666666666,3.9499999999999997,5.520833333333333,160.66666666666666,107.20833333333333,11.754166666666668,0.15416666666666667,0.51625,28.041666666666668,27.28333333333333,27.008333333333336,26.80416666666667,0.3924166666666667,0.3882916666666667,0.3918333333333333,0.39399999999999996
2021-11-08,p,26.95,88.29166666666667,24.8,33.237500000000004,1008.375,1007.875,0.0,77.91666666666667,21.708333333333332,56.416666666666664,94.16666666666667,168.16666666666666,96.25,71.91666666666667,129.25833333333333,3.2875,4.754166666666666,194.375,184.58333333333334,13.366666666666667,0.12583333333333332,0.4345833333333333,27.4375,27.195833333333336,27.09166666666667,26.875,0.39487500000000003,0.39691666666666664,0.3964166666666667,0.39399999999999996
2021-11-09,p,27.625,85.70833333333333,24.895833333333332,34.079166666666666,1007.9333333333334,1007.4333333333334,0.0,68.0,31.625,30.25,97.79166666666667,227.04166666666666,138.83333333333334,88.20833333333333,180.9625,3.3625000000000003,4.529166666666667,192.58333333333334,145.58333333333334,9.970833333333333,0.16833333333333333,0.57,28.041666666666668,27.2625,27.070833333333336,26.899999999999995,0.38495833333333335,0.39033333333333337,0.39687500000000003,0.39399999999999996
2021-11-10,p,27.34166666666667,87.79166666666667,25.066666666666666,33.9125,1008.6083333333332,1008.1083333333332,0.0,63.833333333333336,22.958333333333332,36.75,75.875,209.54166666666666,126.875,82.66666666666667,166.01666666666668,3.1333333333333333,4.241666666666666,271.25,236.29166666666666,11.466666666666667,0.15708333333333332,0.47458333333333336,28.025000000000002,27.416666666666668,27.100000000000005,26.899999999999995,0.40225,0.39854166666666674,0.40216666666666673,0.39445833333333336
2021-11-11,p,28.129166666666666,81.5,24.504166666666666,34.041666666666664,1008.525,1008.0291666666667,0.0,62.291666666666664,13.833333333333334,37.333333333333336,91.75,196.16666666666666,116.75,79.41666666666667,163.77916666666667,4.583333333333333,6.604166666666667,249.20833333333334,252.58333333333334,12.520833333333334,0.14875,0.76125,28.175,27.479166666666668,27.129166666666666,26.899999999999995,0.39162500000000006,0.39283333333333337,0.40358333333333335,0.397125
2021-11-12,p,27.1875,86.375,24.629166666666666,32.979166666666664,1009.5791666666668,1009.0791666666668,0.0,74.79166666666667,31.625,46.166666666666664,94.04166666666667,185.29166666666666,86.79166666666667,98.5,114.75416666666666,6.2250000000000005,9.654166666666667,276.9166666666667,277.3333333333333,15.5875,0.13708333333333333,0.5191666666666667,27.895833333333332,27.441666666666666,27.2,26.899999999999995,0.3975,0.3967083333333334,0.400125,0.39820833333333333
2021-11-13,p,26.84166666666667,88.54166666666667,24.7625,32.56666666666667,1010.0208333333334,1009.5208333333334,0.0,73.66666666666667,8.083333333333334,61.458333333333336,99.33333333333333,90.625,15.208333333333334,75.41666666666667,21.583333333333332,6.216666666666666,9.895833333333334,235.0,234.20833333333334,14.0625,0.07166666666666667,0.4166666666666667,27.016666666666666,26.995833333333334,27.2,26.899999999999995,0.39970833333333333,0.4003333333333334,0.40199999999999997,0.4000000000000001
2021-11-14,p,27.133333333333336,85.91666666666667,24.454166666666666,33.137499999999996,1009.5958333333333,1009.0958333333333,0.0,62.291666666666664,10.083333333333334,47.708333333333336,81.375,200.70833333333334,108.16666666666667,92.54166666666667,139.54583333333332,4.070833333333334,6.195833333333333,163.0,171.25,14.604166666666666,0.14833333333333334,0.5366666666666666,27.545833333333334,26.983333333333334,27.108333333333334,26.899999999999995,0.395,0.396625,0.4024166666666667,0.401
2021-11-15,p,26.758333333333336,86.25,24.145833333333332,32.62916666666667,1009.3208333333333,1008.8208333333333,0.0,70.70833333333333,23.583333333333332,40.791666666666664,83.41666666666667,205.0,118.08333333333333,86.91666666666667,152.4,3.8333333333333335,5.541666666666667,226.25,219.20833333333334,16.466666666666665,0.15083333333333335,0.5275,27.679166666666664,27.233333333333334,27.100000000000005,26.899999999999995,0.3957916666666667,0.4045,0.404625,0.4020416666666667
2021-11-16,p,26.204166666666666,88.375,24.09583333333333,31.683333333333334,1009.5208333333334,1009.0208333333334,0.0,86.83333333333333,14.916666666666666,77.29166666666667,95.66666666666667,169.75,67.58333333333333,102.16666666666667,80.42916666666666,5.925,8.725,249.125,246.875,15.612499999999999,0.12208333333333334,0.4091666666666667,27.2625,27.083333333333332,27.100000000000005,26.899999999999995,0.39775000000000005,0.39929166666666666,0.401125,0.4038333333333333
2021-11-17,p,27.45,82.58333333333333,24.104166666666668,32.87083333333333,1008.9541666666668,1008.4541666666668,0.0,72.04166666666667,6.666666666666667,64.54166666666667,90.75,183.16666666666666,75.125,108.04166666666667,118.63333333333333,5.5249999999999995,8.387500000000001,218.16666666666666,214.75,13.479166666666666,0.13833333333333334,0.67125,27.491666666666664,27.041666666666668,27.100000000000005,26.899999999999995,0.38483333333333336,0.39175000000000004,0.3955,0.403
2021-11-18,p,27.1875,86.375,24.65833333333333,33.11666666666667,1007.2166666666667,1006.7166666666667,0.0,46.416666666666664,9.25,17.083333333333332,92.41666666666667,198.375,97.95833333333333,100.41666666666667,138.42916666666667,4.870833333333334,7.7375,214.75,207.29166666666666,14.933333333333332,0.14416666666666667,0.5120833333333333,27.6125,27.116666666666664,27.100000000000005,26.899999999999995,0.3862916666666667,0.3882916666666667,0.39425,0.402375
2021-11-19,p,26.8125,88.375,24.633333333333336,32.770833333333336,1006.9375,1006.4375,0.0,62.541666666666664,16.458333333333332,41.0,90.04166666666667,181.625,79.5,102.125,103.83749999999999,4.666666666666667,6.845833333333334,235.04166666666666,229.875,15.779166666666667,0.135,0.43875,27.641666666666666,27.15833333333333,27.100000000000005,26.899999999999995,0.39595833333333336,0.39399999999999996,0.38729166666666665,0.4018333333333333
2021-11-20,p,27.295833333333334,86.70833333333333,24.754166666666666,33.5375,1007.9041666666667,1007.4041666666667,0.0,70.91666666666667,35.708333333333336,31.583333333333332,89.625,225.29166666666666,146.875,78.41666666666667,195.9625,4.304166666666666,6.120833333333334,261.0416666666667,260.4166666666667,14.5875,0.165,0.5187499999999999,28.266666666666666,27.420833333333334,27.100000000000005,26.899999999999995,0.39245833333333335,0.3955416666666667,0.3845,0.401
2021-11-21,p,27.804166666666664,85.04166666666667,24.929166666666664,34.079166666666666,1009.0791666666668,1008.5791666666668,0.0,59.958333333333336,28.333333333333332,13.458333333333334,97.375,214.54166666666666,109.95833333333333,104.58333333333333,149.3,4.145833333333333,5.670833333333333,177.91666666666666,170.91666666666666,11.637500000000001,0.15958333333333333,0.60125,27.958333333333332,27.495833333333334,27.133333333333336,26.899999999999995,0.3826666666666667,0.3884166666666667,0.38466666666666666,0.40008333333333335
2021-11-22,p,28.0625,84.75,25.104166666666668,34.525,1008.4958333333334,1008.0,0.0,30.208333333333332,7.875,8.25,60.708333333333336,260.375,200.91666666666666,59.458333333333336,287.1791666666667,4.916666666666667,6.608333333333333,130.20833333333334,84.91666666666667,12.829166666666666,0.18999999999999997,0.6279166666666667,28.087500000000002,27.454166666666666,27.2,26.899999999999995,0.3742916666666667,0.3790833333333334,0.3824166666666667,0.3994166666666667
2021-11-23,p,28.070833333333336,84.08333333333333,25.016666666666666,34.62083333333333,1008.1541666666667,1007.6541666666667,0.0,54.875,18.5,21.5,84.125,242.45833333333334,174.66666666666666,67.79166666666667,250.09583333333333,3.6916666666666664,5.854166666666667,185.66666666666666,178.04166666666666,11.054166666666667,0.18083333333333332,0.6466666666666666,28.525000000000002,27.770833333333332,27.2375,26.899999999999995,0.39325000000000004,0.38895833333333335,0.38045833333333334,0.39879166666666666
2021-11-24,p,26.875,88.41666666666667,24.745833333333334,32.954166666666666,1008.7375000000001,1008.2375000000001,0.0,62.041666666666664,21.041666666666668,25.5,92.83333333333333,124.33333333333333,37.083333333333336,87.25,56.1625,3.6750000000000003,5.383333333333333,248.25,232.0,10.608333333333333,0.09291666666666666,0.42291666666666666,27.608333333333334,27.391666666666666,27.3,26.899999999999995,0.4028333333333333,0.405375,0.39279166666666665,0.39799999999999996
2021-11-25,p,27.620833333333334,86.75,25.125,34.0625,1008.3208333333333,1007.8208333333333,0.0,52.958333333333336,13.958333333333334,19.333333333333332,95.70833333333333,205.95833333333334,111.91666666666667,94.04166666666667,155.94166666666666,3.6999999999999997,5.6625000000000005,181.0,182.375,15.520833333333334,0.15333333333333335,0.5225,28.054166666666664,27.287499999999998,27.2625,26.929166666666664,0.40075,0.40187500000000004,0.40570833333333334,0.398375
2021-11-26,p,27.333333333333332,85.125,24.583333333333332,33.020833333333336,1008.7916666666666,1008.2916666666666,0.0,77.125,8.375,68.66666666666667,95.83333333333333,170.66666666666666,81.20833333333333,89.45833333333333,123.89999999999999,5.7250000000000005,8.450000000000001,245.125,246.20833333333334,16.929166666666667,0.12916666666666668,0.5608333333333334,27.629166666666666,27.241666666666664,27.3,27.0,0.3985,0.400625,0.40295833333333336,0.4002916666666667
2021-11-27,p,27.558333333333334,84.16666666666667,24.55,33.56666666666667,1008.7291666666666,1008.2291666666666,0.0,74.16666666666667,26.416666666666668,41.208333333333336,97.91666666666667,194.25,98.25,96.0,138.41666666666666,3.7875,5.779166666666666,226.45833333333334,239.45833333333334,17.116666666666667,0.14541666666666667,0.6183333333333333,27.891666666666666,27.233333333333334,27.2,27.0,0.3981666666666667,0.39645833333333336,0.40791666666666665,0.40125000000000005
2021-11-28,p,26.379166666666666,86.58333333333333,23.941666666666666,31.416666666666668,1009.2624999999999,1008.7624999999999,0.0,85.29166666666667,18.625,76.58333333333333,99.5,113.29166666666667,27.041666666666668,86.25,40.19583333333333,7.3,11.383333333333333,286.7916666666667,299.2083333333333,17.245833333333334,0.08916666666666667,0.47208333333333335,26.833333333333332,26.962500000000002,27.2,27.0,0.39891666666666664,0.40025,0.40295833333333336,0.4037916666666667
2021-11-29,p,26.45,83.33333333333333,23.354166666666668,31.27916666666667,1008.9375,1008.4375,0.0,72.79166666666667,0.16666666666666666,71.20833333333333,99.5,71.45833333333333,5.791666666666667,65.66666666666667,11.616666666666667,6.3999999999999995,10.095833333333333,195.79166666666666,193.25,14.799999999999999,0.06458333333333334,0.5816666666666667,26.254166666666666,26.366666666666664,27.11666666666667,27.0,0.384125,0.38925000000000004,0.39820833333333333,0.40329166666666666
2021-11-30,p,27.2,83.54166666666667,24.075,32.737500000000004,1008.8291666666668,1008.3291666666668,0.0,74.16666666666667,3.0833333333333335,77.0,83.91666666666667,169.70833333333334,91.95833333333333,77.75,120.57499999999999,5.291666666666667,8.679166666666667,213.95833333333334,214.58333333333334,14.4625,0.12958333333333336,0.6208333333333333,27.0125,26.4875,27.0,27.0,0.3742916666666667,0.3802916666666667,0.392125,0.402625
2021-12-01,p,27.625,83.83333333333333,24.566666666666666,33.666666666666664,1009.4,1008.9,0.0,74.79166666666667,6.25,72.375,86.33333333333333,151.04166666666666,58.541666666666664,92.5,71.31666666666668,3.6791666666666667,6.241666666666667,156.5,147.875,10.575000000000001,0.11708333333333333,0.61875,27.329166666666666,27.045833333333334,27.070833333333336,27.0,0.37175,0.37529166666666663,0.387875,0.40175000000000005
2021-12-02,p,28.058333333333334,83.91666666666667,25.041666666666668,34.458333333333336,1009.3666666666667,1008.8666666666667,0.0,54.333333333333336,9.416666666666666,37.458333333333336,77.91666666666667,238.875,178.66666666666666,60.208333333333336,256.075,4.545833333333333,7.583333333333333,182.125,178.25,13.708333333333334,0.17333333333333334,0.6258333333333334,27.820833333333336,27.195833333333336,27.100000000000005,27.0,0.36845833333333333,0.37154166666666666,0.3837916666666667,0.40087500000000004
2021-12-03,p,27.820833333333336,86.04166666666667,25.233333333333334,34.1875,1009.9666666666667,1009.4666666666667,0.0,44.625,6.083333333333333,22.583333333333332,85.20833333333333,187.5,101.625,85.875,157.72916666666666,4.220833333333333,6.579166666666667,243.29166666666666,230.875,15.554166666666667,0.13749999999999998,0.5391666666666667,27.958333333333332,27.45,27.125,27.0,0.38766666666666666,0.38295833333333335,0.38599999999999995,0.4000000000000001
2021-12-04,p,26.308333333333334,89.0,24.316666666666666,31.995833333333334,1010.0458333333332,1009.5458333333332,0.0,80.125,22.75,57.208333333333336,98.79166666666667,164.79166666666666,58.25,106.54166666666667,78.72916666666667,4.683333333333334,7.316666666666666,226.04166666666666,204.29166666666666,18.608333333333334,0.12083333333333333,0.39083333333333337,27.27916666666667,27.224999999999998,27.2,27.0,0.3985,0.39654166666666674,0.3892083333333334,0.39937500000000004
2021-12-05,p,27.28333333333333,83.70833333333333,24.162499999999998,32.7125,1009.5291666666667,1009.0291666666667,0.0,84.20833333333333,16.875,72.625,98.5,155.625,69.625,86.0,94.6125,6.070833333333333,9.291666666666666,219.33333333333334,214.375,17.179166666666667,0.12333333333333334,0.6295833333333333,27.233333333333334,26.916666666666668,27.125,27.0,0.3910833333333334,0.39654166666666674,0.39475,0.399
2021-12-06,p,27.070833333333336,85.5,24.40833333333333,31.945833333333336,1009.3416666666667,1008.8416666666667,0.0,81.91666666666667,8.208333333333334,75.95833333333333,98.58333333333333,109.66666666666667,27.375,82.29166666666667,45.86666666666667,10.304166666666667,15.920833333333334,250.33333333333334,249.375,25.116666666666664,0.09250000000000001,0.5283333333333333,26.941666666666666,26.7,27.100000000000005,27.0,0.3895,0.3898333333333333,0.39316666666666666,0.399
2021-12-07,p,27.45,84.08333333333333,24.441666666666666,33.229166666666664,1009.8125,1009.3125,0.0,67.25,6.916666666666667,61.333333333333336,82.125,197.70833333333334,119.58333333333333,78.125,156.60416666666666,5.441666666666666,8.804166666666667,229.66666666666666,218.875,14.495833333333332,0.14666666666666667,0.6079166666666667,27.40416666666667,26.837500000000002,27.008333333333336,27.0,0.3785833333333333,0.3854583333333333,0.39095833333333335,0.3987083333333334
2021-12-08,p,26.958333333333332,85.45833333333333,24.258333333333336,32.637499999999996,1010.725,1010.225,0.0,71.0,12.25,52.0,97.16666666666667,144.16666666666666,45.208333333333336,98.95833333333333,58.90416666666667,4.545833333333333,6.5874999999999995,209.04166666666666,211.125,15.141666666666666,0.10833333333333334,0.5295833333333334,27.02916666666667,26.900000000000002,27.0,27.0,0.3705416666666667,0.376625,0.3875416666666667,0.39799999999999996
2021-12-09,p,27.366666666666664,87.04166666666667,24.920833333333334,33.77916666666667,1010.0791666666668,1009.5791666666668,0.0,59.5,30.166666666666668,23.666666666666668,71.70833333333333,232.16666666666666,162.20833333333334,69.95833333333333,216.20000000000002,4.145833333333333,5.316666666666666,257.8333333333333,228.29166666666666,14.258333333333333,0.16958333333333334,0.5075,27.849999999999998,27.070833333333336,27.0,27.0,0.370125,0.3746666666666667,0.38558333333333333,0.39799999999999996
2021-12-10,p,27.020833333333332,88.25,24.866666666666664,33.1,1009.9291666666667,1009.4291666666667,0.0,50.958333333333336,12.125,20.291666666666668,93.0,174.91666666666666,77.20833333333333,97.70833333333333,106.92083333333333,4.6625000000000005,6.916666666666667,241.04166666666666,252.45833333333334,15.095833333333333,0.12916666666666668,0.44125,27.570833333333336,27.116666666666664,27.0,27.0,0.38004166666666667,0.379125,0.38125000000000003,0.397125
2021-12-11,p,27.883333333333336,83.5,24.708333333333332,33.6,1009.6833333333334,1009.1833333333334,0.0,56.375,13.208333333333334,28.0,92.25,209.25,120.625,88.625,166.3125,7.029166666666666,11.341666666666667,245.29166666666666,242.66666666666666,18.675,0.16,0.6570833333333334,27.816666666666666,27.129166666666666,27.0,27.0,0.381875,0.3802083333333333,0.3793333333333333,0.39695833333333336
2021-12-12,p,27.34583333333333,83.95833333333333,24.333333333333332,32.925000000000004,1009.6416666666668,1009.1416666666668,0.0,71.91666666666667,8.541666666666666,57.916666666666664,98.29166666666667,213.58333333333334,124.54166666666667,89.04166666666667,176.60416666666666,6.258333333333333,10.020833333333334,224.25,226.04166666666666,20.283333333333335,0.15875,0.6016666666666667,27.90416666666667,27.329166666666666,27.020833333333332,27.0,0.3730833333333334,0.37529166666666663,0.37725000000000003,0.3960000000000001
2021-12-14,p,26.866666666666664,89.29166666666667,24.912499999999998,33.12916666666667,1008.2624999999999,1007.7624999999999,0.0,80.25,17.5,62.958333333333336,96.08333333333333,130.91666666666666,55.5,75.41666666666667,83.1125,3.2083333333333335,4.470833333333333,247.58333333333334,267.8333333333333,14.720833333333333,0.09999999999999999,0.40125000000000005,27.099999999999998,26.837500000000002,27.045833333333334,27.0,0.38833333333333336,0.3845,0.3709166666666666,0.393
2021-12-15,p,27.495833333333334,86.5,24.97083333333333,33.75833333333333,1008.4,1007.9,0.0,74.70833333333333,31.208333333333332,50.5,96.125,166.54166666666666,68.16666666666667,98.375,90.00416666666666,4.2124999999999995,6.029166666666666,156.0,176.54166666666666,15.379166666666668,0.1275,0.52375,27.570833333333336,26.916666666666668,27.0,27.0,0.39037499999999997,0.38695833333333335,0.36991666666666667,0.39275
2021-12-16,p,27.295833333333334,87.25,24.916666666666668,33.52916666666667,1008.775,1008.275,0.0,71.29166666666667,12.958333333333334,49.875,99.0,192.875,92.95833333333333,99.91666666666667,140.8125,3.75,5.670833333333333,206.58333333333334,208.375,12.866666666666667,0.14208333333333334,0.4925,27.829166666666666,27.170833333333334,27.0,26.974999999999998,0.39595833333333336,0.39058333333333334,0.37495833333333334,0.39200000000000007
2021-12-17,p,27.479166666666668,87.41666666666667,25.145833333333332,33.69166666666667,1008.0208333333334,1007.5208333333334,0.0,46.25,4.75,20.458333333333332,99.16666666666667,197.33333333333334,104.66666666666667,92.66666666666667,152.89583333333334,5.333333333333333,8.733333333333333,221.66666666666666,216.58333333333334,15.225,0.14625000000000002,0.48541666666666666,28.150000000000002,27.462500000000002,27.041666666666668,26.958333333333332,0.39433333333333337,0.3934166666666667,0.3781666666666667,0.39200000000000007
2021-12-18,p,27.7,88.66666666666667,25.608333333333334,33.85,1008.4583333333334,1007.9583333333334,0.0,49.541666666666664,10.708333333333334,17.958333333333332,97.20833333333333,150.08333333333334,48.166666666666664,101.91666666666667,65.72916666666667,7.245833333333334,11.6,216.95833333333334,213.45833333333334,17.333333333333332,0.11208333333333333,0.4370833333333333,28.008333333333336,27.34583333333333,27.129166666666666,27.0,0.39408333333333334,0.39529166666666665,0.381375,0.3914583333333333
2021-12-19,p,27.391666666666666,88.33333333333333,25.241666666666664,33.891666666666666,1010.0208333333334,1009.5208333333334,0.0,61.375,27.333333333333332,28.125,92.83333333333333,211.75,136.0,75.75,194.70000000000002,3.975,6.145833333333333,218.0,199.79166666666666,12.941666666666668,0.15375,0.4429166666666667,28.1125,27.412499999999998,27.2,27.0,0.39162500000000006,0.39279166666666665,0.3842083333333333,0.391
2021-12-20,p,27.162499999999998,86.5,24.629166666666666,32.858333333333334,1011.5333333333333,1011.0333333333333,0.0,73.70833333333333,5.125,65.54166666666667,99.16666666666667,136.04166666666666,27.791666666666668,108.25,41.88333333333333,5.8374999999999995,8.941666666666666,226.66666666666666,210.95833333333334,15.612499999999999,0.10541666666666666,0.5091666666666667,27.27916666666667,27.195833333333336,27.2,27.0,0.38999999999999996,0.392375,0.38516666666666666,0.391
2021-12-21,p,26.929166666666664,88.20833333333333,24.804166666666664,32.96666666666667,1011.9499999999999,1011.4499999999999,0.0,51.583333333333336,8.291666666666666,23.916666666666668,99.5,132.875,30.625,102.25,43.4,4.341666666666667,6.2749999999999995,182.66666666666666,181.125,15.929166666666667,0.09958333333333334,0.42625,27.145833333333332,26.84166666666667,27.133333333333336,27.0,0.39425,0.392125,0.3842916666666667,0.391
2021-12-22,p,27.258333333333336,86.83333333333333,24.816666666666666,33.425000000000004,1010.6999999999999,1010.1999999999999,0.0,60.333333333333336,9.333333333333334,40.416666666666664,92.5,204.79166666666666,104.16666666666667,100.625,154.875,4.0375000000000005,5.995833333333334,204.95833333333334,196.83333333333334,11.545833333333334,0.15041666666666667,0.5012500000000001,27.675,26.90833333333333,27.100000000000005,27.0,0.38679166666666664,0.3882083333333333,0.38529166666666664,0.391
2021-12-23,p,26.4375,85.16666666666667,23.670833333333334,31.462500000000002,1010.1833333333334,1009.6833333333334,0.0,65.95833333333333,4.291666666666667,54.0,98.83333333333333,171.625,59.875,111.75,75.55,6.816666666666666,10.441666666666666,220.16666666666666,237.45833333333334,15.65,0.12791666666666665,0.5329166666666666,27.2625,27.229166666666668,27.100000000000005,27.0,0.39375000000000004,0.3937083333333333,0.38675,0.391
2021-12-24,p,27.179166666666664,83.41666666666667,24.03333333333333,32.887499999999996,1009.7791666666667,1009.2791666666667,0.0,45.208333333333336,7.291666666666667,29.875,68.70833333333333,238.91666666666666,167.95833333333334,70.95833333333333,256.06666666666666,4.766666666666667,7.020833333333333,217.83333333333334,207.875,13.887500000000001,0.17416666666666666,0.6229166666666667,27.400000000000002,27.087500000000002,27.075000000000003,27.0,0.37825,0.3835,0.3866666666666667,0.3905
2021-12-25,p,27.1875,87.625,24.925,33.079166666666666,1010.3291666666668,1009.8291666666668,0.0,48.958333333333336,10.583333333333334,18.458333333333332,95.33333333333333,158.91666666666666,68.33333333333333,90.58333333333333,107.1375,5.770833333333333,8.395833333333334,193.04166666666666,155.08333333333334,15.737499999999999,0.1175,0.46249999999999997,27.745833333333334,27.320833333333336,27.100000000000005,27.0,0.38883333333333336,0.38479166666666664,0.3854583333333333,0.38999999999999996
2021-12-26,p,26.90416666666667,86.66666666666667,24.366666666666664,32.75416666666667,1010.9083333333333,1010.4083333333333,0.0,68.16666666666667,33.666666666666664,31.833333333333332,96.16666666666667,202.54166666666666,105.41666666666667,97.125,148.13750000000002,4.379166666666666,6.545833333333333,255.375,253.91666666666666,16.479166666666668,0.15125,0.5166666666666667,27.733333333333334,27.212500000000002,27.100000000000005,27.0,0.38962500000000005,0.39075,0.38525000000000004,0.38999999999999996
2021-12-27,p,26.441666666666666,88.0,24.2375,32.15833333333333,1011.5875,1011.0875,0.0,64.83333333333333,11.291666666666666,42.666666666666664,98.66666666666667,171.95833333333334,64.66666666666667,107.29166666666667,89.39166666666667,4.654166666666667,6.545833333333333,252.16666666666666,247.54166666666666,18.591666666666665,0.12666666666666668,0.43250000000000005,27.291666666666668,27.166666666666668,27.100000000000005,27.0,0.39737500000000003,0.39716666666666667,0.38999999999999996,0.38999999999999996
2021-12-28,p,26.8875,89.0,24.8875,32.9125,1010.8708333333334,1010.3708333333334,0.0,60.625,26.625,14.541666666666666,99.20833333333333,143.25,45.291666666666664,97.95833333333333,69.71666666666667,4.8500000000000005,7.220833333333334,188.33333333333334,176.5,15.545833333333334,0.10875,0.4141666666666666,27.21666666666667,26.870833333333334,27.100000000000005,27.0,0.40166666666666667,0.405375,0.39537500000000003,0.3901666666666667
2021-12-29,p,26.462500000000002,88.75,24.383333333333336,32.25,1010.8583333333332,1010.3583333333332,0.0,67.08333333333333,22.833333333333332,28.791666666666668,99.29166666666667,144.58333333333334,42.0,102.58333333333333,55.083333333333336,4.05,6.375,254.08333333333334,244.625,10.933333333333332,0.10916666666666668,0.41124999999999995,27.3125,26.825,27.041666666666668,27.0,0.39875,0.39891666666666664,0.39879166666666666,0.39137500000000003
2021-12-30,p,27.59583333333333,84.0,24.52916666666667,33.141666666666666,1010.5666666666666,1010.0666666666666,0.0,55.5,8.625,32.208333333333336,96.20833333333333,190.41666666666666,107.66666666666667,82.75,166.82083333333333,6.733333333333333,10.4625,114.54166666666667,131.70833333333334,15.495833333333332,0.14333333333333334,0.6366666666666666,27.445833333333336,26.837500000000002,27.0,27.0,0.3952083333333334,0.3965,0.39766666666666667,0.3920416666666667
2021-12-31,p,27.6125,85.45833333333333,24.891666666666666,33.44166666666667,1010.4666666666667,1009.9666666666667,0.0,52.375,8.833333333333334,24.041666666666668,99.5,206.20833333333334,103.79166666666667,102.41666666666667,149.29999999999998,6.870833333333334,10.904166666666667,147.70833333333334,108.29166666666667,17.712500000000002,0.15041666666666667,0.55625,27.59583333333333,27.008333333333336,27.0,27.0,0.38566666666666666,0.38933333333333336,0.3934166666666667,0.393
2022-01-01,p,27.420833333333334,85.58333333333333,24.7,33.324999999999996,1010.2958333333332,1009.7958333333332,0.0,76.625,12.458333333333334,60.666666666666664,99.75,147.16666666666666,35.208333333333336,111.95833333333333,54.166666666666664,4.6499999999999995,8.5,234.25,233.5,14.304166666666667,0.11416666666666668,0.5558333333333333,27.566666666666666,26.9875,27.0,27.0,0.390125,0.38866666666666666,0.39329166666666665,0.393
2022-01-02,p,27.099999999999998,87.29166666666667,24.754166666666666,33.09166666666667,1009.9958333333334,1009.4958333333334,0.0,52.25,10.833333333333334,20.791666666666668,100.0,167.58333333333334,46.041666666666664,121.54166666666667,57.275000000000006,4.645833333333333,9.541666666666666,143.125,152.58333333333334,13.116666666666667,0.12583333333333332,0.48208333333333336,27.633333333333336,26.974999999999998,27.0,27.0,0.398625,0.39562500000000006,0.3987083333333334,0.393
2022-01-03,p,26.808333333333334,88.125,24.6125,32.65416666666667,1009.9875000000001,1009.4875000000001,0.0,57.458333333333336,16.666666666666668,25.75,99.41666666666667,184.04166666666666,68.29166666666667,115.75,93.82083333333333,5.216666666666667,8.533333333333333,87.08333333333333,87.91666666666667,12.241666666666667,0.13375,0.4383333333333333,27.5625,27.066666666666666,27.0,27.0,0.4050416666666667,0.39208333333333334,0.3906666666666667,0.3942916666666667
2022-01-04,p,26.945833333333336,87.16666666666667,24.537499999999998,32.550000000000004,1010.875,1010.375,0.0,63.5,4.916666666666667,48.583333333333336,99.75,155.33333333333334,56.916666666666664,98.41666666666667,84.50416666666666,6.2749999999999995,9.8125,82.04166666666667,79.75,14.0375,0.11833333333333333,0.4841666666666667,27.3,26.958333333333332,27.0,27.0,0.39566666666666667,0.39408333333333334,0.3862083333333333,0.39425
2022-01-05,p,26.945833333333336,86.16666666666667,24.3125,32.550000000000004,1010.1791666666667,1009.6791666666667,0.0,41.583333333333336,6.583333333333333,15.083333333333334,88.75,251.04166666666666,178.25,72.79166666666667,260.1958333333333,7.166666666666667,11.270833333333334,64.91666666666667,59.833333333333336,15.820833333333333,0.17958333333333332,0.535,27.679166666666664,27.0,27.0,27.0,0.388625,0.390125,0.38625,0.39399999999999996
2022-01-06,p,27.2375,85.0,24.391666666666666,33.07083333333333,1011.0,1010.5,0.0,48.083333333333336,11.0,14.208333333333334,98.79166666666667,167.0,53.583333333333336,113.41666666666667,71.50833333333334,4.2749999999999995,6.925,109.54166666666667,103.625,9.883333333333333,0.12791666666666665,0.5816666666666667,27.625,27.066666666666666,27.0,27.0,0.3997916666666667,0.3927083333333334,0.38466666666666666,0.39399999999999996
2022-01-07,p,26.641666666666666,88.20833333333333,24.47083333333333,32.6,1011.5875,1011.0875,0.0,57.458333333333336,10.541666666666666,33.75,92.58333333333333,177.16666666666666,88.25,88.91666666666667,121.8125,3.6291666666666664,4.795833333333333,169.0,170.25,9.120833333333334,0.12958333333333333,0.4320833333333333,27.5625,26.958333333333332,27.0,27.0,0.3984166666666667,0.39645833333333336,0.3885,0.39399999999999996
2022-01-08,p,26.6875,86.375,24.133333333333336,32.125,1011.2791666666667,1010.7791666666667,0.0,72.33333333333333,8.333333333333334,58.708333333333336,99.29166666666667,157.41666666666666,57.083333333333336,100.33333333333333,93.88749999999999,5.5375000000000005,8.566666666666666,96.16666666666667,97.79166666666667,14.608333333333334,0.12,0.5079166666666667,27.045833333333334,26.870833333333334,27.0,27.0,0.38729166666666665,0.39125000000000004,0.3877916666666667,0.39362500000000006
2022-01-09,p,27.354166666666668,85.20833333333333,24.508333333333336,33.420833333333334,1009.8874999999999,1009.3874999999999,0.0,51.041666666666664,13.125,29.833333333333332,70.875,254.45833333333334,198.58333333333334,55.875,286.7958333333333,5.008333333333334,7.983333333333333,74.45833333333333,85.125,13.970833333333333,0.18625,0.5845833333333333,27.608333333333334,26.954166666666666,27.0,27.0,0.38083333333333336,0.3829166666666666,0.3847083333333334,0.393
2022-01-10,p,26.90833333333333,86.91666666666667,24.516666666666666,32.69583333333333,1010.1708333333332,1009.6708333333332,0.0,56.208333333333336,19.083333333333332,23.083333333333332,95.29166666666667,205.20833333333334,97.58333333333333,107.625,143.96666666666667,5.504166666666666,8.487499999999999,90.875,89.66666666666667,12.641666666666666,0.14666666666666667,0.4870833333333333,27.5625,27.125,27.0,27.0,0.3877083333333333,0.389875,0.38437499999999997,0.393
2022-01-11,p,26.270833333333332,90.125,24.491666666666664,32.05833333333333,1010.8583333333332,1010.3583333333332,0.0,60.875,15.125,38.208333333333336,97.75,170.79166666666666,68.58333333333333,102.20833333333333,110.25833333333333,4.570833333333334,6.675,121.54166666666667,132.25,11.262500000000001,0.12041666666666667,0.3475,27.15416666666667,27.020833333333332,27.0,27.0,0.3930416666666667,0.3910416666666667,0.3841666666666667,0.393
2022-01-12,p,26.641666666666666,85.875,24.041666666666668,32.1875,1011.4083333333333,1010.9083333333333,0.0,87.04166666666667,23.875,72.29166666666667,99.58333333333333,164.875,71.33333333333333,93.54166666666667,104.9875,4.416666666666667,6.3625,156.66666666666666,155.95833333333334,12.154166666666667,0.12375000000000001,0.5125000000000001,27.0,26.766666666666666,27.0,27.0,0.40650000000000003,0.4047083333333334,0.39683333333333337,0.393
2022-01-13,p,26.84166666666667,85.625,24.170833333333334,32.77916666666667,1010.9541666666668,1010.4541666666668,0.0,59.25,12.541666666666666,30.416666666666668,99.20833333333333,219.33333333333334,130.08333333333334,89.25,172.42916666666667,3.6833333333333336,6.55,195.25,197.20833333333334,11.195833333333333,0.16083333333333333,0.53,27.34583333333333,26.791666666666668,26.9375,27.0,0.40129166666666666,0.406375,0.3982916666666667,0.39387500000000003
2022-01-14,p,26.754166666666666,85.45833333333333,24.025000000000002,32.38333333333333,1010.7708333333334,1010.2708333333334,0.0,59.291666666666664,14.208333333333334,31.208333333333332,92.58333333333333,206.04166666666666,130.79166666666666,75.25,184.2125,4.7875000000000005,8.762500000000001,206.875,138.875,14.200000000000001,0.15291666666666667,0.5391666666666667,27.495833333333334,27.008333333333336,26.924999999999997,27.0,0.39716666666666667,0.39887500000000004,0.3970833333333334,0.39483333333333337
2022-01-15,p,26.704166666666666,85.0,23.8625,32.125,1010.7875,1010.2875,0.0,61.5,14.583333333333334,31.583333333333332,98.20833333333333,230.08333333333334,141.41666666666666,88.66666666666667,202.60833333333335,5.629166666666666,8.137500000000001,91.29166666666667,90.41666666666667,14.7875,0.16624999999999998,0.5650000000000001,27.295833333333334,27.1125,26.991666666666664,27.0,0.39325000000000004,0.3957916666666667,0.3987083333333334,0.395
2022-01-16,p,26.59583333333333,84.45833333333333,23.7,31.366666666666664,1011.0791666666668,1010.5791666666668,0.0,56.208333333333336,11.208333333333334,27.208333333333332,98.95833333333333,153.91666666666666,32.291666666666664,121.625,46.85833333333333,8.245833333333334,12.654166666666667,85.20833333333333,84.33333333333333,18.358333333333334,0.11916666666666666,0.5583333333333333,26.925,27.025000000000002,27.0,27.0,0.384125,0.3879166666666667,0.3967083333333334,0.3959166666666667
2022-01-17,p,28.1125,76.625,23.395833333333332,33.045833333333334,1009.7291666666666,1009.2333333333332,0.0,44.541666666666664,4.916666666666667,20.0,93.41666666666667,274.75,215.91666666666666,58.833333333333336,300.2375,8.5375,13.245833333333332,81.25,80.41666666666667,17.366666666666667,0.21291666666666667,0.96375,27.566666666666666,26.895833333333332,26.974999999999998,27.0,0.368875,0.37879166666666664,0.3938333333333333,0.39566666666666667
2022-01-18,p,27.416666666666668,81.875,23.90416666666667,32.725,1008.8708333333334,1008.3708333333334,0.0,60.75,23.0,29.041666666666668,86.625,209.91666666666666,137.79166666666666,72.125,188.25,6.516666666666667,10.237499999999999,112.04166666666667,121.20833333333333,16.462500000000002,0.16083333333333333,0.7095833333333333,27.858333333333334,27.183333333333334,27.0,27.0,0.3754166666666667,0.37637499999999996,0.3895,0.395
2022-01-19,p,25.849999999999998,88.875,23.849999999999998,31.21666666666667,1008.7083333333334,1008.2083333333334,0.0,83.58333333333333,28.416666666666668,65.20833333333333,99.58333333333333,114.79166666666667,35.5,79.29166666666667,57.237500000000004,4.666666666666667,7.091666666666666,95.79166666666667,128.79166666666666,12.5,0.085,0.3779166666666667,26.608333333333334,26.791666666666668,27.0,27.0,0.40125000000000005,0.39962500000000006,0.3932083333333334,0.395
2022-01-20,p,26.962500000000002,85.79166666666667,24.320833333333336,32.737500000000004,1008.65,1008.15,0.0,67.33333333333333,25.125,31.666666666666668,99.0,201.79166666666666,123.41666666666667,78.375,166.48333333333332,5.091666666666667,7.154166666666666,206.41666666666666,202.08333333333334,14.0625,0.15,0.5316666666666666,27.229166666666668,26.545833333333334,26.912499999999998,27.0,0.38975000000000004,0.39587500000000003,0.39537500000000003,0.395
2022-01-21,p,26.45,86.04166666666667,23.84583333333333,31.504166666666666,1010.025,1009.525,0.0,67.33333333333333,2.5416666666666665,58.208333333333336,99.875,87.29166666666667,6.875,80.41666666666667,9.8875,6.854166666666667,10.554166666666667,194.875,189.79166666666666,15.808333333333332,0.07458333333333333,0.5045833333333333,26.45,26.391666666666666,26.875,27.0,0.39716666666666667,0.39858333333333335,0.39737500000000003,0.39516666666666667
2022-01-22,p,27.183333333333334,85.33333333333333,24.325,33.074999999999996,1008.6999999999999,1008.1999999999999,0.0,64.79166666666667,36.291666666666664,14.833333333333334,91.625,239.125,155.91666666666666,83.20833333333333,218.16666666666666,4.966666666666667,7.0375000000000005,209.5,211.20833333333334,11.220833333333333,0.17958333333333334,0.59,27.366666666666664,26.516666666666666,26.8,26.9875,0.3830833333333334,0.391,0.3975,0.3960000000000001
2022-01-23,p,26.954166666666666,88.45833333333333,24.858333333333334,33.483333333333334,1008.6083333333332,1008.1083333333332,0.0,61.958333333333336,22.625,34.291666666666664,74.5,241.16666666666666,171.29166666666666,69.875,244.54583333333335,3.1875,4.5249999999999995,156.125,162.41666666666666,10.920833333333334,0.17416666666666666,0.4245833333333333,27.916666666666668,27.129166666666666,26.820833333333336,26.933333333333334,0.3824166666666667,0.38275,0.39454166666666673,0.3960000000000001
2022-01-24,p,27.583333333333332,84.66666666666667,24.6125,33.81666666666667,1007.5958333333333,1007.0958333333333,0.0,52.083333333333336,15.125,32.5,63.125,241.91666666666666,183.875,58.041666666666664,262.78333333333336,3.875,5.25,130.54166666666666,126.70833333333333,11.270833333333334,0.1775,0.6129166666666667,28.179166666666664,27.416666666666668,26.916666666666668,27.0,0.3895,0.38833333333333336,0.3922916666666667,0.3955416666666667
2022-01-25,p,26.858333333333334,86.41666666666667,24.28333333333333,32.96666666666667,1007.8791666666666,1007.3791666666666,0.0,56.416666666666664,10.833333333333334,29.708333333333332,96.45833333333333,220.08333333333334,140.41666666666666,79.66666666666667,181.1,3.220833333333333,5.175,117.04166666666667,115.91666666666667,10.924999999999999,0.16208333333333333,0.5070833333333333,27.974999999999998,27.52916666666667,27.008333333333336,27.0,0.3924166666666667,0.39558333333333334,0.39245833333333335,0.395
2022-01-26,p,27.479166666666668,85.58333333333333,24.775000000000002,33.74166666666667,1008.0208333333334,1007.5208333333334,0.0,47.625,6.75,23.041666666666668,92.45833333333333,227.83333333333334,147.54166666666666,80.29166666666667,211.63333333333333,3.9916666666666667,5.991666666666667,126.83333333333333,131.25,12.200000000000001,0.16708333333333333,0.5579166666666667,28.0,27.458333333333332,27.100000000000005,27.0,0.3934166666666667,0.395,0.4000416666666667,0.39516666666666667
2022-01-27,p,27.420833333333334,85.91666666666667,24.758333333333336,33.6625,1008.7458333333334,1008.2458333333334,0.0,63.416666666666664,26.333333333333332,27.041666666666668,90.20833333333333,227.79166666666666,154.375,73.41666666666667,206.32083333333333,4.095833333333333,5.175,150.75,162.33333333333334,13.908333333333333,0.16749999999999998,0.5437500000000001,28.2625,27.683333333333334,27.133333333333336,27.0,0.3950833333333334,0.40066666666666667,0.4003333333333334,0.39658333333333334
2022-01-28,p,26.270833333333332,89.41666666666667,24.391666666666666,32.237500000000004,1010.2791666666667,1009.7791666666667,0.0,72.70833333333333,20.791666666666668,45.5,99.33333333333333,168.25,70.29166666666667,97.95833333333333,91.59583333333335,3.4875000000000003,5.0125,209.33333333333334,220.875,12.279166666666667,0.12416666666666666,0.36791666666666667,27.375,27.275000000000002,27.2,27.0,0.39962500000000006,0.401125,0.4003333333333334,0.3975416666666667
2022-01-29,p,27.041666666666668,86.08333333333333,24.474999999999998,33.108333333333334,1010.1083333333332,1009.6083333333332,0.0,54.333333333333336,12.083333333333334,24.833333333333332,95.0,212.66666666666666,139.58333333333334,73.08333333333333,192.36249999999998,4.091666666666667,6.204166666666667,165.70833333333334,163.54166666666666,13.145833333333334,0.15541666666666668,0.5179166666666667,27.400000000000002,27.133333333333336,27.2,27.0,0.39695833333333336,0.3997916666666667,0.4015,0.3982916666666667
2022-01-30,p,27.59583333333333,85.41666666666667,24.804166666666664,33.770833333333336,1009.5375,1009.0375,0.0,45.375,8.916666666666666,13.291666666666666,98.20833333333333,230.5,122.875,107.625,173.89999999999998,4.454166666666667,6.966666666666666,136.625,140.95833333333334,14.383333333333333,0.1691666666666667,0.5708333333333333,27.645833333333332,27.291666666666668,27.2,27.0,0.3855,0.38999999999999996,0.3994583333333333,0.399
2022-01-31,p,27.5,84.5,24.575,33.25,1009.3458333333333,1008.8458333333333,0.0,41.333333333333336,8.125,15.708333333333334,81.75,213.0,109.0,104.0,148.95416666666668,6.2875000000000005,9.854166666666666,101.875,112.91666666666667,15.095833333333333,0.15708333333333332,0.5979166666666667,27.650000000000002,27.433333333333334,27.2,27.0,0.38366666666666666,0.38275,0.3962916666666667,0.399
2022-02-01,p,28.175,81.0,24.479166666666668,33.69166666666667,1009.3916666666668,1008.8916666666668,0.0,34.833333333333336,3.625,5.916666666666667,92.91666666666667,250.125,164.625,85.5,213.1291666666667,8.533333333333333,13.658333333333333,63.583333333333336,61.541666666666664,18.695833333333333,0.18666666666666668,0.7729166666666667,27.941666666666666,27.537499999999998,27.21666666666667,27.0,0.36704166666666665,0.37670833333333337,0.3921666666666667,0.39845833333333336
2022-02-02,p,28.22083333333333,80.20833333333333,24.354166666666668,34.00833333333333,1009.3541666666666,1008.8541666666666,0.0,28.958333333333332,5.458333333333333,4.333333333333333,71.29166666666667,241.41666666666666,153.45833333333334,87.95833333333333,221.78333333333333,5.825,15.066666666666668,232.41666666666666,137.375,17.787499999999998,0.18000000000000002,0.7941666666666666,27.787499999999998,27.391666666666666,27.254166666666666,27.0,0.35379166666666667,0.36716666666666664,0.3874583333333333,0.39799999999999996
2022-02-03,p,27.9875,81.33333333333333,24.395833333333332,33.920833333333334,1009.1,1008.6,0.0,41.583333333333336,6.583333333333333,10.458333333333334,97.54166666666667,261.625,196.5,65.125,261.9875,5.6499999999999995,12.725000000000001,186.66666666666666,103.875,16.558333333333334,0.19583333333333333,0.7324999999999999,27.829166666666666,27.429166666666664,27.270833333333332,27.0,0.3456666666666666,0.35941666666666666,0.382875,0.3975
2022-02-04,p,27.09166666666667,87.45833333333333,24.766666666666666,33.24166666666667,1008.3208333333333,1007.8208333333333,0.0,52.125,15.041666666666666,21.541666666666668,85.45833333333333,204.0,125.125,78.875,174.95000000000002,4.116666666666666,6.1375,113.08333333333333,112.875,11.424999999999999,0.14833333333333334,0.47041666666666665,27.695833333333336,27.3875,27.3,27.0,0.374625,0.35870833333333335,0.3777916666666667,0.397
2022-02-05,p,27.15833333333333,87.29166666666667,24.729166666666668,33.512499999999996,1008.125,1007.625,0.0,52.875,13.208333333333334,22.333333333333332,91.58333333333333,243.375,172.04166666666666,71.33333333333333,237.7875,3.6833333333333336,4.8500000000000005,161.83333333333334,158.04166666666666,10.904166666666667,0.18041666666666667,0.50625,28.020833333333332,27.420833333333334,27.3,27.0,0.37433333333333335,0.3713333333333333,0.3730833333333334,0.396125
2022-02-06,p,26.695833333333336,87.375,24.3875,32.38333333333333,1009.3166666666666,1008.8166666666666,0.0,87.16666666666667,39.291666666666664,73.95833333333333,99.41666666666667,124.08333333333333,44.125,79.95833333333333,50.4125,5.308333333333334,8.520833333333334,115.625,106.66666666666667,12.541666666666666,0.09833333333333333,0.46375000000000005,27.358333333333334,27.09583333333333,27.3,27.0,0.39679166666666665,0.39495833333333336,0.3759166666666667,0.39587500000000003
2022-02-07,p,26.5,87.66666666666667,24.229166666666668,31.820833333333336,1009.5500000000001,1009.0500000000001,0.0,52.041666666666664,12.416666666666666,18.458333333333332,99.20833333333333,203.83333333333334,109.16666666666667,94.66666666666667,154.61249999999998,7.2749999999999995,11.4,92.29166666666667,87.5,16.120833333333334,0.145,0.4454166666666666,27.337500000000002,26.891666666666666,27.208333333333332,27.0,0.38679166666666664,0.38883333333333336,0.38000000000000006,0.395
2022-02-08,p,26.704166666666666,87.45833333333333,24.429166666666664,32.63333333333333,1009.9875000000001,1009.4875000000001,0.0,68.0,16.875,40.5,95.875,196.625,94.25,102.375,134.17499999999998,3.7291666666666665,5.216666666666667,63.916666666666664,62.166666666666664,11.991666666666667,0.1425,0.44875,27.425,27.008333333333336,27.2,27.02916666666667,0.387375,0.386875,0.3789166666666666,0.395
2022-02-09,p,26.099999999999998,87.79166666666667,23.883333333333336,31.170833333333334,1009.8291666666668,1009.3291666666668,0.0,89.54166666666667,20.541666666666668,77.58333333333333,98.79166666666667,116.45833333333333,34.875,81.58333333333333,44.40416666666667,6.745833333333334,10.029166666666667,66.83333333333333,65.20833333333333,13.370833333333332,0.09000000000000001,0.42166666666666663,26.78333333333333,26.804166666666664,27.141666666666666,27.100000000000005,0.3998333333333333,0.398375,0.3880416666666667,0.3942083333333333
2022-02-10,p,26.90833333333333,84.66666666666667,24.020833333333332,32.541666666666664,1008.8208333333333,1008.3208333333333,0.0,78.5,10.916666666666666,70.70833333333333,90.125,225.45833333333334,139.91666666666666,85.54166666666667,179.44583333333333,5.325,7.8875,119.33333333333333,125.25,11.945833333333333,0.16375,0.5725,27.3125,26.775000000000002,27.075000000000003,27.100000000000005,0.395125,0.39566666666666667,0.3918333333333333,0.39399999999999996
2022-02-11,p,26.366666666666664,90.0,24.583333333333332,32.40416666666667,1008.6625,1008.1625,0.0,89.33333333333333,23.625,82.83333333333333,98.95833333333333,121.5,43.708333333333336,77.79166666666667,61.75833333333333,3.266666666666667,5.2,130.16666666666666,131.91666666666666,11.0875,0.09083333333333334,0.35000000000000003,27.120833333333334,26.795833333333334,27.025000000000002,27.070833333333336,0.39475,0.39358333333333334,0.39200000000000007,0.39399999999999996
2022-02-12,p,26.670833333333334,87.0,24.229166666666668,32.199999999999996,1008.3874999999999,1007.8874999999999,0.0,81.20833333333333,9.791666666666666,73.625,99.875,136.20833333333334,28.708333333333332,107.5,41.13333333333333,5.179166666666666,7.6000000000000005,201.08333333333334,200.70833333333334,14.2125,0.10375,0.48291666666666666,26.770833333333332,26.5625,27.0,27.0,0.40041666666666664,0.40279166666666666,0.39962500000000006,0.3942916666666667
2022-02-13,p,27.766666666666666,81.70833333333333,24.22083333333333,33.34583333333333,1008.0291666666667,1007.5291666666667,0.0,82.79166666666667,14.958333333333334,83.45833333333333,64.45833333333333,206.83333333333334,128.79166666666666,78.04166666666667,173.29583333333335,5.654166666666666,8.604166666666666,118.20833333333333,127.875,14.729166666666666,0.15791666666666668,0.71125,27.429166666666664,26.670833333333334,26.899999999999995,27.0,0.38358333333333333,0.39037499999999997,0.3999166666666667,0.3958333333333333
2022-02-14,p,27.991666666666664,82.70833333333333,24.733333333333334,34.266666666666666,1008.2708333333334,1007.7708333333334,0.0,41.5,11.333333333333334,33.541666666666664,37.166666666666664,240.375,164.33333333333334,76.04166666666667,234.82500000000002,4.033333333333333,5.925,193.45833333333334,188.0,10.862499999999999,0.17625000000000002,0.6716666666666667,27.825,27.079166666666666,26.924999999999997,27.02916666666667,0.38566666666666666,0.38362500000000005,0.39729166666666665,0.3960000000000001
2022-02-15,p,26.995833333333334,87.16666666666667,24.629166666666666,33.18333333333333,1008.5041666666666,1008.0041666666666,0.0,62.208333333333336,14.75,52.166666666666664,63.125,201.5,126.0,75.5,176.2125,3.4499999999999997,5.3500000000000005,113.29166666666667,107.875,11.299999999999999,0.14791666666666667,0.47500000000000003,27.420833333333334,27.083333333333332,27.0,27.100000000000005,0.39233333333333337,0.392625,0.396625,0.3960000000000001
2022-02-16,p,27.058333333333334,86.125,24.4875,32.65,1007.525,1007.025,0.0,91.75,9.041666666666666,93.25,96.5,149.83333333333334,45.125,104.70833333333333,53.25833333333333,6.320833333333333,9.616666666666667,71.95833333333333,73.83333333333333,15.5875,0.11625,0.5154166666666667,27.254166666666666,26.866666666666664,27.0,27.100000000000005,0.3934583333333333,0.3937916666666667,0.39858333333333335,0.396375
2022-02-17,p,27.287499999999998,85.83333333333333,24.616666666666664,32.829166666666666,1006.9208333333332,1006.4208333333332,0.0,53.583333333333336,9.041666666666666,34.291666666666664,82.70833333333333,223.29166666666666,140.75,82.54166666666667,193.7875,7.7375,12.283333333333333,73.33333333333333,68.79166666666667,17.291666666666668,0.16208333333333333,0.5408333333333334,27.462500000000002,27.016666666666666,27.0,27.070833333333336,0.39166666666666666,0.39562500000000006,0.4000416666666667,0.397
2022-02-18,p,26.479166666666668,87.375,24.1875,32.24166666666667,1009.4416666666666,1008.9416666666666,0.0,88.70833333333333,17.708333333333332,76.04166666666667,97.33333333333333,149.91666666666666,56.291666666666664,93.625,72.12916666666666,3.516666666666666,5.1499999999999995,183.66666666666666,179.41666666666666,9.625,0.1125,0.44875,27.116666666666664,26.962500000000002,27.0,27.0,0.4027083333333334,0.39916666666666667,0.3974166666666667,0.39762500000000006
2022-02-19,p,26.683333333333334,90.04166666666667,24.895833333333332,32.887499999999996,1009.5041666666666,1009.0041666666666,0.0,82.41666666666667,12.333333333333334,71.70833333333333,99.04166666666667,163.70833333333334,49.083333333333336,114.625,68.55833333333334,3.533333333333333,4.795833333333333,117.33333333333333,111.66666666666667,9.479166666666666,0.12083333333333333,0.35375,27.025000000000002,26.7625,26.983333333333334,27.0,0.4010833333333334,0.39925000000000005,0.3982916666666667,0.39799999999999996
2022-02-20,p,26.170833333333334,85.375,23.462500000000002,31.141666666666666,1009.6,1009.1,0.0,71.33333333333333,20.541666666666668,45.583333333333336,99.54166666666667,165.54166666666666,61.416666666666664,104.125,75.25,6.075,8.716666666666667,168.29166666666666,164.20833333333334,14.866666666666667,0.12166666666666666,0.5129166666666667,26.754166666666666,26.65416666666667,26.90833333333333,27.0,0.398625,0.3997916666666667,0.39770833333333333,0.39799999999999996
2022-02-22,p,26.15833333333333,85.08333333333333,23.358333333333334,31.525000000000002,1010.375,1009.875,0.0,55.5,14.291666666666666,22.291666666666668,98.95833333333333,251.91666666666666,174.625,77.29166666666667,228.6625,5.158333333333333,7.933333333333334,137.70833333333334,134.41666666666666,15.183333333333332,0.18083333333333332,0.5337500000000001,26.8125,26.474999999999998,26.8,27.0,0.3907083333333334,0.39233333333333337,0.39737500000000003,0.39799999999999996
2022-02-23,p,26.370833333333334,86.41666666666667,23.849999999999998,31.695833333333336,1010.8666666666667,1010.3666666666667,0.0,43.125,8.333333333333334,18.583333333333332,81.20833333333333,231.16666666666666,132.125,99.04166666666667,177.86249999999998,6.595833333333334,9.9125,110.29166666666667,108.95833333333333,16.529166666666665,0.17041666666666666,0.5004166666666666,27.170833333333334,26.883333333333336,26.8,27.0,0.39737500000000003,0.40045833333333336,0.3994166666666667,0.39799999999999996
2022-02-24,p,26.420833333333334,84.79166666666667,23.566666666666666,31.383333333333336,1011.6416666666668,1011.1416666666668,0.0,84.79166666666667,7.375,80.83333333333333,98.70833333333333,164.79166666666666,51.333333333333336,113.45833333333333,56.2875,7.1499999999999995,11.195833333333333,102.75,101.58333333333333,14.920833333333334,0.12708333333333333,0.5508333333333334,26.90416666666667,26.75,26.8,27.0,0.39358333333333334,0.39675,0.3986666666666667,0.39799999999999996
2022-02-25,p,27.379166666666666,82.5,23.991666666666664,32.824999999999996,1011.125,1010.625,0.0,72.54166666666667,0.041666666666666664,74.0,93.79166666666667,181.83333333333334,73.375,108.45833333333333,93.38333333333333,5.7250000000000005,8.7875,116.20833333333333,120.20833333333333,12.733333333333334,0.13666666666666666,0.6729166666666666,26.933333333333334,26.641666666666666,26.8,27.0,0.378875,0.3859166666666667,0.39658333333333334,0.39799999999999996
2022-02-26,p,28.241666666666664,78.91666666666667,23.9875,33.520833333333336,1009.9625,1009.4625,0.0,42.0,1.4583333333333333,27.541666666666668,80.54166666666667,283.375,230.75,52.625,314.06666666666666,8.808333333333334,14.008333333333333,58.0,56.291666666666664,18.641666666666666,0.21791666666666665,0.8770833333333333,27.816666666666666,27.141666666666666,26.808333333333334,27.0,0.3641666666666667,0.37604166666666666,0.39266666666666666,0.39799999999999996
2022-02-27,p,28.116666666666664,82.20833333333333,24.662499999999998,33.891666666666666,1010.0124999999999,1009.5124999999999,0.0,49.916666666666664,3.5416666666666665,31.416666666666668,92.91666666666667,259.0833333333333,168.25,90.83333333333333,226.20416666666665,7.6625000000000005,11.895833333333334,142.95833333333334,140.25,16.908333333333335,0.19458333333333333,0.7179166666666666,28.212500000000002,27.558333333333334,26.916666666666668,27.0,0.3565416666666667,0.3658333333333333,0.3882916666666667,0.3975416666666667
2022-02-28,p,27.008333333333336,84.25,23.945833333333336,32.479166666666664,1009.6583333333333,1009.1583333333333,0.0,53.208333333333336,6.458333333333333,42.041666666666664,73.375,275.9166666666667,215.95833333333334,59.958333333333336,281.35833333333335,7.433333333333334,11.291666666666666,56.583333333333336,58.25,16.45,0.20041666666666666,0.615,27.929166666666664,27.741666666666664,27.025000000000002,27.0,0.37825,0.38008333333333333,0.384625,0.397
2022-03-01,p,27.925,80.83333333333333,24.09583333333333,33.30833333333333,1008.9166666666666,1008.4166666666666,0.0,31.833333333333332,6.041666666666667,19.583333333333332,48.583333333333336,266.1666666666667,195.45833333333334,70.70833333333333,258.6875,8.195833333333333,12.770833333333334,63.125,78.04166666666667,16.025000000000002,0.19958333333333333,0.7908333333333334,27.912499999999998,27.704166666666666,27.125,27.0,0.3627916666666666,0.37245833333333334,0.3814583333333333,0.3965
2022-03-02,p,27.15416666666667,85.625,24.433333333333334,32.833333333333336,1009.4458333333333,1008.9458333333333,0.0,69.79166666666667,23.5,54.541666666666664,69.41666666666667,228.375,155.41666666666666,72.95833333333333,202.47083333333333,6.745833333333334,10.237499999999999,158.54166666666666,137.83333333333334,13.2875,0.16458333333333333,0.5520833333333334,28.108333333333334,27.608333333333334,27.2,27.0,0.388625,0.3822916666666667,0.37795833333333334,0.3960000000000001
2022-03-03,p,27.1125,86.25,24.583333333333332,32.62083333333333,1009.4499999999999,1008.9499999999999,0.0,57.791666666666664,16.5,24.958333333333332,97.91666666666667,188.83333333333334,73.70833333333333,115.125,94.70833333333333,7.733333333333333,11.4375,78.29166666666667,76.75,16.270833333333332,0.13625,0.5120833333333333,27.633333333333336,27.349999999999998,27.2,27.0,0.3915416666666667,0.3937916666666667,0.38058333333333333,0.3954583333333333
2022-03-04,p,27.787499999999998,82.5,24.379166666666666,33.574999999999996,1009.1541666666667,1008.6541666666667,0.0,53.416666666666664,14.083333333333334,25.083333333333332,85.33333333333333,238.08333333333334,152.58333333333334,85.5,206.25833333333333,5.616666666666667,8.575000000000001,210.45833333333334,209.91666666666666,12.966666666666667,0.1779166666666667,0.6966666666666667,28.054166666666664,27.325,27.2,27.0,0.3839166666666667,0.3877083333333333,0.3870416666666667,0.395
2022-03-05,p,26.2625,88.33333333333333,24.15833333333333,31.741666666666664,1009.4875000000001,1008.9875000000001,0.0,72.16666666666667,16.791666666666668,45.958333333333336,99.41666666666667,158.70833333333334,53.416666666666664,105.29166666666667,63.8375,5.3125,7.741666666666667,147.41666666666666,153.375,15.137500000000001,0.11666666666666665,0.4070833333333333,27.224999999999998,27.295833333333334,27.2,27.0,0.39525000000000005,0.39737500000000003,0.3890416666666667,0.395
2022-03-06,p,26.275000000000002,88.08333333333333,24.09583333333333,31.674999999999997,1008.9541666666668,1008.4541666666668,0.0,69.45833333333333,23.708333333333332,39.708333333333336,89.79166666666667,197.79166666666666,104.66666666666667,93.125,143.01250000000002,6.204166666666667,9.166666666666666,193.29166666666666,203.5,15.804166666666667,0.1425,0.43083333333333335,26.77916666666667,26.825,27.2,27.0,0.3957916666666667,0.3972083333333334,0.39075,0.395
2022-03-07,p,26.0125,90.33333333333333,24.287499999999998,31.46666666666667,1009.2916666666666,1008.7916666666666,0.0,79.79166666666667,6.291666666666667,75.45833333333333,99.91666666666667,135.33333333333334,35.583333333333336,99.75,41.545833333333334,6.041666666666667,9.166666666666666,155.66666666666666,155.125,13.179166666666667,0.09916666666666667,0.33125,26.645833333333332,26.7375,27.120833333333334,27.0,0.40058333333333335,0.40170833333333333,0.3958333333333333,0.395
2022-03-08,p,27.379166666666666,82.875,24.016666666666666,33.09583333333333,1007.9250000000001,1007.4250000000001,0.0,41.416666666666664,6.208333333333333,15.166666666666666,89.08333333333333,273.8333333333333,220.16666666666666,53.666666666666664,294.2375,5.75,9.1625,209.79166666666666,213.0,12.275,0.19875,0.6833333333333335,27.554166666666664,27.02916666666667,27.075000000000003,27.0,0.3841666666666667,0.39175000000000004,0.39687500000000003,0.395
2022-03-09,p,26.870833333333334,86.58333333333333,24.40416666666667,32.9375,1007.75,1007.25,0.0,43.666666666666664,11.916666666666666,14.333333333333334,81.0,228.375,140.125,88.25,196.84583333333333,3.5375,5.558333333333334,250.75,268.0833333333333,15.112499999999999,0.16291666666666668,0.49041666666666667,27.554166666666664,27.320833333333336,27.100000000000005,27.0,0.3965,0.39562500000000006,0.396375,0.395
2022-03-10,p,27.3625,87.33333333333333,25.02916666666667,33.800000000000004,1007.225,1006.725,0.0,58.833333333333336,28.208333333333332,20.208333333333332,75.33333333333333,225.16666666666666,136.29166666666666,88.875,197.70833333333334,3.4916666666666667,4.4375,224.375,240.625,13.129166666666668,0.16333333333333333,0.4895833333333333,28.008333333333336,27.329166666666666,27.129166666666666,27.02916666666667,0.39987500000000004,0.402375,0.4003333333333334,0.39529166666666665
2022-03-11,p,27.59166666666667,85.25,24.829166666666666,33.5375,1006.6958333333333,1006.1958333333333,0.0,57.375,21.666666666666668,18.5,89.45833333333333,208.08333333333334,114.54166666666667,93.54166666666667,149.05833333333334,6.004166666666666,9.183333333333334,258.4583333333333,261.375,14.387500000000001,0.15625,0.57125,27.912499999999998,27.46666666666667,27.2,27.100000000000005,0.39491666666666664,0.39695833333333336,0.402625,0.39645833333333336
2022-03-12,p,27.791666666666668,84.25,24.816666666666666,33.69583333333333,1007.0833333333334,1006.5833333333334,0.0,57.833333333333336,31.166666666666668,20.833333333333332,76.875,217.29166666666666,141.54166666666666,75.75,184.47083333333333,6.633333333333333,9.745833333333334,203.16666666666666,202.75,15.304166666666667,0.16041666666666668,0.61875,28.224999999999998,27.483333333333334,27.212500000000002,27.100000000000005,0.390125,0.3907083333333334,0.40008333333333335,0.39799999999999996
2022-03-13,p,25.916666666666668,91.875,24.45,31.929166666666664,1008.7666666666668,1008.2666666666668,0.0,85.45833333333333,29.916666666666668,67.25,99.5,109.45833333333333,23.75,85.70833333333333,28.079166666666666,2.8708333333333336,4.304166666666666,209.54166666666666,211.125,11.845833333333333,0.08166666666666667,0.2783333333333333,26.7625,27.037499999999998,27.229166666666668,27.100000000000005,0.3990833333333334,0.4000416666666667,0.40045833333333336,0.39820833333333333
2022-03-14,p,27.474999999999998,84.125,24.416666666666668,33.625,1007.9499999999999,1007.4499999999999,0.0,46.333333333333336,26.833333333333332,9.125,64.125,264.0416666666667,199.875,64.16666666666667,263.17083333333335,4.4750000000000005,6.0249999999999995,178.04166666666666,172.0,11.608333333333334,0.19416666666666668,0.6316666666666667,27.758333333333336,27.09166666666667,27.2,27.100000000000005,0.388875,0.39333333333333337,0.40195833333333336,0.39929166666666666
2022-03-15,p,27.84583333333333,84.41666666666667,24.825,34.22083333333334,1006.7083333333334,1006.2083333333334,0.0,52.0,25.625,19.833333333333332,67.79166666666667,241.91666666666666,178.95833333333334,62.958333333333336,245.75,3.8375,5.420833333333333,177.79166666666666,173.0,12.433333333333332,0.18125,0.6358333333333334,28.15416666666667,27.420833333333334,27.2,27.100000000000005,0.38833333333333336,0.3897916666666667,0.39895833333333336,0.39958333333333335
2022-03-16,p,26.958333333333332,88.58333333333333,24.858333333333334,32.80833333333333,1007.6541666666667,1007.1541666666667,0.0,64.91666666666667,20.041666666666668,64.79166666666667,67.29166666666667,181.875,96.29166666666667,85.58333333333333,137.0041666666667,6.0874999999999995,9.0,180.125,182.25,15.795833333333334,0.13166666666666668,0.4266666666666667,27.579166666666666,27.391666666666666,27.22083333333333,27.100000000000005,0.3940416666666667,0.401,0.40095833333333336,0.401125
2022-03-17,p,27.629166666666666,87.0,25.1875,34.233333333333334,1007.0041666666666,1006.5083333333333,0.0,40.166666666666664,12.833333333333334,14.416666666666666,66.25,249.66666666666666,183.625,66.04166666666667,240.6833333333333,4.033333333333333,5.9125000000000005,212.29166666666666,215.41666666666666,12.633333333333333,0.18333333333333335,0.5183333333333333,27.933333333333334,27.266666666666666,27.21666666666667,27.100000000000005,0.3884166666666667,0.3874166666666667,0.39683333333333337,0.40162500000000007
2022-03-18,p,26.27916666666667,87.83333333333333,24.104166666666668,31.8875,1007.2375000000001,1006.7375000000001,0.0,85.91666666666667,36.958333333333336,58.791666666666664,99.16666666666667,135.70833333333334,38.708333333333336,97.0,46.12916666666666,4.4750000000000005,6.820833333333333,169.0,164.66666666666666,12.237499999999999,0.10333333333333333,0.4216666666666667,27.349999999999998,27.254166666666666,27.241666666666664,27.100000000000005,0.40058333333333335,0.40137500000000004,0.39929166666666666,0.401
2022-03-19,p,27.554166666666664,82.45833333333333,24.116666666666664,33.324999999999996,1007.3583333333332,1006.8625000000001,0.0,81.16666666666667,20.75,70.875,87.75,224.91666666666666,136.5,88.41666666666667,176.7875,4.720833333333333,7.191666666666666,187.08333333333334,184.04166666666666,11.8375,0.17166666666666666,0.71125,27.791666666666668,27.125,27.2,27.100000000000005,0.39425,0.3964166666666667,0.40245833333333336,0.40287500000000004
2022-03-20,p,26.4875,87.25,24.09166666666667,32.03333333333333,1009.5333333333333,1009.0333333333333,0.0,84.83333333333333,11.958333333333334,76.08333333333333,100.0,149.625,45.416666666666664,104.20833333333333,51.82916666666667,5.066666666666666,7.4375,98.0,102.375,13.245833333333332,0.11375,0.47541666666666665,27.195833333333336,27.108333333333334,27.2,27.100000000000005,0.39958333333333335,0.40087500000000004,0.40025,0.40287500000000004
2022-03-21,p,27.183333333333334,84.58333333333333,24.15416666666667,32.65833333333333,1010.0625,1009.5625,0.0,64.125,12.541666666666666,68.29166666666667,39.166666666666664,217.45833333333334,132.83333333333334,84.625,171.53333333333333,6.716666666666666,9.987499999999999,76.70833333333333,75.95833333333333,14.825000000000001,0.16375,0.6183333333333333,27.5625,27.183333333333334,27.2,27.100000000000005,0.39279166666666665,0.39633333333333337,0.3974583333333333,0.40199999999999997
2022-03-22,p,26.40416666666667,88.5,24.3,31.90416666666667,1011.2083333333334,1010.7083333333334,0.0,91.83333333333333,7.208333333333333,95.33333333333333,96.95833333333333,139.04166666666666,45.541666666666664,93.5,58.145833333333336,5.845833333333334,9.241666666666667,120.95833333333333,124.75,12.720833333333333,0.10416666666666667,0.41208333333333336,26.945833333333336,26.954166666666666,27.191666666666666,27.100000000000005,0.40058333333333335,0.40020833333333333,0.3981666666666667,0.40199999999999997
2022-03-23,p,27.15416666666667,88.54166666666667,25.016666666666666,32.90416666666667,1010.4875000000001,1009.9875000000001,0.0,69.45833333333333,6.541666666666667,56.083333333333336,99.58333333333333,134.70833333333334,20.333333333333332,114.375,26.045833333333334,7.233333333333333,11.316666666666668,44.458333333333336,40.875,13.554166666666667,0.10416666666666667,0.4379166666666667,27.304166666666664,26.820833333333336,27.100000000000005,27.100000000000005,0.392375,0.3960000000000001,0.3974583333333333,0.4019166666666667
2022-03-25,p,27.52916666666667,84.66666666666667,24.616666666666664,33.69166666666667,1010.6541666666667,1010.1541666666667,0.0,50.875,7.041666666666667,25.541666666666668,96.91666666666667,236.25,148.58333333333334,87.66666666666667,194.47500000000002,4.45,6.75,147.20833333333334,146.25,12.4625,0.17166666666666666,0.5904166666666667,27.833333333333332,27.645833333333332,27.141666666666666,27.100000000000005,0.36879166666666663,0.37725000000000003,0.390625,0.40054166666666674
2022-03-26,p,28.208333333333332,81.875,24.7,34.375,1010.0041666666666,1009.5041666666666,0.0,37.166666666666664,15.666666666666666,10.25,56.083333333333336,251.04166666666666,180.54166666666666,70.5,235.59583333333333,5.104166666666667,7.6625000000000005,192.04166666666666,190.125,12.9125,0.18999999999999997,0.7354166666666666,28.145833333333332,27.6375,27.22083333333333,27.100000000000005,0.3626666666666667,0.3661666666666667,0.38775000000000004,0.4000000000000001
2022-03-27,p,27.22083333333333,84.95833333333333,24.412499999999998,32.99583333333333,1010.7666666666668,1010.2666666666668,0.0,71.16666666666667,7.458333333333333,69.16666666666667,76.25,228.91666666666666,140.16666666666666,88.75,197.19583333333333,5.7625,8.608333333333333,140.79166666666666,141.5,13.858333333333334,0.16291666666666668,0.5620833333333334,27.791666666666668,27.5625,27.3,27.100000000000005,0.3753333333333333,0.36841666666666667,0.38375000000000004,0.3990833333333334
2022-03-28,p,27.358333333333334,83.75,24.275000000000002,32.93333333333333,1009.8625000000001,1009.3625000000001,0.0,44.5,7.541666666666667,16.208333333333332,93.08333333333333,202.25,108.08333333333333,94.16666666666667,131.17499999999998,6.433333333333334,9.554166666666667,255.58333333333334,258.0,15.424999999999999,0.15458333333333332,0.6216666666666667,27.170833333333334,27.179166666666664,27.3,27.100000000000005,0.367,0.3702083333333333,0.38125000000000003,0.39854166666666674
2022-03-29,p,27.045833333333334,85.25,24.325,32.525,1009.6,1009.1,0.0,53.541666666666664,24.291666666666668,22.083333333333332,61.416666666666664,228.375,153.41666666666666,74.95833333333333,212.41666666666666,7.020833333333333,10.729166666666666,263.1666666666667,266.0833333333333,19.270833333333332,0.165,0.5379166666666667,27.4875,27.145833333333332,27.229166666666668,27.100000000000005,0.37720833333333337,0.371375,0.3782083333333333,0.3979166666666667
2022-03-30,p,27.320833333333336,85.41666666666667,24.570833333333336,33.275,1010.0416666666666,1009.5416666666666,0.0,64.54166666666667,27.708333333333332,23.958333333333332,89.125,212.125,119.375,92.75,174.02083333333334,4.358333333333333,6.8500000000000005,249.125,276.875,14.779166666666667,0.15541666666666668,0.5595833333333333,27.754166666666666,27.291666666666668,27.2,27.100000000000005,0.38566666666666666,0.3762916666666667,0.377,0.397
2022-03-31,p,28.28333333333333,83.45833333333333,25.1375,34.854166666666664,1009.5375,1009.0375,0.0,41.958333333333336,15.333333333333334,17.291666666666668,59.5,251.625,191.625,60.0,265.7708333333333,4.145833333333333,5.7375,235.91666666666666,246.08333333333334,11.633333333333333,0.1875,0.6695833333333333,28.2625,27.4875,27.229166666666668,27.100000000000005,0.38575000000000004,0.38554166666666667,0.3804166666666667,0.39645833333333336
2022-04-01,p,27.59583333333333,84.41666666666667,24.645833333333332,33.87083333333333,1010.0,1009.5,0.0,43.291666666666664,22.833333333333332,15.458333333333334,44.916666666666664,224.58333333333334,158.70833333333334,65.875,216.79999999999998,3.1208333333333336,4.75,152.75,147.91666666666666,12.654166666666667,0.16541666666666668,0.6062500000000001,27.96666666666667,27.599999999999998,27.3,27.100000000000005,0.3897916666666667,0.37962500000000005,0.3839166666666667,0.3960000000000001
2022-04-02,p,26.8625,88.08333333333333,24.679166666666664,32.675000000000004,1010.0708333333333,1009.5708333333333,0.0,63.583333333333336,22.583333333333332,40.25,70.29166666666667,210.95833333333334,129.125,81.83333333333333,178.44583333333333,6.008333333333333,8.520833333333334,232.08333333333334,237.54166666666666,13.512500000000001,0.15208333333333332,0.4458333333333333,27.7375,27.454166666666666,27.308333333333334,27.100000000000005,0.3935,0.39175000000000004,0.3802916666666667,0.3955416666666667
2022-04-03,p,26.650000000000002,85.66666666666667,23.97083333333333,32.1625,1010.2875,1009.7875,0.0,69.70833333333333,24.75,40.416666666666664,90.08333333333333,115.875,15.125,100.75,19.75,4.258333333333334,6.1000000000000005,161.58333333333334,180.58333333333334,11.625,0.08916666666666667,0.5266666666666667,27.116666666666664,27.037499999999998,27.3,27.100000000000005,0.397125,0.3981666666666667,0.38729166666666665,0.395
2022-04-04,p,26.633333333333336,85.75,23.97083333333333,31.962500000000002,1010.2958333333332,1009.7958333333332,0.0,61.875,31.041666666666668,36.125,53.208333333333336,253.0,192.54166666666666,60.458333333333336,260.2083333333333,7.370833333333334,10.737499999999999,224.125,229.875,17.645833333333332,0.17875,0.5191666666666667,27.46666666666667,27.016666666666666,27.229166666666668,27.100000000000005,0.38808333333333334,0.3890833333333334,0.3904166666666667,0.395
2022-04-05,p,26.820833333333336,86.95833333333333,24.433333333333334,32.454166666666666,1010.7333333333332,1010.2333333333332,0.0,68.25,16.5,41.916666666666664,96.91666666666667,142.33333333333334,31.666666666666668,110.66666666666667,37.858333333333334,5.3500000000000005,8.345833333333333,172.41666666666666,178.79166666666666,13.791666666666666,0.10916666666666668,0.4770833333333333,27.379166666666666,27.166666666666668,27.2,27.100000000000005,0.4014166666666667,0.4054583333333333,0.388625,0.395
2022-04-06,p,27.541666666666668,81.58333333333333,23.974999999999998,32.80416666666667,1009.7958333333332,1009.2958333333332,0.0,57.875,6.041666666666667,38.958333333333336,96.95833333333333,248.0,153.75,94.25,198.15416666666667,7.8500000000000005,12.325000000000001,231.91666666666666,233.66666666666666,18.295833333333334,0.1825,0.7158333333333333,27.75,27.208333333333332,27.2,27.100000000000005,0.3877916666666667,0.391125,0.38958333333333334,0.395
2022-04-07,p,28.175,81.58333333333333,24.575,33.7875,1008.9666666666667,1008.4666666666667,0.0,52.25,12.416666666666666,33.125,70.66666666666667,246.66666666666666,174.41666666666666,72.25,231.97916666666666,7.933333333333334,12.304166666666667,218.5,221.875,18.691666666666666,0.18875,0.7529166666666667,28.070833333333336,27.416666666666668,27.212500000000002,27.100000000000005,0.385875,0.3913333333333333,0.38925000000000004,0.3940416666666667
2022-04-08,p,27.9875,81.20833333333333,24.34166666666667,33.09166666666667,1008.5916666666667,1008.0916666666667,0.0,56.958333333333336,9.166666666666666,33.208333333333336,95.83333333333333,193.08333333333334,94.08333333333333,99.0,123.75416666666666,8.983333333333333,13.995833333333332,211.0,212.04166666666666,20.5,0.15208333333333332,0.7479166666666667,27.629166666666666,27.333333333333332,27.295833333333334,27.100000000000005,0.38999999999999996,0.37995833333333334,0.39037499999999997,0.39399999999999996
2022-04-09,p,28.02916666666667,81.45833333333333,24.45,33.32083333333333,1008.9166666666666,1008.4166666666666,0.0,55.416666666666664,14.583333333333334,28.916666666666668,82.95833333333333,215.54166666666666,146.875,68.66666666666667,211.73333333333335,8.458333333333334,13.049999999999999,219.875,220.54166666666666,21.175,0.16583333333333333,0.735,27.90833333333333,27.204166666666666,27.224999999999998,27.100000000000005,0.3782916666666667,0.379375,0.38729166666666665,0.39399999999999996
2022-04-10,p,27.65416666666667,83.41666666666667,24.520833333333332,32.9375,1009.1708333333332,1008.6708333333332,0.0,46.125,7.083333333333333,18.583333333333332,94.875,202.33333333333334,92.66666666666667,109.66666666666667,129.46666666666667,8.854166666666666,14.141666666666666,217.16666666666666,219.5,18.270833333333332,0.15291666666666667,0.63625,27.8,27.254166666666666,27.2,27.100000000000005,0.3801666666666667,0.37799999999999995,0.3839166666666667,0.3937916666666667
2022-04-11,p,28.037499999999998,82.20833333333333,24.616666666666664,33.71666666666667,1008.8583333333332,1008.3583333333332,0.0,51.375,5.083333333333333,34.166666666666664,87.29166666666667,220.83333333333334,142.58333333333334,78.25,191.69583333333333,7.3500000000000005,12.083333333333334,236.58333333333334,242.70833333333334,15.625,0.16541666666666666,0.7045833333333333,27.870833333333334,27.3125,27.2,27.100000000000005,0.3717083333333333,0.3780833333333333,0.381,0.393
2022-04-12,p,28.708333333333332,78.75,24.4875,34.56666666666667,1008.0,1007.5,0.0,56.0,8.333333333333334,49.25,63.125,250.875,191.875,59.0,258.8833333333333,6.241666666666667,9.904166666666667,223.375,234.66666666666666,15.341666666666667,0.19041666666666668,0.8733333333333334,28.2375,27.416666666666668,27.229166666666668,27.100000000000005,0.3575,0.36791666666666667,0.3775833333333333,0.393
2022-04-13,p,27.329166666666666,85.54166666666667,24.620833333333334,33.22083333333334,1008.3041666666667,1007.8041666666667,0.0,75.79166666666667,10.875,68.375,90.625,118.33333333333333,45.416666666666664,72.91666666666667,62.00416666666666,4.575,6.6125,168.33333333333334,174.5,11.379166666666668,0.09291666666666666,0.5475,27.316666666666666,27.191666666666666,27.3,27.100000000000005,0.3795,0.379875,0.3775833333333333,0.39245833333333335
2022-04-14,p,28.079166666666666,83.08333333333333,24.8,34.11666666666667,1008.1833333333334,1007.6833333333334,0.0,53.166666666666664,32.583333333333336,28.333333333333332,61.083333333333336,239.16666666666666,172.91666666666666,66.25,231.27083333333334,5.8374999999999995,8.158333333333333,235.25,248.29166666666666,13.779166666666667,0.17625000000000002,0.6866666666666666,28.09583333333333,27.208333333333332,27.2375,27.129166666666666,0.374625,0.38045833333333334,0.3775,0.39200000000000007
2022-04-15,p,27.95,85.5,25.2375,34.62083333333333,1008.4416666666666,1007.9416666666666,0.0,46.166666666666664,20.375,14.833333333333334,62.458333333333336,238.875,162.79166666666666,76.08333333333333,219.20416666666665,3.733333333333333,5.641666666666667,247.95833333333334,254.91666666666666,10.458333333333334,0.17708333333333334,0.5720833333333334,28.275000000000002,27.520833333333332,27.3,27.2,0.39258333333333334,0.38766666666666666,0.37925000000000003,0.39200000000000007
2022-04-16,p,25.870833333333334,88.25,23.733333333333334,31.083333333333332,1008.7666666666668,1008.2666666666668,0.0,70.79166666666667,36.166666666666664,40.916666666666664,96.29166666666667,131.58333333333334,55.375,76.20833333333333,68.08333333333333,5.75,9.370833333333334,143.95833333333334,148.20833333333334,13.670833333333334,0.09875,0.40375,27.09166666666667,27.2,27.3,27.2,0.3978333333333333,0.39895833333333336,0.3873333333333333,0.391125
2022-04-17,p,27.47083333333333,84.5,24.441666666666666,33.170833333333334,1008.5333333333333,1008.0333333333333,0.0,56.958333333333336,24.708333333333332,21.25,89.45833333333333,204.54166666666666,103.70833333333333,100.83333333333333,146.1875,5.95,8.841666666666667,120.08333333333333,118.125,11.870833333333332,0.1575,0.6329166666666667,27.333333333333332,26.90833333333333,27.224999999999998,27.2,0.3817083333333333,0.38891666666666663,0.38966666666666666,0.391
2022-04-18,p,28.570833333333336,83.41666666666667,25.400000000000002,34.75,1008.2833333333333,1007.7833333333333,0.0,32.416666666666664,6.291666666666667,16.666666666666668,55.208333333333336,250.20833333333334,196.33333333333334,53.875,274.1041666666667,7.808333333333334,12.3375,47.875,41.708333333333336,17.066666666666666,0.18500000000000003,0.67875,28.254166666666666,27.429166666666664,27.208333333333332,27.2,0.369875,0.37762500000000004,0.38758333333333334,0.391
2022-04-19,p,27.0,88.41666666666667,24.90833333333333,32.987500000000004,1008.9375,1008.4375,0.0,54.916666666666664,12.875,22.666666666666668,99.29166666666667,179.66666666666666,78.375,101.29166666666667,111.87916666666666,5.379166666666666,9.166666666666666,144.33333333333334,128.25,12.783333333333333,0.13166666666666668,0.42083333333333334,27.945833333333336,27.570833333333336,27.3,27.2,0.38604166666666667,0.37954166666666667,0.38525000000000004,0.391
2022-04-20,p,27.395833333333332,84.66666666666667,24.504166666666666,33.425000000000004,1009.4583333333334,1008.9583333333334,0.0,57.958333333333336,22.333333333333332,19.541666666666668,96.83333333333333,175.91666666666666,91.08333333333333,84.83333333333333,117.97916666666667,3.4625,5.108333333333333,78.125,88.45833333333333,11.941666666666668,0.13375,0.5908333333333333,27.8875,27.400000000000002,27.3,27.2,0.39529166666666665,0.3981666666666667,0.38891666666666663,0.391
2022-04-21,p,27.941666666666666,83.33333333333333,24.75,34.333333333333336,1009.1333333333333,1008.6333333333333,0.0,45.208333333333336,27.75,14.041666666666666,43.083333333333336,217.83333333333334,146.91666666666666,70.91666666666667,195.05416666666667,3.233333333333333,4.891666666666667,229.70833333333334,243.16666666666666,9.304166666666667,0.16541666666666668,0.6725,28.191666666666666,27.40416666666667,27.3,27.2,0.39475,0.3980416666666667,0.38608333333333333,0.391
2022-04-22,p,26.90833333333333,87.125,24.554166666666664,32.5625,1010.1458333333334,1009.6458333333334,0.0,62.958333333333336,17.541666666666668,35.625,96.79166666666667,188.08333333333334,97.58333333333333,90.5,133.8125,6.066666666666666,8.7125,166.83333333333334,165.04166666666666,13.270833333333334,0.13499999999999998,0.4691666666666667,27.691666666666666,27.329166666666666,27.3,27.2,0.38929166666666665,0.394375,0.38766666666666666,0.391
2022-04-23,p,28.416666666666668,80.91666666666667,24.650000000000002,34.61666666666667,1008.5875,1008.0875,0.0,49.083333333333336,23.291666666666668,15.291666666666666,69.625,261.375,214.41666666666666,46.958333333333336,297.6083333333333,4.954166666666667,7.175,158.29166666666666,152.70833333333334,12.9,0.19458333333333333,0.7895833333333333,28.008333333333336,27.308333333333334,27.3,27.2,0.37233333333333335,0.38133333333333336,0.38675,0.39075
2022-04-27,p,26.833333333333332,87.16666666666667,24.4875,32.55833333333333,1008.1166666666667,1007.6166666666667,0.0,77.95833333333333,27.625,46.125,98.58333333333333,113.625,21.083333333333332,92.54166666666667,29.245833333333334,4.983333333333333,7.404166666666666,165.125,164.70833333333334,14.195833333333333,0.08958333333333333,0.4691666666666667,27.275000000000002,27.270833333333332,27.399999999999995,27.2,0.4010416666666667,0.3999166666666667,0.38933333333333336,0.38999999999999996
2022-04-28,p,27.441666666666666,88.5,25.329166666666666,33.94166666666667,1008.2166666666667,1007.7166666666667,0.0,45.916666666666664,20.333333333333332,18.291666666666668,55.458333333333336,216.375,136.79166666666666,79.58333333333333,187.82500000000002,4.520833333333333,6.554166666666667,214.91666666666666,213.25,11.429166666666667,0.15958333333333333,0.44458333333333333,28.008333333333336,27.27916666666667,27.337500000000002,27.2,0.396125,0.397,0.39587500000000003,0.38999999999999996
2022-04-30,p,28.104166666666668,83.83333333333333,25.004166666666666,34.3125,1008.625,1008.125,0.0,50.291666666666664,16.791666666666668,15.458333333333334,92.125,186.91666666666666,87.45833333333333,99.45833333333333,114.51249999999999,4.691666666666666,6.691666666666666,79.16666666666667,71.20833333333333,12.104166666666666,0.14166666666666666,0.6404166666666666,27.97083333333333,27.6125,27.399999999999995,27.2,0.3802083333333333,0.3850833333333334,0.3950833333333334,0.391
2022-05-01,p,28.21666666666667,83.41666666666667,25.037499999999998,34.395833333333336,1007.6541666666667,1007.1541666666667,0.0,47.916666666666664,15.583333333333334,18.0,76.375,239.04166666666666,187.70833333333334,51.333333333333336,253.1875,6.195833333333333,9.9625,124.0,118.625,14.354166666666666,0.17541666666666667,0.6687500000000001,28.25,27.645833333333332,27.416666666666668,27.2,0.374625,0.3793333333333333,0.3924166666666667,0.391
2022-05-02,p,27.96521739130435,83.21739130434783,24.782608695652176,34.2304347826087,1008.2434782608696,1007.7434782608696,0.0,57.34782608695652,20.26086956521739,18.91304347826087,96.65217391304348,217.08695652173913,139.8695652173913,77.21739130434783,196.66086956521738,3.369565217391304,4.326086956521739,246.65217391304347,249.0,10.256521739130434,0.15869565217391304,0.661304347826087,28.095652173913045,27.604347826086954,27.5,27.2,0.38017391304347825,0.3754347826086956,0.39721739130434786,0.3910869565217392
2022-05-03,p,28.90833333333333,80.45833333333333,24.933333333333334,35.145833333333336,1007.9708333333333,1007.475,0.0,52.458333333333336,25.541666666666668,13.583333333333334,77.66666666666667,246.83333333333334,191.375,55.458333333333336,257.97083333333336,5.7250000000000005,8.416666666666666,226.33333333333334,210.33333333333334,13.308333333333332,0.19166666666666665,0.8533333333333334,28.7375,27.7,27.495833333333334,27.229166666666668,0.36495833333333333,0.3738333333333333,0.3937083333333333,0.39200000000000007
2022-05-04,p,27.22083333333333,87.54166666666667,24.954166666666666,33.391666666666666,1008.8041666666667,1008.3041666666667,0.0,71.20833333333333,41.541666666666664,20.75,99.0,160.54166666666666,49.708333333333336,110.83333333333333,66.94166666666666,4.145833333333333,6.7875000000000005,193.70833333333334,197.58333333333334,10.85,0.11958333333333333,0.455,27.933333333333334,27.65833333333333,27.5,27.270833333333332,0.38999999999999996,0.3854583333333333,0.39162500000000006,0.39200000000000007
2022-05-05,p,28.433333333333334,82.20833333333333,25.008333333333336,34.604166666666664,1008.2166666666667,1007.7166666666667,0.0,42.25,11.125,14.958333333333334,77.20833333333333,235.08333333333334,171.08333333333334,64.0,243.80416666666667,5.466666666666666,8.799999999999999,249.0,249.33333333333334,14.070833333333333,0.17541666666666667,0.7241666666666666,28.145833333333332,27.554166666666664,27.5,27.245833333333334,0.379375,0.38362500000000005,0.3921666666666667,0.39200000000000007
2022-05-06,p,28.825,81.5,25.28333333333333,35.28333333333333,1007.1999999999999,1006.6999999999999,0.0,43.875,14.958333333333334,17.833333333333332,65.75,239.04166666666666,184.125,54.916666666666664,258.56666666666666,5.0874999999999995,7.2250000000000005,278.2916666666667,284.5833333333333,12.220833333333333,0.17541666666666667,0.7512500000000001,28.224999999999998,27.633333333333336,27.5,27.229166666666668,0.37279166666666663,0.3790833333333334,0.3898333333333333,0.39158333333333334
2022-05-07,p,28.7625,81.41666666666667,25.083333333333332,35.34166666666667,1007.2416666666667,1006.75,0.0,44.875,11.416666666666666,18.708333333333332,77.70833333333333,233.33333333333334,175.375,57.958333333333336,250.52083333333334,3.079166666666667,4.041666666666667,220.91666666666666,240.70833333333334,10.625,0.17625,0.7866666666666666,28.704166666666666,27.77916666666667,27.5,27.28333333333333,0.3735,0.3734583333333333,0.384625,0.391
2022-05-08,p,27.5,88.41666666666667,25.34583333333333,34.104166666666664,1007.5166666666668,1007.0166666666668,0.0,70.79166666666667,28.75,38.208333333333336,98.70833333333333,162.75,80.45833333333333,82.29166666666667,108.39583333333333,3.0749999999999997,4.3625,175.5,166.75,11.112499999999999,0.12208333333333334,0.4454166666666666,28.295833333333334,27.808333333333334,27.520833333333332,27.266666666666666,0.39433333333333337,0.387875,0.38645833333333335,0.391
2022-05-09,p,27.508333333333336,86.75,25.079166666666666,33.541666666666664,1008.4458333333333,1007.9458333333333,0.0,86.125,31.0,75.91666666666667,98.83333333333333,122.58333333333333,35.166666666666664,87.41666666666667,44.46666666666667,5.454166666666667,8.466666666666667,202.66666666666666,205.33333333333334,12.387500000000001,0.09791666666666667,0.5,27.7,27.3875,27.516666666666666,27.204166666666666,0.4025,0.40441666666666665,0.3959166666666667,0.39116666666666666
2022-05-10,p,27.358333333333334,88.5,25.270833333333332,33.295833333333334,1008.5625,1008.0625,0.0,76.875,14.458333333333334,57.791666666666664,97.54166666666667,95.70833333333333,24.625,71.08333333333333,37.59583333333333,7.0125,10.466666666666667,192.125,194.33333333333334,13.612499999999999,0.07791666666666668,0.4254166666666667,27.316666666666666,27.1875,27.5,27.2,0.40129166666666666,0.4014583333333333,0.40170833333333333,0.3930416666666667
2022-05-11,p,28.537499999999998,84.45833333333333,25.604166666666668,35.262499999999996,1007.8249999999999,1007.3249999999999,0.0,52.458333333333336,15.916666666666666,22.125,82.375,229.58333333333334,170.70833333333334,58.875,237.8375,4.641666666666667,7.183333333333334,154.25,133.04166666666666,10.541666666666666,0.17,0.6375000000000001,28.370833333333334,27.554166666666664,27.429166666666664,27.229166666666668,0.3915,0.39358333333333334,0.3993333333333333,0.39491666666666664
2022-05-12,p,26.76086956521739,89.0,24.756521739130434,32.76521739130435,1008.7086956521739,1008.2086956521739,0.0,42.65217391304348,13.652173913043478,21.91304347826087,57.608695652173914,141.69565217391303,64.21739130434783,77.47826086956522,97.58260869565218,4.447826086956522,6.895652173913043,177.47826086956522,176.30434782608697,12.626086956521737,0.10260869565217391,0.3978260869565218,27.643478260869564,27.491304347826084,27.482608695652175,27.3,0.3980434782608696,0.3990434782608696,0.4022608695652174,0.39560869565217394
2022-05-13,p,27.083333333333332,87.29166666666667,24.695833333333336,32.94166666666667,1009.4791666666666,1008.9791666666666,0.0,51.875,16.625,30.125,62.791666666666664,165.41666666666666,85.625,79.79166666666667,140.36249999999998,5.095833333333333,8.075000000000001,208.45833333333334,228.20833333333334,14.829166666666667,0.12458333333333334,0.4875,27.375,27.2625,27.404166666666665,27.3,0.3988333333333334,0.40095833333333336,0.4000416666666667,0.39775000000000005
2022-05-14,p,27.1125,89.58333333333333,25.2375,33.391666666666666,1010.8458333333333,1010.3458333333333,0.0,68.625,18.958333333333332,42.916666666666664,98.70833333333333,133.04166666666666,37.333333333333336,95.70833333333333,45.425000000000004,4.6625000000000005,7.566666666666666,147.41666666666666,150.33333333333334,14.0875,0.10041666666666667,0.3804166666666666,27.441666666666666,27.2,27.399999999999995,27.3,0.39729166666666665,0.39820833333333333,0.402375,0.39845833333333336
2022-05-15,p,27.954166666666666,87.16666666666667,25.566666666666666,34.5625,1010.2541666666666,1009.7541666666666,0.0,54.333333333333336,32.833333333333336,21.958333333333332,64.625,164.83333333333334,70.20833333333333,94.625,113.25416666666666,3.75,4.816666666666666,183.625,184.375,9.704166666666667,0.12208333333333334,0.5054166666666667,27.883333333333336,27.316666666666666,27.399999999999995,27.3,0.3970416666666667,0.4005,0.40491666666666665,0.3997916666666667
2022-05-16,p,28.170833333333334,84.08333333333333,25.09583333333333,34.612500000000004,1009.7375000000001,1009.2375000000001,0.0,57.291666666666664,24.5,22.333333333333332,74.125,204.125,127.08333333333333,77.04166666666667,183.38333333333333,3.6166666666666667,4.483333333333333,213.83333333333334,239.20833333333334,10.1875,0.1525,0.6416666666666667,27.9375,27.375,27.349999999999998,27.3,0.37404166666666666,0.38562500000000005,0.4010833333333334,0.4005
2022-05-17,p,27.633333333333336,86.5,25.125,33.99583333333333,1010.5791666666668,1010.0791666666668,0.0,73.75,9.375,61.833333333333336,94.75,118.83333333333333,34.5,84.33333333333333,52.55416666666667,3.4291666666666667,5.0375000000000005,178.45833333333334,172.08333333333334,12.433333333333332,0.09375,0.5204166666666666,27.4375,27.1875,27.337500000000002,27.3,0.38995833333333335,0.3882916666666667,0.394125,0.4000000000000001
2022-05-18,p,27.7,84.33333333333333,24.65833333333333,33.5,1010.8958333333334,1010.3958333333334,0.0,58.166666666666664,19.125,34.291666666666664,78.5,204.625,127.33333333333333,77.29166666666667,174.3708333333333,6.395833333333333,9.245833333333334,99.91666666666667,95.54166666666667,12.549999999999999,0.15458333333333332,0.6370833333333333,27.954166666666666,27.204166666666666,27.3,27.3,0.38533333333333336,0.38866666666666666,0.3910416666666667,0.4000000000000001
2022-05-19,p,28.066666666666666,82.91666666666667,24.8,34.104166666666664,1010.7666666666668,1010.2666666666668,0.0,45.166666666666664,17.416666666666668,19.291666666666668,59.708333333333336,190.33333333333334,118.625,71.70833333333333,166.52083333333334,4.7625,7.5249999999999995,124.95833333333333,118.54166666666667,12.258333333333333,0.14666666666666667,0.6883333333333334,28.008333333333336,27.400000000000002,27.3,27.3,0.3970416666666667,0.3992083333333334,0.389375,0.3994166666666667
2022-05-20,p,26.929166666666664,86.66666666666667,24.454166666666666,32.829166666666666,1010.1374999999999,1009.6374999999999,0.0,56.208333333333336,14.791666666666666,24.75,93.54166666666667,168.83333333333334,93.75,75.08333333333333,128.87916666666666,4.033333333333333,6.320833333333333,181.58333333333334,191.95833333333334,9.866666666666665,0.125,0.49374999999999997,27.599999999999998,27.308333333333334,27.3,27.3,0.40129166666666666,0.39825,0.40329166666666666,0.39929166666666666
2022-05-21,p,27.0,87.20833333333333,24.641666666666666,32.550000000000004,1009.4416666666666,1008.9416666666666,0.0,72.79166666666667,7.458333333333333,63.625,94.29166666666667,162.29166666666666,72.04166666666667,90.25,108.99166666666667,7.141666666666667,10.770833333333334,234.5,236.5,14.6,0.11833333333333333,0.4683333333333333,27.462500000000002,27.099999999999998,27.3,27.3,0.3907083333333334,0.39058333333333334,0.3981666666666667,0.4000000000000001
2022-05-22,p,27.254166666666666,84.58333333333333,24.400000000000002,32.891666666666666,1008.4541666666668,1007.9541666666668,0.0,75.41666666666667,0.7083333333333334,84.75,79.66666666666667,56.333333333333336,3.7083333333333335,52.625,6.895833333333333,5.208333333333333,7.633333333333334,212.625,224.95833333333334,10.670833333333334,0.05458333333333334,0.5704166666666667,26.791666666666668,26.724999999999998,27.245833333333334,27.3,0.4003333333333334,0.3990833333333334,0.3979166666666667,0.4000000000000001
2022-05-23,p,27.1375,84.08333333333333,24.150000000000002,32.86666666666667,1008.9833333333332,1008.4833333333332,0.0,77.70833333333333,15.458333333333334,61.916666666666664,90.16666666666667,161.83333333333334,83.79166666666667,78.04166666666667,109.57916666666667,4.225,5.7875000000000005,160.5,164.0,10.383333333333333,0.12083333333333333,0.5991666666666667,26.991666666666664,26.570833333333336,27.133333333333336,27.3,0.39675,0.39620833333333333,0.3970416666666667,0.4000000000000001
2022-05-24,p,28.833333333333332,79.58333333333333,24.854166666666668,34.50416666666667,1010.1750000000001,1009.6750000000001,0.0,32.541666666666664,5.291666666666667,22.916666666666668,46.291666666666664,239.16666666666666,183.125,56.041666666666664,272.0,8.433333333333334,13.5625,49.541666666666664,44.791666666666664,18.191666666666666,0.18708333333333335,0.85125,28.28333333333333,27.179166666666664,27.100000000000005,27.3,0.3822083333333333,0.3906666666666667,0.3964166666666667,0.4000000000000001
2022-05-25,p,27.933333333333334,83.41666666666667,24.808333333333334,33.90416666666667,1009.5708333333333,1009.0708333333333,0.0,36.041666666666664,9.5,14.166666666666666,63.083333333333336,210.20833333333334,146.29166666666666,63.916666666666664,225.14583333333334,5.358333333333333,8.512500000000001,192.29166666666666,201.54166666666666,12.220833333333333,0.155,0.6504166666666666,28.066666666666666,27.441666666666666,27.137500000000003,27.266666666666666,0.3901666666666667,0.3882916666666667,0.39608333333333334,0.39970833333333333
2022-05-26,p,26.304166666666664,85.33333333333333,23.566666666666666,30.65833333333333,1010.0583333333334,1009.5583333333334,0.0,81.54166666666667,18.916666666666668,66.95833333333333,99.33333333333333,151.75,62.125,89.625,87.56666666666666,10.495833333333334,16.204166666666666,176.25,180.41666666666666,20.954166666666666,0.12,0.5295833333333334,27.058333333333334,27.108333333333334,27.2,27.2,0.3979166666666667,0.4008333333333334,0.3982916666666667,0.399
2022-05-27,p,27.09166666666667,81.70833333333333,23.679166666666664,31.983333333333334,1010.0875,1009.5875,0.0,83.375,11.208333333333334,78.29166666666667,94.875,100.5,16.958333333333332,83.54166666666667,26.650000000000002,7.391666666666667,11.891666666666666,252.54166666666666,257.0,14.095833333333333,0.08875,0.6679166666666667,26.625,26.4875,27.125,27.2,0.39045833333333335,0.3955,0.39820833333333333,0.399125
2022-05-28,p,27.804347826086957,81.56521739130434,24.230434782608693,33.69565217391305,1009.091304347826,1008.591304347826,0.0,44.30434782608695,3.217391304347826,29.695652173913043,78.21739130434783,251.8695652173913,197.8695652173913,54.0,268.66956521739127,5.052173913043478,7.734782608695652,246.7391304347826,261.5652173913044,10.947826086956523,0.18478260869565216,0.726086956521739,27.55652173913043,26.93913043478261,27.05652173913044,27.2,0.37626086956521737,0.38504347826086954,0.3948260869565217,0.39899999999999997
2022-05-29,p,27.46666666666667,84.33333333333333,24.545833333333334,33.637499999999996,1009.4958333333334,1008.9958333333334,0.0,66.79166666666667,19.916666666666668,49.875,63.25,199.33333333333334,126.41666666666667,72.91666666666667,181.41250000000002,2.8666666666666667,4.2875000000000005,212.16666666666666,228.5,12.445833333333333,0.14541666666666667,0.58875,27.354166666666668,27.141666666666666,27.100000000000005,27.2,0.3750833333333334,0.378125,0.3921666666666667,0.399
2022-05-30,p,27.4375,83.66666666666667,24.354166666666668,33.19166666666667,1008.6958333333333,1008.1958333333333,0.0,50.0,5.666666666666667,51.041666666666664,47.25,233.41666666666666,169.79166666666666,63.625,244.10833333333335,6.016666666666667,15.533333333333333,206.58333333333334,221.45833333333334,16.033333333333335,0.17125,0.62,27.65416666666667,27.3125,27.100000000000005,27.2,0.3642083333333333,0.37404166666666666,0.38858333333333334,0.39854166666666674
2022-05-31,p,28.558333333333334,80.375,24.729166666666668,34.608333333333334,1008.3874999999999,1007.8874999999999,0.0,26.666666666666668,6.041666666666667,27.041666666666668,16.625,252.08333333333334,210.33333333333334,41.75,295.95,5.983333333333333,16.2375,159.625,234.20833333333334,13.85,0.18708333333333335,0.8008333333333333,28.354166666666668,27.708333333333332,27.145833333333332,27.2,0.35120833333333334,0.365125,0.38466666666666666,0.39799999999999996
2022-06-01,p,28.287499999999998,82.29166666666667,24.920833333333334,34.43333333333333,1008.9250000000001,1008.4250000000001,0.0,23.625,13.666666666666666,11.25,14.833333333333334,222.83333333333334,170.08333333333334,52.75,262.5208333333333,4.970833333333333,8.9125,60.958333333333336,59.0,10.637500000000001,0.16291666666666668,0.69625,28.120833333333334,27.566666666666666,27.2375,27.229166666666668,0.34400000000000003,0.35962500000000003,0.38158333333333333,0.39733333333333337
2022-06-02,p,28.320833333333336,79.875,24.34166666666667,34.12916666666667,1008.9875000000001,1008.4875000000001,0.0,33.291666666666664,10.708333333333334,13.583333333333334,51.666666666666664,245.79166666666666,197.45833333333334,48.333333333333336,292.14166666666665,5.466666666666666,7.7625,189.45833333333334,198.75,11.8375,0.18333333333333335,0.8295833333333333,28.179166666666664,27.604166666666668,27.3,27.270833333333332,0.34554166666666664,0.35516666666666663,0.37754166666666666,0.39679166666666665
2022-06-03,p,27.8125,83.0,24.520833333333332,33.87916666666667,1009.4833333333332,1008.9875000000001,0.0,30.583333333333332,11.125,8.833333333333334,50.666666666666664,224.79166666666666,163.125,61.666666666666664,241.28333333333333,4.054166666666666,5.375,232.04166666666666,237.04166666666666,11.0375,0.1679166666666667,0.6858333333333334,27.875,27.395833333333332,27.320833333333336,27.229166666666668,0.3645,0.3496666666666666,0.3672916666666666,0.3960000000000001
2022-06-04,p,26.229166666666668,86.20833333333333,23.712500000000002,31.645833333333332,1010.5208333333334,1010.0208333333334,0.0,71.95833333333333,24.291666666666668,49.208333333333336,86.0,164.0,87.125,76.875,114.72083333333335,4.05,6.108333333333333,118.33333333333333,118.08333333333333,11.225,0.11958333333333333,0.48666666666666664,27.27916666666667,27.21666666666667,27.329166666666666,27.270833333333332,0.38654166666666673,0.3805416666666667,0.364625,0.395125
2022-06-05,p,28.045833333333334,80.16666666666667,24.083333333333332,33.94583333333333,1009.4708333333333,1008.9708333333333,0.0,33.375,20.375,14.0,22.0,234.625,186.95833333333334,47.666666666666664,268.9458333333333,3.8666666666666667,5.470833333333334,192.79166666666666,186.875,9.629166666666666,0.17458333333333334,0.8191666666666667,27.995833333333334,27.233333333333334,27.3,27.229166666666668,0.374625,0.37799999999999995,0.36674999999999996,0.39445833333333336
2022-06-06,p,27.78333333333333,81.45833333333333,24.224999999999998,33.65833333333333,1008.6333333333333,1008.1333333333333,0.0,27.5,11.125,14.25,29.291666666666668,226.375,170.45833333333334,55.916666666666664,256.4375,4.191666666666666,6.070833333333333,272.0833333333333,276.5416666666667,9.975,0.16625,0.7304166666666667,27.933333333333334,27.379166666666666,27.3,27.3,0.38104166666666667,0.3764166666666667,0.36145833333333327,0.39375000000000004
2022-06-07,p,27.116666666666664,84.70833333333333,24.241666666666664,32.65416666666667,1009.1458333333334,1008.6458333333334,0.0,58.5,13.25,33.833333333333336,89.75,162.91666666666666,68.04166666666667,94.875,98.83333333333333,5.5,8.0875,218.20833333333334,218.45833333333334,12.979166666666666,0.12208333333333334,0.57375,27.254166666666666,27.166666666666668,27.3,27.3,0.3932083333333334,0.38725000000000004,0.36566666666666664,0.393
2022-06-08,p,28.166666666666668,80.0,24.254166666666666,34.15833333333333,1008.4625,1007.9625,0.0,46.708333333333336,35.125,10.666666666666666,36.25,224.25,171.625,52.625,242.85833333333335,3.533333333333333,4.954166666666667,200.875,213.91666666666666,10.991666666666667,0.16708333333333333,0.8075,27.745833333333334,27.125,27.27916666666667,27.3,0.3774166666666667,0.38079166666666664,0.37079166666666663,0.3924166666666667
2022-06-09,p,26.808333333333334,86.45833333333333,24.354166666666668,32.7125,1009.2708333333334,1008.7708333333334,0.0,52.666666666666664,18.583333333333332,20.708333333333332,80.41666666666667,185.58333333333334,110.625,74.95833333333333,172.4625,3.6666666666666665,5.383333333333333,263.375,263.4583333333333,11.65,0.13375,0.4875,27.454166666666666,27.087500000000002,27.254166666666666,27.270833333333332,0.38966666666666666,0.3834583333333333,0.3697083333333333,0.39200000000000007
2022-06-10,p,27.820833333333336,82.75,24.495833333333334,33.80416666666667,1008.9291666666667,1008.4291666666667,0.0,41.166666666666664,6.0,11.166666666666666,96.54166666666667,200.0,132.04166666666666,67.95833333333333,198.45416666666668,3.8083333333333336,5.670833333333333,224.41666666666666,246.83333333333334,10.012500000000001,0.14833333333333334,0.69375,27.583333333333332,27.016666666666666,27.2,27.2,0.37879166666666664,0.38445833333333335,0.3717083333333333,0.3914166666666667
2022-06-11,p,28.25,81.79166666666667,24.71666666666667,34.5,1009.0916666666667,1008.5916666666667,0.0,26.583333333333332,9.375,12.791666666666666,34.958333333333336,237.08333333333334,196.875,40.208333333333336,293.06666666666666,3.954166666666667,5.641666666666667,216.25,238.20833333333334,11.591666666666667,0.17541666666666667,0.7312500000000001,27.729166666666668,27.208333333333332,27.2,27.229166666666668,0.37845833333333334,0.3834583333333333,0.3799166666666667,0.391
2022-06-12,p,26.945833333333336,86.0,24.3875,32.887499999999996,1009.775,1009.275,0.0,58.833333333333336,14.791666666666666,32.083333333333336,88.95833333333333,207.25,138.91666666666666,68.33333333333333,215.45833333333334,3.891666666666667,6.1499999999999995,208.95833333333334,193.58333333333334,11.508333333333333,0.14958333333333332,0.5095833333333334,27.72083333333333,27.266666666666666,27.2,27.3,0.38083333333333336,0.383,0.38362500000000005,0.391
2022-06-13,p,27.2,84.95833333333333,24.3875,33.12083333333333,1009.9,1009.4,0.0,37.25,15.541666666666666,12.875,51.875,187.375,102.25,85.125,160.4,3.5208333333333335,5.008333333333334,213.25,222.20833333333334,10.666666666666666,0.13875,0.57625,27.675,27.183333333333334,27.2,27.270833333333332,0.39633333333333337,0.3957916666666667,0.3910416666666667,0.391
2022-06-14,p,27.900000000000002,82.45833333333333,24.545833333333334,34.00833333333333,1010.2041666666668,1009.7041666666668,0.0,47.25,17.333333333333332,27.333333333333332,51.458333333333336,219.0,155.125,63.875,240.05416666666667,3.4583333333333335,5.5,186.16666666666666,187.45833333333334,11.195833333333333,0.16083333333333333,0.6920833333333333,27.858333333333334,27.125,27.2,27.229166666666668,0.3934583333333333,0.39566666666666667,0.39787500000000003,0.39125000000000004
2022-06-15,p,27.0625,86.04166666666667,24.462500000000002,32.987500000000004,1009.9958333333334,1009.4958333333334,0.0,37.583333333333336,15.958333333333334,11.458333333333334,54.291666666666664,209.04166666666666,147.16666666666666,61.875,221.45833333333334,4.5125,6.991666666666667,97.58333333333333,108.875,14.079166666666666,0.1525,0.5275,27.52916666666667,27.066666666666666,27.2,27.258333333333336,0.39329166666666665,0.39137500000000003,0.3967083333333334,0.39245833333333335
2022-06-16,p,26.733333333333334,87.29166666666667,24.400000000000002,32.24583333333333,1009.7083333333334,1009.2083333333334,0.0,44.416666666666664,16.041666666666668,12.416666666666666,75.04166666666667,138.83333333333334,64.25,74.58333333333333,103.29166666666667,6.104166666666667,9.416666666666666,134.95833333333334,129.79166666666666,17.462500000000002,0.105,0.4675,27.054166666666664,26.879166666666666,27.2,27.3,0.39695833333333336,0.394625,0.39116666666666666,0.393
2022-06-17,p,26.2625,86.20833333333333,23.71666666666667,31.704166666666666,1009.6583333333333,1009.1583333333333,0.0,60.416666666666664,18.166666666666668,30.916666666666668,85.0,180.875,99.95833333333333,80.91666666666667,138.20000000000002,4.383333333333334,5.958333333333333,139.83333333333334,136.625,11.704166666666666,0.13083333333333333,0.49041666666666667,27.108333333333334,26.766666666666666,27.120833333333334,27.270833333333332,0.3986666666666667,0.4000416666666667,0.395,0.3935
2022-06-18,p,26.825,83.91666666666667,23.795833333333334,32.00416666666667,1010.1125000000001,1009.6125000000001,0.0,68.70833333333333,13.5,53.166666666666664,96.0,147.54166666666666,68.16666666666667,79.375,101.88333333333333,5.8875,8.845833333333333,218.04166666666666,222.75,12.762500000000001,0.11375,0.5966666666666667,26.920833333333334,26.670833333333334,27.070833333333336,27.2,0.40549999999999997,0.39562500000000006,0.40370833333333334,0.39562500000000006
2022-06-19,p,26.729166666666668,85.66666666666667,24.066666666666666,32.3125,1009.5083333333333,1009.0083333333333,0.0,33.75,12.166666666666666,18.166666666666668,39.416666666666664,197.58333333333334,130.95833333333334,66.625,204.41666666666666,4.7,6.8500000000000005,231.29166666666666,241.95833333333334,11.841666666666667,0.14083333333333334,0.52625,26.933333333333334,26.53333333333333,27.0,27.2,0.398125,0.39675,0.40524999999999994,0.3977916666666667
2022-06-20,p,26.5125,88.33333333333333,24.375,32.204166666666666,1008.2458333333334,1007.7458333333334,0.0,61.291666666666664,26.0,29.625,70.54166666666667,158.41666666666666,75.0,83.41666666666667,118.2,4.6625000000000005,7.254166666666666,233.625,234.5,9.704166666666667,0.115,0.4216666666666667,26.854166666666668,26.608333333333334,26.954166666666666,27.2,0.3892083333333334,0.39366666666666666,0.40175000000000005,0.399
2022-06-21,p,26.366666666666664,88.25,24.2375,31.599999999999998,1008.4583333333334,1007.9583333333334,0.0,58.75,25.625,16.916666666666668,84.83333333333333,178.58333333333334,105.83333333333333,72.75,161.22916666666666,7.495833333333334,11.391666666666666,238.45833333333334,244.04166666666666,15.129166666666668,0.12375000000000001,0.41208333333333336,27.212500000000002,26.72083333333333,26.899999999999995,27.2,0.39895833333333336,0.39858333333333335,0.3997916666666667,0.399
2022-06-22,p,26.429166666666664,86.625,23.954166666666666,32.074999999999996,1009.6708333333332,1009.1708333333332,0.0,60.375,28.541666666666668,12.958333333333334,92.91666666666667,174.29166666666666,94.79166666666667,79.5,127.71249999999999,3.6750000000000003,5.679166666666667,242.95833333333334,259.4583333333333,9.674999999999999,0.12833333333333333,0.48291666666666666,27.09166666666667,26.670833333333334,26.899999999999995,27.2,0.39733333333333337,0.40025,0.402375,0.3994166666666667
2022-06-24,p,26.291666666666668,89.375,24.400000000000002,32.050000000000004,1009.2875,1008.7875,0.0,76.375,43.0,28.0,96.75,116.58333333333333,27.791666666666668,88.79166666666667,39.4625,4.341666666666667,6.833333333333333,230.20833333333334,236.16666666666666,13.049999999999999,0.08833333333333333,0.37125,26.599999999999998,26.370833333333334,26.825,27.2,0.3970416666666667,0.400375,0.40575,0.40129166666666666
2022-06-25,p,27.45,83.54166666666667,24.3125,33.170833333333334,1008.2791666666667,1007.7791666666667,0.0,37.125,13.458333333333334,13.375,56.666666666666664,209.75,152.08333333333334,57.666666666666664,233.16666666666666,5.0874999999999995,7.941666666666666,246.375,257.5,13.0,0.15291666666666667,0.6320833333333333,27.204166666666666,26.508333333333336,26.8,27.2,0.380125,0.3847083333333334,0.3955,0.40199999999999997
2022-06-26,p,26.679166666666664,87.45833333333333,24.40833333333333,32.300000000000004,1009.4041666666667,1008.9041666666667,0.0,47.0,16.833333333333332,14.5,77.04166666666667,212.04166666666666,146.20833333333334,65.83333333333333,220.6,6.3125,10.054166666666667,241.66666666666666,249.58333333333334,14.3125,0.14916666666666667,0.45,27.3,26.729166666666668,26.8,27.2,0.38458333333333333,0.382125,0.3890833333333334,0.401
2022-06-27,p,27.379166666666666,82.33333333333333,23.983333333333334,32.31666666666667,1009.5541666666667,1009.0541666666667,0.0,38.166666666666664,11.875,28.666666666666668,34.25,219.79166666666666,170.54166666666666,49.25,255.09166666666667,9.25,13.745833333333332,240.91666666666666,243.83333333333334,17.441666666666666,0.16708333333333333,0.6833333333333332,27.6125,26.883333333333336,26.8,27.191666666666666,0.379875,0.38325000000000004,0.38408333333333333,0.400375
2022-06-28,p,26.929166666666664,87.04166666666667,24.55,32.02916666666667,1008.3833333333333,1007.8833333333333,0.0,55.833333333333336,17.041666666666668,25.0,85.125,186.79166666666666,108.625,78.16666666666667,166.60833333333332,10.0,15.2875,235.375,238.45833333333334,18.591666666666665,0.13458333333333333,0.47625,27.291666666666668,26.84166666666667,26.825,27.133333333333336,0.392125,0.3877083333333333,0.382125,0.3995
2022-06-29,p,27.066666666666666,84.875,24.212500000000002,31.995833333333334,1007.375,1006.875,0.0,59.125,14.416666666666666,31.916666666666668,89.75,215.5,145.625,69.875,205.89583333333334,10.262500000000001,15.616666666666667,235.79166666666666,238.875,20.433333333333334,0.15875,0.5754166666666667,27.42916666666667,26.912499999999998,26.879166666666666,27.100000000000005,0.38295833333333335,0.38604166666666667,0.3819166666666667,0.39879166666666666
2022-06-30,p,26.054166666666664,86.83333333333333,23.666666666666668,30.758333333333336,1008.4041666666667,1007.9041666666667,0.0,84.54166666666667,14.958333333333334,77.83333333333333,82.75,130.41666666666666,41.75,88.66666666666667,62.84583333333333,8.454166666666667,13.133333333333333,223.875,225.70833333333334,17.341666666666665,0.09916666666666667,0.455,26.629166666666666,26.708333333333332,26.899999999999995,27.100000000000005,0.394625,0.39008333333333334,0.38104166666666667,0.39799999999999996
2022-07-01,p,26.974999999999998,84.5,24.02916666666667,32.30416666666667,1008.85,1008.35,0.0,73.95833333333333,25.208333333333332,46.916666666666664,80.83333333333333,177.625,104.95833333333333,72.66666666666667,146.56666666666666,6.020833333333333,9.154166666666667,254.66666666666666,256.5,11.604166666666666,0.13291666666666666,0.58375,27.129166666666666,26.625,26.816666666666666,27.100000000000005,0.39058333333333334,0.38933333333333336,0.38304166666666667,0.3975
2022-07-02,p,28.375,82.0,24.849999999999998,34.25833333333333,1007.6,1007.1,0.0,27.458333333333332,14.541666666666666,10.125,27.666666666666668,212.125,148.375,63.75,231.75833333333333,6.129166666666666,9.174999999999999,118.33333333333333,123.95833333333333,13.379166666666668,0.16208333333333333,0.7487499999999999,27.729166666666668,26.920833333333334,26.829166666666666,27.100000000000005,0.3779166666666667,0.384125,0.384125,0.397
2022-07-03,p,28.1375,84.125,25.099999999999998,34.28333333333333,1007.9375,1007.4375,0.0,48.25,16.5,29.958333333333332,51.541666666666664,202.75,140.75,62.0,213.2125,5.595833333333334,8.2625,154.79166666666666,160.875,13.125,0.15125,0.6333333333333333,27.916666666666668,27.108333333333334,26.899999999999995,27.100000000000005,0.38008333333333333,0.378875,0.38204166666666667,0.39645833333333336
2022-07-04,p,25.729166666666668,90.125,23.96666666666667,31.28333333333333,1008.9041666666667,1008.4041666666667,0.0,78.95833333333333,46.375,49.833333333333336,92.0,76.25,10.708333333333334,65.54166666666667,18.570833333333333,3.8208333333333333,5.379166666666666,157.83333333333334,166.70833333333334,9.166666666666666,0.06,0.33791666666666664,26.429166666666664,26.8,26.899999999999995,27.100000000000005,0.3997916666666667,0.3994583333333333,0.3882916666666667,0.3960000000000001
2022-07-05,p,27.1125,84.83333333333333,24.2,32.954166666666666,1008.7875,1008.2875,0.0,49.458333333333336,29.416666666666668,9.833333333333334,64.91666666666667,234.95833333333334,173.83333333333334,61.125,256.60833333333335,4.708333333333333,6.154166666666666,220.45833333333334,226.33333333333334,10.85,0.17041666666666666,0.5925,27.59583333333333,26.745833333333334,26.899999999999995,27.100000000000005,0.38483333333333336,0.3902916666666667,0.39329166666666665,0.3960000000000001
2022-07-06,p,27.070833333333336,85.75,24.4375,32.5375,1009.6958333333333,1009.1958333333333,0.0,31.958333333333332,6.166666666666667,21.333333333333332,45.5,202.41666666666666,149.70833333333334,52.708333333333336,219.8083333333333,7.141666666666667,11.066666666666668,229.375,236.95833333333334,15.641666666666666,0.14791666666666667,0.53125,27.504166666666666,26.920833333333334,26.899999999999995,27.100000000000005,0.38529166666666664,0.3842916666666667,0.39045833333333335,0.3960000000000001
2022-07-07,p,26.84583333333333,84.54166666666667,23.958333333333332,31.65416666666667,1010.0625,1009.5625,0.0,52.333333333333336,12.75,28.0,80.125,183.0,104.54166666666667,78.45833333333333,158.18333333333334,9.241666666666667,14.133333333333333,247.95833333333334,249.70833333333334,20.087500000000002,0.13708333333333333,0.5675,27.1875,26.941666666666666,26.899999999999995,27.100000000000005,0.3785416666666667,0.38245833333333334,0.38891666666666663,0.3954166666666667
2022-07-08,p,26.71666666666667,85.41666666666667,24.008333333333336,31.445833333333336,1009.1,1008.6,0.0,52.083333333333336,22.25,23.625,59.208333333333336,174.625,95.08333333333333,79.54166666666667,137.62916666666666,10.204166666666667,15.566666666666668,255.58333333333334,257.9166666666667,19.05,0.13166666666666668,0.5337500000000001,27.229166666666668,26.849999999999998,26.899999999999995,27.100000000000005,0.3901666666666667,0.3845416666666667,0.387375,0.395
2022-07-09,p,26.016666666666666,86.54166666666667,23.570833333333336,30.78333333333333,1009.275,1008.775,0.0,93.16666666666667,32.5,68.95833333333333,93.79166666666667,156.70833333333334,78.83333333333333,77.875,111.10833333333333,7.691666666666666,12.195833333333333,232.83333333333334,236.875,16.254166666666666,0.11291666666666667,0.46291666666666664,26.754166666666666,26.6375,26.899999999999995,27.100000000000005,0.39666666666666667,0.3961666666666667,0.39095833333333335,0.395
2022-07-10,p,27.21666666666667,83.79166666666667,24.175,32.637499999999996,1009.15,1008.65,0.0,83.0,19.25,79.125,68.83333333333333,105.5,37.125,68.375,60.05833333333334,5.729166666666667,8.954166666666667,258.6666666666667,264.2083333333333,12.2125,0.085,0.6075,26.712500000000002,26.45,26.854166666666668,27.100000000000005,0.3942083333333333,0.3979166666666667,0.39516666666666667,0.395
2022-07-11,p,27.266666666666666,85.5,24.554166666666664,32.97083333333333,1009.5500000000001,1009.0500000000001,0.0,83.16666666666667,10.0,83.16666666666667,90.79166666666667,68.91666666666667,6.583333333333333,62.333333333333336,18.925,5.333333333333333,9.174999999999999,225.91666666666666,234.66666666666666,12.670833333333334,0.06125,0.5454166666666667,26.804166666666664,26.34166666666667,26.8,27.100000000000005,0.38408333333333333,0.38833333333333336,0.39458333333333334,0.395
2022-07-12,p,27.683333333333334,82.75,24.370833333333334,33.0875,1008.8791666666666,1008.3791666666666,0.0,49.833333333333336,13.208333333333334,39.583333333333336,49.5,209.0,153.375,55.625,228.57500000000002,7.2250000000000005,11.833333333333334,258.2083333333333,262.9583333333333,15.104166666666666,0.15708333333333332,0.6766666666666666,27.233333333333334,26.59583333333333,26.758333333333336,27.100000000000005,0.37920833333333337,0.38375000000000004,0.393,0.395
2022-07-13,p,26.712500000000002,85.95833333333333,24.104166666666668,32.166666666666664,1008.7916666666666,1008.2916666666666,0.0,55.416666666666664,14.708333333333334,34.458333333333336,73.45833333333333,196.54166666666666,131.375,65.16666666666667,192.97083333333333,6.033333333333334,9.9625,223.54166666666666,226.20833333333334,13.391666666666666,0.14041666666666666,0.5108333333333334,27.037499999999998,26.754166666666666,26.8,27.100000000000005,0.3877083333333333,0.38766666666666666,0.39091666666666663,0.395
2022-07-14,p,26.208333333333332,86.125,23.666666666666668,31.545833333333334,1009.9583333333334,1009.4583333333334,0.0,85.83333333333333,5.166666666666667,92.625,87.0,139.54166666666666,53.708333333333336,85.83333333333333,65.89166666666667,4.204166666666667,7.3500000000000005,237.25,241.25,11.154166666666667,0.10333333333333333,0.48208333333333336,26.53333333333333,26.59583333333333,26.8,27.070833333333336,0.39483333333333337,0.3978333333333333,0.39625,0.395
2022-07-15,p,27.520833333333332,78.54166666666667,23.329166666666666,32.56666666666667,1009.5416666666666,1009.0416666666666,0.0,52.291666666666664,2.7916666666666665,53.666666666666664,58.541666666666664,188.875,96.625,92.25,151.00833333333335,5.070833333333334,7.733333333333333,285.375,291.375,11.220833333333333,0.14375000000000002,0.8195833333333334,26.895833333333332,26.504166666666666,26.71666666666667,27.0,0.37958333333333333,0.38775000000000004,0.39658333333333334,0.395
2022-07-16,p,27.712500000000002,80.41666666666667,23.974999999999998,33.05416666666667,1009.6583333333333,1009.1583333333333,0.0,39.125,7.791666666666667,28.5,49.875,230.29166666666666,176.66666666666666,53.625,265.4791666666667,6.7250000000000005,10.362499999999999,251.29166666666666,260.7916666666667,14.275,0.16625,0.7429166666666666,27.15833333333333,26.704166666666666,26.704166666666666,27.0,0.36683333333333334,0.37695833333333334,0.39366666666666666,0.395
2022-07-17,p,26.108333333333334,83.95833333333333,23.162499999999998,30.837500000000002,1010.8249999999999,1010.3249999999999,0.0,79.66666666666667,17.25,65.125,97.29166666666667,158.66666666666666,71.08333333333333,87.58333333333333,95.8125,6.441666666666666,10.433333333333334,212.16666666666666,213.5,14.591666666666667,0.11583333333333333,0.5558333333333333,26.416666666666668,26.7,26.8,27.0,0.3919166666666667,0.3914583333333333,0.39158333333333334,0.395
2022-07-18,p,26.704166666666666,84.75,23.84583333333333,32.09583333333333,1009.3666666666667,1008.8666666666667,0.0,76.16666666666667,21.25,57.333333333333336,99.91666666666667,142.70833333333334,40.458333333333336,102.25,57.00833333333333,4.583333333333333,6.6375,181.625,189.58333333333334,10.3125,0.10958333333333332,0.5575,26.541666666666668,26.433333333333334,26.708333333333332,27.0,0.38154166666666667,0.38775000000000004,0.39162500000000006,0.395
2022-07-19,p,27.712500000000002,81.875,24.224999999999998,33.329166666666666,1009.0124999999999,1008.5124999999999,0.0,51.541666666666664,12.375,43.041666666666664,48.458333333333336,196.875,133.125,63.75,188.46666666666667,5.108333333333333,8.1875,258.7083333333333,268.75,11.854166666666666,0.14708333333333332,0.7075,27.041666666666668,26.520833333333332,26.7,27.0,0.3713333333333333,0.3784166666666667,0.38891666666666663,0.394625
2022-07-20,p,27.316666666666666,84.58333333333333,24.429166666666664,33.21666666666667,1009.225,1008.725,0.0,26.75,16.166666666666668,16.541666666666668,8.75,227.54166666666666,179.54166666666666,48.0,265.325,4.8625,7.054166666666667,230.29166666666666,247.08333333333334,11.466666666666667,0.16333333333333336,0.5829166666666666,27.429166666666664,26.820833333333336,26.729166666666668,27.0,0.36354166666666665,0.37104166666666666,0.385875,0.39399999999999996
2022-07-21,p,27.745833333333334,84.70833333333333,24.816666666666666,33.78333333333333,1009.5083333333333,1009.0083333333333,0.0,30.416666666666668,21.125,14.041666666666666,9.958333333333334,214.16666666666666,159.625,54.541666666666664,232.625,5.241666666666666,7.075,253.16666666666666,263.5,12.387500000000001,0.16041666666666668,0.6154166666666666,27.724999999999998,27.037499999999998,26.8,27.0,0.365875,0.36925,0.3845416666666667,0.39399999999999996
2022-07-22,p,26.704166666666666,85.125,23.933333333333334,31.979166666666668,1010.475,1009.975,0.0,52.708333333333336,21.75,10.75,88.41666666666667,204.875,122.08333333333333,82.79166666666667,179.85,6.7,9.829166666666667,241.875,244.91666666666666,14.670833333333334,0.14791666666666667,0.5433333333333333,27.366666666666664,26.9375,26.816666666666666,27.0,0.384625,0.37625,0.38075,0.3937916666666667
2022-07-23,p,27.52916666666667,83.20833333333333,24.325,32.69166666666667,1009.4166666666666,1008.9166666666666,0.0,31.583333333333332,15.875,10.291666666666666,37.125,225.79166666666666,157.58333333333334,68.20833333333333,228.84583333333333,9.370833333333334,14.299999999999999,251.91666666666666,255.25,17.708333333333332,0.1691666666666667,0.65125,27.741666666666664,27.020833333333332,26.879166666666666,27.0,0.374875,0.3799166666666667,0.37958333333333333,0.393
2022-07-24,p,27.295833333333334,83.33333333333333,24.1125,31.829166666666666,1008.2958333333332,1007.7958333333332,0.0,38.375,25.875,16.833333333333332,16.416666666666668,230.125,169.5,60.625,248.025,12.791666666666666,19.191666666666666,261.7916666666667,262.5833333333333,23.916666666666668,0.1725,0.64375,27.520833333333332,27.03333333333333,26.899999999999995,27.0,0.3745416666666667,0.3758333333333333,0.37833333333333335,0.393
2022-07-25,p,27.445833333333336,81.25,23.90416666666667,31.858333333333334,1008.5458333333332,1008.0458333333332,0.0,52.916666666666664,21.916666666666668,22.5,65.33333333333333,201.125,135.0,66.125,198.04999999999998,12.245833333333332,18.541666666666668,257.375,259.8333333333333,23.954166666666666,0.15541666666666668,0.6995833333333333,27.40416666666667,27.041666666666668,26.899999999999995,27.0,0.3627916666666666,0.3702916666666667,0.3765833333333333,0.392375
2022-07-26,p,27.108333333333334,84.20833333333333,24.183333333333334,32.03333333333333,1008.9458333333333,1008.4458333333333,0.0,36.291666666666664,14.0,13.916666666666666,51.0,211.375,145.20833333333334,66.16666666666667,221.11249999999998,9.924999999999999,15.216666666666667,252.16666666666666,255.625,20.041666666666668,0.15208333333333332,0.5829166666666666,27.441666666666666,26.9375,26.899999999999995,27.0,0.36375,0.36533333333333334,0.3746666666666667,0.39200000000000007
2022-07-27,p,26.258333333333336,88.375,24.141666666666666,31.337500000000002,1008.6999999999999,1008.1999999999999,0.0,61.916666666666664,29.208333333333332,21.0,77.75,175.91666666666666,92.58333333333333,83.33333333333333,131.5875,8.104166666666666,12.520833333333334,238.79166666666666,242.29166666666666,16.75,0.12625,0.41083333333333333,27.083333333333332,26.833333333333332,26.899999999999995,27.0,0.37729166666666664,0.37041666666666667,0.3755833333333333,0.39158333333333334
2022-07-28,p,26.333333333333332,85.58333333333333,23.71666666666667,31.150000000000002,1009.1291666666666,1008.6291666666666,0.0,76.875,35.041666666666664,37.166666666666664,94.16666666666667,173.04166666666666,76.41666666666667,96.625,107.33333333333333,8.029166666666667,12.512500000000001,242.375,245.08333333333334,14.245833333333332,0.12541666666666668,0.50375,26.775000000000002,26.679166666666664,26.899999999999995,27.0,0.3950416666666667,0.39291666666666664,0.3785416666666667,0.391
2022-07-29,p,26.9375,84.79166666666667,24.141666666666666,32.24166666666667,1008.6833333333334,1008.1833333333334,0.0,62.166666666666664,25.375,31.0,77.08333333333333,187.08333333333334,110.33333333333333,76.75,157.34583333333333,6.75,10.6,250.875,255.45833333333334,15.975,0.13833333333333334,0.55375,26.758333333333336,26.5,26.833333333333332,27.0,0.3938333333333333,0.39566666666666667,0.38400000000000006,0.391
2022-07-30,p,26.166666666666668,90.25,24.420833333333334,31.275000000000002,1008.8375,1008.3375,0.0,75.08333333333333,21.75,45.333333333333336,98.0,171.25,75.70833333333333,95.54166666666667,99.53750000000001,9.283333333333333,14.320833333333333,235.08333333333334,237.41666666666666,17.345833333333335,0.12,0.3383333333333333,26.84166666666667,26.575,26.8,26.97083333333333,0.3952083333333334,0.394625,0.3872083333333334,0.391
2022-07-31,p,25.708333333333332,90.45833333333333,23.9875,30.887500000000003,1009.1999999999999,1008.6999999999999,0.0,78.16666666666667,11.583333333333334,66.79166666666667,96.58333333333333,88.29166666666667,18.125,70.16666666666667,26.337500000000002,6.554166666666667,10.200000000000001,193.79166666666666,199.66666666666666,13.375,0.06666666666666667,0.31916666666666665,26.195833333333336,26.3625,26.770833333333332,26.899999999999995,0.40054166666666674,0.40162500000000007,0.396125,0.3910833333333334
2022-08-01,p,26.650000000000002,85.75,23.90416666666667,32.19583333333333,1008.5333333333333,1008.0333333333333,0.0,75.25,13.583333333333334,65.16666666666667,98.95833333333333,160.375,77.58333333333333,82.79166666666667,92.42083333333333,4.504166666666666,6.766666666666667,107.16666666666667,111.04166666666667,12.079166666666666,0.12416666666666666,0.5399999999999999,26.787499999999998,26.233333333333334,26.7,26.899999999999995,0.3847083333333334,0.3902083333333333,0.3975,0.39200000000000007
2022-08-02,p,27.241666666666664,81.91666666666667,23.770833333333332,32.5875,1009.0791666666668,1008.5791666666668,0.0,47.458333333333336,5.291666666666667,23.583333333333332,94.95833333333333,186.41666666666666,82.5,103.91666666666667,113.62083333333334,4.804166666666666,7.554166666666667,168.79166666666666,192.0,12.691666666666668,0.14083333333333334,0.6883333333333334,27.041666666666668,26.5125,26.662499999999998,26.899999999999995,0.37675,0.38133333333333336,0.3945,0.39275
2022-08-03,p,27.1375,85.08333333333333,24.370833333333334,32.979166666666664,1009.2833333333333,1008.7833333333333,0.0,51.291666666666664,20.791666666666668,11.083333333333334,85.95833333333333,192.29166666666666,106.5,85.79166666666667,146.47916666666666,4.3625,6.295833333333333,245.33333333333334,248.54166666666666,11.916666666666666,0.13875,0.5504166666666667,26.891666666666666,26.454166666666666,26.662499999999998,26.916666666666668,0.38599999999999995,0.3830833333333334,0.39358333333333334,0.39275
2022-08-04,p,26.47083333333333,87.08333333333333,24.133333333333336,31.391666666666666,1009.2333333333332,1008.7333333333332,0.0,65.66666666666667,18.916666666666668,38.291666666666664,89.33333333333333,185.41666666666666,99.29166666666667,86.125,155.70833333333334,8.991666666666667,13.9625,244.5,248.45833333333334,17.95,0.13041666666666665,0.45458333333333334,26.954166666666666,26.525000000000002,26.69583333333333,26.899999999999995,0.3905,0.3900416666666667,0.39287500000000003,0.3924166666666667
2022-08-05,p,26.804166666666664,84.91666666666667,24.004166666666666,31.566666666666666,1009.5708333333333,1009.0708333333333,0.0,50.791666666666664,14.666666666666666,24.291666666666668,76.58333333333333,193.375,113.20833333333333,80.16666666666667,163.60833333333332,10.095833333333333,15.670833333333334,236.95833333333334,240.16666666666666,20.083333333333332,0.14208333333333334,0.5529166666666666,27.037499999999998,26.625,26.670833333333334,26.899999999999995,0.38433333333333336,0.38837499999999997,0.39187500000000003,0.39200000000000007
2022-08-06,p,27.3875,78.5,23.191666666666666,31.5625,1009.8666666666667,1009.3666666666667,0.0,58.708333333333336,10.791666666666666,39.041666666666664,84.83333333333333,204.0,126.66666666666667,77.33333333333333,170.65833333333333,10.9375,16.758333333333333,242.79166666666666,245.91666666666666,22.099999999999998,0.16125,0.8141666666666666,27.0,26.579166666666666,26.691666666666666,26.899999999999995,0.37120833333333336,0.38000000000000006,0.3900416666666667,0.39200000000000007
2022-08-07,p,27.4875,78.70833333333333,23.333333333333332,32.15833333333333,1009.7291666666666,1009.2291666666666,0.0,46.75,6.041666666666667,24.25,89.125,226.16666666666666,130.375,95.79166666666667,190.6833333333333,8.370833333333334,12.829166666666666,255.79166666666666,258.0833333333333,19.129166666666666,0.17041666666666666,0.8125,27.066666666666666,26.579166666666666,26.670833333333334,26.899999999999995,0.35908333333333337,0.370875,0.3867083333333334,0.39200000000000007
2022-08-08,p,27.683333333333334,79.70833333333333,23.820833333333336,32.449999999999996,1009.1708333333332,1008.6708333333332,0.0,55.0,18.083333333333332,40.208333333333336,49.375,223.0,158.33333333333334,64.66666666666667,223.2875,9.816666666666666,15.008333333333333,259.9583333333333,263.0416666666667,21.375,0.17041666666666666,0.7683333333333334,27.075,26.645833333333332,26.7,26.899999999999995,0.3524583333333333,0.36325,0.3837083333333333,0.39200000000000007
2022-08-09,p,27.495833333333334,83.79166666666667,24.483333333333334,32.975,1008.9833333333332,1008.4833333333332,0.0,55.416666666666664,22.5,27.75,61.583333333333336,202.04166666666666,129.04166666666666,73.0,201.60833333333335,6.820833333333333,11.1,265.1666666666667,268.8333333333333,15.104166666666666,0.14625,0.6024999999999999,26.929166666666664,26.575,26.7,26.899999999999995,0.3666666666666667,0.3670833333333334,0.3809166666666666,0.39175000000000004
2022-08-10,p,26.304166666666664,86.29166666666667,23.8,32.012499999999996,1009.5375,1009.0375,0.0,64.41666666666667,12.875,52.625,70.54166666666667,210.20833333333334,131.16666666666666,79.04166666666667,179.32916666666665,3.3499999999999996,5.754166666666666,189.66666666666666,201.33333333333334,8.891666666666667,0.15166666666666667,0.48125,26.995833333333334,26.695833333333336,26.7,26.899999999999995,0.380875,0.37825,0.37916666666666665,0.391
2022-08-11,p,27.691666666666666,82.45833333333333,24.254166666666666,33.4,1009.475,1008.975,0.0,33.625,5.416666666666667,24.833333333333332,45.833333333333336,257.4583333333333,203.16666666666666,54.291666666666664,293.45416666666665,6.166666666666667,9.620833333333334,228.41666666666666,278.75,13.924999999999999,0.19125,0.7083333333333334,27.575,27.083333333333332,26.72083333333333,26.899999999999995,0.37645833333333334,0.3829166666666666,0.379,0.391
2022-08-12,p,28.545833333333334,81.16666666666667,24.90833333333333,34.699999999999996,1009.4416666666666,1008.9416666666666,0.0,32.833333333333336,13.291666666666666,20.375,28.583333333333332,215.08333333333334,151.58333333333334,63.5,221.9958333333333,4.779166666666667,6.7250000000000005,188.125,179.16666666666666,10.9125,0.16458333333333333,0.7666666666666666,28.004166666666666,27.133333333333336,26.8,26.899999999999995,0.36391666666666667,0.371,0.374125,0.39083333333333337
2022-08-13,p,27.337500000000002,84.33333333333333,24.375,33.020833333333336,1009.4041666666667,1008.9041666666667,0.0,36.083333333333336,16.416666666666668,15.041666666666666,41.125,215.70833333333334,140.625,75.08333333333333,191.25833333333333,6.05,9.191666666666666,241.875,229.58333333333334,13.695833333333333,0.16041666666666668,0.6020833333333333,27.974999999999998,27.212500000000002,26.849999999999998,26.899999999999995,0.37154166666666666,0.37070833333333336,0.3722916666666667,0.38999999999999996
2022-08-14,p,26.770833333333332,83.25,23.59166666666667,31.795833333333334,1010.1416666666668,1009.6416666666668,0.0,54.416666666666664,10.541666666666666,30.166666666666668,88.95833333333333,188.95833333333334,99.79166666666667,89.16666666666667,149.0375,6.2250000000000005,9.341666666666667,221.25,221.5,13.362499999999999,0.13583333333333333,0.615,27.116666666666664,27.020833333333332,26.899999999999995,26.899999999999995,0.38304166666666667,0.3818333333333333,0.37200000000000005,0.38999999999999996
2022-08-15,p,27.52916666666667,83.66666666666667,24.454166666666666,33.112500000000004,1009.7791666666667,1009.2791666666667,0.0,43.0,7.708333333333333,16.958333333333332,86.125,218.04166666666666,139.45833333333334,78.58333333333333,179.47916666666666,7.166666666666667,11.237499999999999,233.33333333333334,240.5,16.55,0.15833333333333333,0.6166666666666667,27.204166666666666,26.808333333333334,26.899999999999995,26.899999999999995,0.3779166666666667,0.37804166666666666,0.3715,0.3894583333333333
2022-08-16,p,27.325,81.625,23.8625,32.42916666666667,1010.3208333333333,1009.8208333333333,0.0,54.416666666666664,10.208333333333334,26.25,98.04166666666667,154.91666666666666,51.416666666666664,103.5,74.31666666666668,6.604166666666667,10.579166666666667,234.95833333333334,253.16666666666666,14.125,0.11833333333333333,0.68125,27.02916666666667,26.787499999999998,26.899999999999995,26.899999999999995,0.375125,0.37633333333333335,0.37070833333333336,0.389
2022-08-17,p,27.141666666666666,82.5,23.837500000000002,32.670833333333334,1010.6416666666668,1010.1416666666668,0.0,43.666666666666664,15.208333333333334,28.875,42.416666666666664,178.16666666666666,99.0,79.16666666666667,137.24166666666667,3.658333333333333,6.141666666666667,186.54166666666666,186.16666666666666,10.679166666666667,0.13375,0.6529166666666667,26.979166666666668,26.59166666666667,26.858333333333334,26.899999999999995,0.3852083333333334,0.38066666666666665,0.37554166666666666,0.389
2022-08-18,p,27.020833333333332,82.0,23.579166666666666,32.21666666666667,1010.1583333333333,1009.6583333333333,0.0,39.083333333333336,18.5,19.708333333333332,35.083333333333336,214.04166666666666,137.45833333333334,76.58333333333333,199.475,5.629166666666666,8.737499999999999,237.58333333333334,269.625,13.979166666666666,0.15666666666666668,0.6804166666666666,26.920833333333334,26.616666666666664,26.816666666666666,26.899999999999995,0.38225,0.383875,0.377375,0.3882916666666667
2022-08-19,p,28.445833333333336,79.875,24.429166666666664,34.05833333333333,1009.2624999999999,1008.7624999999999,0.0,32.208333333333336,14.333333333333334,15.625,32.666666666666664,240.45833333333334,187.20833333333334,53.25,266.37916666666666,7.179166666666667,10.887500000000001,241.29166666666666,259.2916666666667,15.558333333333332,0.1875,0.8337500000000001,27.71666666666667,26.825,26.8,26.899999999999995,0.37399999999999994,0.3780833333333333,0.3764166666666667,0.38800000000000007
2022-08-20,p,27.766666666666666,81.91666666666667,24.287499999999998,32.891666666666666,1009.2708333333334,1008.7708333333334,0.0,38.166666666666664,13.5,17.583333333333332,51.416666666666664,245.45833333333334,182.95833333333334,62.5,248.4416666666667,9.979166666666666,15.508333333333333,274.2083333333333,277.25,19.166666666666668,0.18375,0.7091666666666666,27.608333333333334,27.016666666666666,26.820833333333336,26.899999999999995,0.3714583333333333,0.37329166666666663,0.37529166666666663,0.38800000000000007
2022-08-21,p,27.566666666666666,83.79166666666667,24.52916666666667,33.083333333333336,1008.9166666666666,1008.4166666666666,0.0,39.75,16.875,12.208333333333334,57.666666666666664,215.125,146.66666666666666,68.45833333333333,208.15833333333333,7.7375,11.791666666666666,256.0833333333333,260.7083333333333,14.6875,0.15916666666666665,0.6191666666666666,27.508333333333336,26.974999999999998,26.899999999999995,26.899999999999995,0.3782083333333333,0.37445833333333334,0.37604166666666666,0.3874583333333333
2022-08-22,p,26.2625,88.16666666666667,24.15833333333333,31.212500000000002,1009.8000000000001,1009.3000000000001,0.0,65.79166666666667,26.166666666666668,24.708333333333332,90.95833333333333,192.5,109.54166666666667,82.95833333333333,147.625,9.633333333333333,14.424999999999999,247.66666666666666,249.83333333333334,18.454166666666666,0.13416666666666668,0.41041666666666665,26.912499999999998,26.754166666666666,26.899999999999995,26.899999999999995,0.38725000000000004,0.38166666666666665,0.3760833333333333,0.387
2022-08-23,p,27.1125,83.5,24.008333333333336,31.6125,1009.4666666666667,1008.9666666666667,0.0,52.083333333333336,14.916666666666666,23.083333333333332,83.0,217.0,132.29166666666666,84.70833333333333,186.9958333333333,12.170833333333334,18.491666666666667,245.29166666666666,247.91666666666666,22.833333333333332,0.16291666666666665,0.62,27.308333333333334,26.8,26.8125,26.899999999999995,0.376875,0.3814583333333333,0.3777916666666667,0.387
2022-08-24,p,26.916666666666668,84.83333333333333,24.099999999999998,31.729166666666668,1009.5083333333333,1009.0083333333333,0.0,55.291666666666664,20.291666666666668,21.75,82.45833333333333,206.04166666666666,121.75,84.29166666666667,170.0625,10.195833333333333,15.483333333333334,266.7083333333333,268.0416666666667,20.3875,0.1525,0.5583333333333333,27.333333333333332,26.84166666666667,26.808333333333334,26.899999999999995,0.381375,0.37720833333333337,0.37720833333333337,0.387
2022-08-25,p,26.383333333333336,87.75,24.166666666666668,32.020833333333336,1009.5708333333333,1009.0708333333333,0.0,62.583333333333336,34.916666666666664,13.666666666666666,92.29166666666667,175.83333333333334,91.5,84.33333333333333,121.3125,4.729166666666667,7.433333333333334,260.6666666666667,266.4166666666667,11.466666666666667,0.12833333333333333,0.43291666666666667,27.0625,26.675,26.808333333333334,26.899999999999995,0.3984166666666667,0.3957916666666667,0.3802916666666667,0.387
2022-08-26,p,26.849999999999998,86.0,24.28333333333333,32.61666666666667,1008.8625000000001,1008.3625000000001,0.0,67.95833333333333,42.458333333333336,15.041666666666666,80.20833333333333,170.5,69.625,100.875,102.95416666666667,4.275,6.7375,208.66666666666666,216.16666666666666,11.2875,0.1275,0.5104166666666666,27.0625,26.625,26.8,26.899999999999995,0.3942916666666667,0.3955,0.386125,0.38604166666666667
2022-08-27,p,26.1375,87.33333333333333,23.825,31.537499999999998,1008.7875,1008.2875,0.0,70.08333333333333,18.416666666666668,41.833333333333336,96.0,158.54166666666666,48.25,110.29166666666667,65.11666666666666,4.529166666666667,7.366666666666667,271.4166666666667,273.8333333333333,14.129166666666668,0.11791666666666667,0.44875,26.666666666666668,26.441666666666666,26.8,26.899999999999995,0.3910416666666667,0.39245833333333335,0.387,0.386625
2022-08-28,p,26.3125,87.70833333333333,24.099999999999998,31.541666666666668,1008.5625,1008.0625,0.0,71.0,15.875,52.708333333333336,86.54166666666667,136.54166666666666,45.083333333333336,91.45833333333333,67.35000000000001,6.758333333333333,11.058333333333332,238.08333333333334,243.54166666666666,15.345833333333333,0.10125,0.43333333333333335,26.662499999999998,26.316666666666666,26.704166666666666,26.899999999999995,0.39491666666666664,0.3954166666666667,0.389,0.387
2022-08-29,p,26.316666666666666,87.33333333333333,24.0125,31.666666666666668,1008.8958333333334,1008.3958333333334,0.0,68.875,41.333333333333336,14.0,86.5,199.125,106.79166666666667,92.33333333333333,143.79583333333332,6.229166666666667,9.9125,243.20833333333334,245.83333333333334,11.6625,0.13916666666666666,0.4458333333333333,27.141666666666666,26.46666666666667,26.7,26.899999999999995,0.39766666666666667,0.3990833333333334,0.3942083333333333,0.387
2022-08-30,p,25.65416666666667,90.20833333333333,23.912499999999998,31.099999999999998,1008.9958333333334,1008.4958333333334,0.0,78.33333333333333,31.0,44.666666666666664,98.08333333333333,152.875,51.041666666666664,101.83333333333333,77.80416666666666,4.454166666666667,7.216666666666666,225.20833333333334,237.08333333333334,12.916666666666666,0.10875,0.3308333333333333,26.52916666666667,26.391666666666666,26.650000000000002,26.899999999999995,0.3955,0.4012083333333334,0.39479166666666665,0.3877916666666667
2022-09-01,p,27.4875,85.0,24.6125,33.19166666666667,1009.1291666666666,1008.6291666666666,0.0,47.791666666666664,27.791666666666668,11.583333333333334,54.25,253.875,195.04166666666666,58.833333333333336,263.3625,7.575,11.220833333333333,236.375,251.54166666666666,16.349999999999998,0.18583333333333332,0.5895833333333333,27.474999999999998,26.454166666666666,26.587500000000002,26.899999999999995,0.37833333333333335,0.3862083333333333,0.3990416666666667,0.39279166666666665
2022-09-02,p,27.241666666666664,85.54166666666667,24.558333333333334,32.52916666666667,1009.3416666666667,1008.8416666666667,0.0,57.458333333333336,33.208333333333336,20.458333333333332,62.75,210.45833333333334,122.5,87.95833333333333,173.15,8.829166666666667,13.825000000000001,257.625,260.0833333333333,17.729166666666668,0.14958333333333332,0.5399999999999999,27.287499999999998,26.704166666666666,26.600000000000005,26.899999999999995,0.38525000000000004,0.38608333333333333,0.39529166666666665,0.393
2022-09-03,p,26.945833333333336,87.75,24.71666666666667,32.770833333333336,1009.0500000000001,1008.5500000000001,0.0,73.66666666666667,26.083333333333332,36.75,98.54166666666667,201.41666666666666,98.16666666666667,103.25,127.55416666666667,6.366666666666667,10.054166666666667,260.125,263.4583333333333,12.65,0.14583333333333334,0.44875,27.400000000000002,26.758333333333336,26.608333333333334,26.8875,0.38679166666666664,0.3874166666666667,0.39362500000000006,0.393
2022-09-04,p,26.7375,89.08333333333333,24.758333333333336,32.32083333333333,1009.7416666666667,1009.2416666666667,0.0,86.625,45.666666666666664,47.0,99.33333333333333,156.08333333333334,51.625,104.45833333333333,72.75833333333334,7.229166666666667,10.991666666666667,234.54166666666666,237.83333333333334,15.379166666666668,0.11541666666666667,0.39625,27.075,26.666666666666668,26.7,26.8,0.39454166666666673,0.3937083333333333,0.3890416666666667,0.393
2022-09-05,p,25.354166666666668,89.95833333333333,23.5625,30.058333333333334,1011.3291666666668,1010.8291666666668,0.0,92.79166666666667,19.25,92.41666666666667,100.0,44.75,2.625,42.125,3.2916666666666665,8.083333333333334,13.4625,209.08333333333334,210.95833333333334,14.625,0.043750000000000004,0.33083333333333337,25.825,26.104166666666668,26.641666666666666,26.8,0.402125,0.40208333333333335,0.39770833333333333,0.3934166666666667
2022-09-06,p,27.316666666666666,82.04166666666667,23.875,32.4,1010.4208333333332,1009.9208333333332,0.0,61.583333333333336,13.708333333333334,32.5,99.25,190.875,77.66666666666667,113.20833333333333,111.27083333333333,6.891666666666667,10.5875,165.91666666666666,153.875,14.424999999999999,0.14791666666666667,0.6945833333333332,26.666666666666668,25.991666666666664,26.52916666666667,26.8,0.38558333333333333,0.3917916666666667,0.40066666666666667,0.39495833333333336
2022-09-07,p,27.6875,81.0,24.054166666666664,33.375,1010.6708333333332,1010.1708333333332,0.0,67.83333333333333,7.291666666666667,65.125,75.75,196.375,98.0,98.375,129.99166666666667,4.1375,6.433333333333334,182.79166666666666,200.33333333333334,11.120833333333332,0.14833333333333334,0.725,26.995833333333334,26.491666666666664,26.5,26.8,0.37362500000000004,0.38154166666666667,0.39716666666666667,0.3959166666666667
2022-09-08,p,27.073913043478264,87.26086956521739,24.708695652173912,33.2304347826087,1011.1565217391304,1010.6565217391304,0.0,64.91304347826087,20.217391304347824,46.26086956521739,64.52173913043478,229.52173913043478,144.0,85.52173913043478,199.89565217391305,4.0260869565217385,5.552173913043478,244.17391304347825,250.2173913043478,11.334782608695651,0.1656521739130435,0.4747826086956522,27.282608695652176,26.660869565217393,26.52173913043478,26.8,0.37352173913043474,0.3739130434782609,0.39243478260869563,0.39560869565217394
2022-09-09,p,26.2,87.29166666666667,23.870833333333334,31.325,1012.1916666666666,1011.6916666666666,0.0,73.75,29.708333333333332,54.041666666666664,98.29166666666667,166.33333333333334,81.08333333333333,85.25,111.05833333333334,6.820833333333333,10.558333333333334,198.04166666666666,199.91666666666666,12.933333333333332,0.1225,0.4504166666666667,26.8,26.6125,26.600000000000005,26.8,0.39175000000000004,0.38483333333333336,0.38833333333333336,0.395
2022-09-10,p,26.666666666666668,85.0,23.84166666666667,31.979166666666668,1011.2666666666668,1010.7666666666668,0.0,45.958333333333336,1.375,24.708333333333332,99.70833333333333,129.79166666666666,26.333333333333332,103.45833333333333,31.929166666666664,5.1,8.3125,164.58333333333334,196.25,11.504166666666668,0.10083333333333333,0.5520833333333334,26.474999999999998,26.166666666666668,26.55416666666667,26.8,0.3897083333333333,0.3920416666666667,0.38800000000000007,0.395
2022-09-11,p,26.295833333333334,89.04166666666667,24.287499999999998,31.979166666666668,1010.8208333333333,1010.3208333333333,0.0,68.04166666666667,29.833333333333332,19.125,99.25,158.66666666666666,50.708333333333336,107.95833333333333,64.30833333333334,4.4625,6.633333333333333,181.70833333333334,179.5,11.475,0.11625,0.38875,26.5625,26.15416666666667,26.5,26.8,0.3875,0.38962500000000005,0.38716666666666666,0.395
2022-09-12,p,27.125,86.0,24.474999999999998,33.108333333333334,1009.725,1009.225,0.0,39.5,23.416666666666668,13.125,42.458333333333336,250.41666666666666,178.875,71.54166666666667,241.59583333333333,5.283333333333333,7.25,235.25,235.45833333333334,11.674999999999999,0.18166666666666667,0.5395833333333333,27.3,26.55,26.5,26.8,0.377,0.38479166666666664,0.38762500000000005,0.395
2022-09-13,p,26.400000000000002,87.08333333333333,24.041666666666668,31.40833333333333,1011.5083333333333,1011.0083333333333,0.0,58.75,25.791666666666668,36.416666666666664,49.375,168.08333333333334,77.20833333333333,90.875,118.64583333333333,7.983333333333333,11.983333333333334,247.83333333333334,253.54166666666666,15.970833333333333,0.12291666666666667,0.4566666666666667,26.5125,26.458333333333332,26.5,26.8,0.38958333333333334,0.38775000000000004,0.3862083333333333,0.3944166666666667
2022-09-14,p,26.570833333333336,85.04166666666667,23.791666666666668,31.46666666666667,1012.3125,1011.8125,0.0,66.45833333333333,7.666666666666667,56.333333333333336,85.70833333333333,140.08333333333334,52.791666666666664,87.29166666666667,79.99166666666666,7.820833333333333,12.258333333333333,219.70833333333334,222.79166666666666,17.0625,0.11041666666666666,0.5408333333333334,26.349999999999998,26.233333333333334,26.5,26.8,0.392625,0.39516666666666667,0.3872083333333334,0.39399999999999996
2022-09-15,p,26.587500000000002,85.45833333333333,23.920833333333334,31.416666666666668,1010.8208333333333,1010.3208333333333,0.0,56.875,14.333333333333334,24.958333333333332,96.58333333333333,201.58333333333334,104.16666666666667,97.41666666666667,131.81666666666666,9.466666666666667,14.166666666666666,224.125,231.70833333333334,20.379166666666666,0.1425,0.5191666666666667,26.537499999999998,26.275000000000002,26.5,26.8,0.38729166666666665,0.3897916666666667,0.38837499999999997,0.39399999999999996
2022-09-16,p,26.870833333333334,85.20833333333333,24.141666666666666,31.916666666666668,1010.15,1009.65,0.0,58.958333333333336,29.125,9.5,90.125,225.25,130.0,95.25,174.84583333333333,9.225,13.970833333333333,242.29166666666666,247.91666666666666,18.145833333333332,0.16166666666666665,0.53875,27.087500000000002,26.520833333333332,26.508333333333336,26.8,0.3825,0.385875,0.38679166666666664,0.39399999999999996
2022-09-17,p,27.7,82.41666666666667,24.34583333333333,33.21666666666667,1010.1333333333333,1009.6333333333333,0.0,50.083333333333336,17.958333333333332,7.083333333333333,98.79166666666667,229.0,142.45833333333334,86.54166666666667,184.90416666666667,7.091666666666666,10.512500000000001,272.8333333333333,277.0833333333333,15.129166666666668,0.16958333333333334,0.6841666666666666,27.4875,26.8,26.600000000000005,26.8,0.38504166666666667,0.38725000000000004,0.38566666666666666,0.39358333333333334
2022-09-18,p,28.0625,84.29166666666667,25.058333333333334,34.21666666666667,1010.0416666666666,1009.5416666666666,0.0,38.458333333333336,10.541666666666666,14.791666666666666,66.70833333333333,232.29166666666666,154.875,77.41666666666667,191.22083333333333,6.445833333333333,9.833333333333334,252.83333333333334,262.3333333333333,13.8375,0.17375,0.6266666666666666,27.829166666666666,26.9375,26.600000000000005,26.8,0.3710833333333334,0.3785416666666667,0.384125,0.393
2022-09-19,p,27.224999999999998,85.95833333333333,24.65416666666667,32.93333333333333,1010.2583333333333,1009.7583333333333,0.0,51.333333333333336,18.583333333333332,19.791666666666668,77.29166666666667,204.79166666666666,107.41666666666667,97.375,151.67083333333332,6.279166666666666,9.679166666666667,244.91666666666666,249.5,13.420833333333334,0.14833333333333334,0.5175,27.400000000000002,26.875,26.637500000000003,26.8,0.3765833333333333,0.37070833333333336,0.37575000000000003,0.393
2022-09-20,p,25.958333333333332,88.83333333333333,23.912499999999998,31.054166666666664,1010.7333333333332,1010.2333333333332,0.0,66.29166666666667,23.833333333333332,37.583333333333336,84.83333333333333,171.04166666666666,84.625,86.41666666666667,110.47916666666667,7.166666666666667,11.020833333333334,221.75,224.70833333333334,16.466666666666665,0.12291666666666667,0.38625,26.733333333333334,26.575,26.7,26.7625,0.39083333333333337,0.38725000000000004,0.37366666666666665,0.39254166666666673
2022-09-21,p,27.287499999999998,82.5,23.895833333333332,32.8125,1010.5333333333333,1010.0333333333333,0.0,70.45833333333333,15.25,46.5,96.75,236.375,141.5,94.875,181.09166666666667,5.55,8.516666666666667,238.66666666666666,237.08333333333334,11.362499999999999,0.1725,0.6775000000000001,27.349999999999998,26.766666666666666,26.691666666666666,26.712500000000002,0.3838333333333333,0.38566666666666666,0.3755,0.39200000000000007
2022-09-22,p,27.333333333333332,82.95833333333333,24.15833333333333,32.86666666666667,1009.975,1009.475,0.0,38.958333333333336,10.666666666666666,12.166666666666666,73.70833333333333,217.5,119.08333333333333,98.41666666666667,165.43333333333334,5.954166666666667,9.129166666666666,272.9166666666667,281.2083333333333,13.754166666666668,0.16,0.6383333333333333,27.079166666666666,26.84583333333333,26.7,26.729166666666668,0.3830833333333334,0.3814166666666667,0.3777083333333333,0.39200000000000007
2022-09-23,p,28.066666666666666,82.91666666666667,24.795833333333334,34.329166666666666,1009.025,1008.525,0.0,40.416666666666664,11.916666666666666,11.083333333333334,76.70833333333333,264.7916666666667,201.45833333333334,63.333333333333336,270.43333333333334,5.195833333333334,8.154166666666667,241.375,247.20833333333334,13.016666666666666,0.19458333333333333,0.6791666666666667,27.90833333333333,27.054166666666664,26.729166666666668,26.770833333333332,0.37474999999999997,0.3789166666666666,0.3790833333333334,0.3910416666666667
2022-09-24,p,26.020833333333332,88.04166666666667,23.8625,31.045833333333334,1009.6083333333332,1009.1083333333332,0.0,72.20833333333333,24.333333333333332,49.875,93.95833333333333,182.25,93.79166666666667,88.45833333333333,120.3875,7.404166666666666,11.1875,226.20833333333334,227.33333333333334,15.479166666666666,0.13041666666666665,0.41208333333333336,27.0,27.045833333333334,26.8,26.7,0.3960000000000001,0.39291666666666664,0.3802083333333333,0.391
2022-09-25,p,27.433333333333334,80.875,23.729166666666668,32.56666666666667,1009.0875,1008.5875,0.0,38.583333333333336,1.3333333333333333,26.083333333333332,72.08333333333333,254.41666666666666,185.5,68.91666666666667,240.60833333333332,8.0875,12.029166666666667,250.08333333333334,251.25,16.8875,0.18916666666666668,0.7425,27.40833333333333,26.78333333333333,26.8,26.729166666666668,0.3878333333333333,0.3934166666666667,0.38533333333333336,0.391
2022-09-26,p,27.854166666666668,82.54166666666667,24.5125,33.020833333333336,1008.9083333333333,1008.4083333333333,0.0,43.541666666666664,10.458333333333334,16.083333333333332,82.0,239.0,170.0,69.0,221.00833333333333,10.708333333333334,16.495833333333334,249.08333333333334,251.0,22.829166666666666,0.18166666666666667,0.6820833333333334,27.675,26.991666666666664,26.80416666666667,26.8,0.37445833333333334,0.381875,0.38529166666666664,0.391
2022-09-27,p,27.97083333333333,83.20833333333333,24.795833333333334,33.475,1008.1125000000001,1007.6125000000001,0.0,43.625,13.125,14.375,77.66666666666667,242.66666666666666,153.83333333333334,88.83333333333333,218.64583333333334,9.258333333333333,14.308333333333332,259.1666666666667,260.7083333333333,18.491666666666667,0.17625,0.6541666666666667,27.620833333333334,27.020833333333332,26.854166666666668,26.8,0.3629583333333333,0.372125,0.38358333333333333,0.390125
2022-09-28,p,28.6875,79.0,24.620833333333334,34.6625,1007.2208333333333,1006.7208333333333,0.0,48.875,14.666666666666666,25.708333333333332,67.5,255.75,183.41666666666666,72.33333333333333,234.5375,6.266666666666667,9.299999999999999,226.83333333333334,287.2083333333333,13.5875,0.18999999999999997,0.8483333333333333,27.72083333333333,26.991666666666664,26.8875,26.8,0.3515,0.3642083333333333,0.38129166666666664,0.38999999999999996
2022-09-29,p,26.695833333333336,86.875,24.28333333333333,31.858333333333334,1008.6958333333333,1008.1958333333333,0.0,58.916666666666664,21.083333333333332,23.166666666666668,90.33333333333333,188.54166666666666,76.20833333333333,112.33333333333333,105.54166666666667,8.275,12.887500000000001,70.625,67.79166666666667,17.604166666666668,0.13416666666666668,0.47625,27.291666666666668,27.025000000000002,26.899999999999995,26.8,0.36145833333333327,0.360875,0.37920833333333337,0.38999999999999996
2022-09-30,p,27.97083333333333,81.66666666666667,24.379166666666666,33.025,1009.2375000000001,1008.7375000000001,0.0,40.0,8.416666666666666,23.375,61.708333333333336,222.54166666666666,130.20833333333334,92.33333333333333,184.61666666666667,10.179166666666665,15.9625,50.166666666666664,48.958333333333336,22.5625,0.17416666666666666,0.7445833333333334,27.766666666666666,27.133333333333336,26.899999999999995,26.8,0.35270833333333335,0.35962500000000003,0.37683333333333335,0.3897083333333333
2022-10-01,p,27.141666666666666,84.91666666666667,24.337500000000002,32.4,1009.3916666666668,1008.8916666666668,0.0,51.0,14.291666666666666,18.458333333333332,89.875,182.95833333333334,77.16666666666667,105.79166666666667,106.97500000000001,8.016666666666667,12.270833333333334,220.125,224.70833333333334,19.095833333333335,0.13416666666666668,0.5575,27.333333333333332,27.145833333333332,26.933333333333334,26.8,0.3622083333333333,0.35804166666666665,0.37474999999999997,0.389
2022-10-02,p,27.083333333333332,86.25,24.537499999999998,32.80833333333333,1008.4125,1007.9125,0.0,46.791666666666664,6.166666666666667,20.666666666666668,96.0,197.83333333333334,110.625,87.20833333333333,147.0625,5.9125000000000005,8.6,168.54166666666666,208.04166666666666,12.541666666666666,0.14333333333333334,0.5141666666666667,27.337500000000002,26.941666666666666,26.920833333333334,26.8,0.3579583333333333,0.3609583333333333,0.3735,0.389
2022-10-03,p,26.329166666666666,87.95833333333333,24.108333333333334,31.920833333333334,1008.8791666666666,1008.3791666666666,0.0,73.95833333333333,30.041666666666668,35.458333333333336,98.29166666666667,187.5,88.5,99.0,105.45,5.3374999999999995,8.1625,241.25,246.625,12.975,0.135,0.4366666666666667,27.129166666666666,26.866666666666664,26.899999999999995,26.8,0.3878333333333333,0.37966666666666665,0.3734583333333333,0.38883333333333336
2022-10-04,p,27.379166666666666,84.33333333333333,24.47083333333333,33.15833333333333,1009.1708333333332,1008.6708333333332,0.0,55.375,15.333333333333334,24.083333333333332,90.45833333333333,175.79166666666666,97.41666666666667,78.375,135.54999999999998,4.6499999999999995,6.7124999999999995,255.0,263.2916666666667,11.470833333333333,0.12666666666666668,0.5858333333333333,27.191666666666666,26.708333333333332,26.899999999999995,26.8,0.3873333333333333,0.38575000000000004,0.36941666666666667,0.38800000000000007
2022-10-05,p,26.3625,89.125,24.40416666666667,32.30833333333333,1009.8083333333334,1009.3083333333334,0.0,75.625,21.791666666666668,53.416666666666664,96.125,151.54166666666666,57.458333333333336,94.08333333333333,85.99583333333334,3.4125,4.9875,189.16666666666666,188.5,11.924999999999999,0.10875,0.38166666666666665,26.583333333333332,26.462500000000002,26.837500000000002,26.8,0.3975,0.3915,0.372125,0.38800000000000007
2022-10-06,p,26.27916666666667,86.625,23.8625,31.729166666666668,1009.8125,1009.3125,0.0,74.54166666666667,29.25,36.583333333333336,97.91666666666667,148.66666666666666,38.208333333333336,110.45833333333333,45.05416666666667,4.325,6.533333333333334,194.54166666666666,193.20833333333334,13.691666666666668,0.11125,0.46541666666666665,26.708333333333332,26.55,26.8,26.8,0.39770833333333333,0.3990833333333334,0.3825,0.38800000000000007
2022-10-07,p,27.8,82.54166666666667,24.441666666666666,33.80833333333333,1009.0208333333334,1008.5208333333334,0.0,45.166666666666664,8.541666666666666,17.208333333333332,90.08333333333333,253.66666666666666,185.16666666666666,68.5,242.11666666666667,5.091666666666667,8.125,253.0,258.125,13.216666666666667,0.18499999999999997,0.6887500000000001,27.520833333333332,26.837500000000002,26.8,26.8,0.380625,0.3867083333333334,0.3852083333333334,0.38800000000000007
2022-10-08,p,26.4375,88.29166666666667,24.308333333333334,31.929166666666664,1009.4125,1008.9125,0.0,54.083333333333336,16.75,26.791666666666668,76.20833333333333,193.45833333333334,113.75,79.70833333333333,151.82916666666668,6.554166666666667,10.145833333333334,238.0,242.70833333333334,14.924999999999999,0.13666666666666666,0.41583333333333333,27.099999999999998,26.90416666666667,26.8,26.8,0.39645833333333336,0.3934166666666667,0.3867083333333334,0.3879166666666667
2022-10-09,p,25.870833333333334,90.375,24.1375,31.445833333333336,1010.4666666666667,1009.9666666666667,0.0,80.79166666666667,17.541666666666668,62.875,99.95833333333333,75.0,8.5,66.5,14.833333333333334,4.425,6.816666666666666,159.25,166.54166666666666,11.770833333333334,0.05958333333333333,0.3275,26.370833333333334,26.458333333333332,26.8,26.8,0.4000416666666667,0.4017916666666667,0.3981666666666667,0.38825
2022-10-10,p,26.795833333333334,87.41666666666667,24.45,32.375,1010.7666666666668,1010.2666666666668,0.0,73.125,9.041666666666666,66.75,99.33333333333333,106.0,22.583333333333332,83.41666666666667,28.65416666666667,5.866666666666667,8.908333333333333,214.5,218.33333333333334,10.133333333333333,0.085,0.4683333333333333,26.46666666666667,26.083333333333332,26.704166666666666,26.8,0.40137500000000004,0.40245833333333336,0.4028333333333334,0.3905
2022-10-11,p,26.1875,89.29166666666667,24.287499999999998,31.5625,1010.5333333333333,1010.0333333333333,0.0,90.08333333333333,7.416666666666667,92.16666666666667,98.0,70.91666666666667,8.25,62.666666666666664,11.35,6.4375,10.795833333333334,225.91666666666666,229.41666666666666,10.679166666666667,0.05958333333333333,0.36791666666666667,26.125,25.920833333333334,26.604166666666668,26.8,0.4025,0.4032083333333334,0.4034166666666667,0.39358333333333334
2022-10-12,p,27.15416666666667,85.08333333333333,24.325,32.416666666666664,1009.7916666666666,1009.2916666666666,0.0,44.25,7.583333333333333,36.0,52.708333333333336,129.79166666666666,41.416666666666664,88.375,62.07083333333333,7.5249999999999995,12.066666666666668,233.41666666666666,237.125,16.537499999999998,0.10541666666666666,0.5729166666666666,26.412499999999998,25.891666666666666,26.5,26.8,0.399125,0.4013333333333334,0.4047083333333334,0.3981666666666667
2022-10-13,p,27.2375,83.91666666666667,24.224999999999998,32.262499999999996,1009.1208333333334,1008.6208333333334,0.0,59.333333333333336,7.916666666666667,40.291666666666664,93.20833333333333,198.33333333333334,85.66666666666667,112.66666666666667,115.37083333333334,9.4,15.0625,226.75,228.54166666666666,21.245833333333334,0.14583333333333334,0.6004166666666667,27.099999999999998,26.40833333333333,26.5,26.8,0.39254166666666673,0.3954583333333333,0.40116666666666667,0.4000000000000001
2022-10-14,p,27.791666666666668,82.66666666666667,24.474999999999998,33.4125,1007.8958333333334,1007.3958333333334,0.0,43.041666666666664,5.333333333333333,24.041666666666668,79.16666666666667,215.0,126.20833333333333,88.79166666666667,164.9625,7.125,11.200000000000001,247.875,251.0,15.945833333333333,0.16083333333333333,0.6783333333333333,27.479166666666668,26.770833333333332,26.5125,26.8,0.38083333333333336,0.38633333333333336,0.39729166666666665,0.4000000000000001
2022-10-15,p,27.2375,85.625,24.5625,32.983333333333334,1008.3041666666667,1007.8041666666667,0.0,46.041666666666664,14.666666666666666,18.166666666666668,76.54166666666667,239.33333333333334,166.70833333333334,72.625,220.9125,6.854166666666667,10.85,241.29166666666666,247.66666666666666,15.258333333333333,0.1708333333333333,0.5379166666666667,27.787499999999998,27.079166666666666,26.604166666666668,26.8,0.3785,0.3805,0.39275,0.3994166666666667
2022-10-16,p,27.5,84.625,24.620833333333334,33.145833333333336,1009.6,1009.1,0.0,48.583333333333336,13.125,15.041666666666666,92.20833333333333,232.41666666666666,147.5,84.91666666666667,203.42499999999998,7.3999999999999995,11.758333333333333,250.41666666666666,253.375,16.029166666666665,0.1679166666666667,0.5879166666666666,27.775000000000002,27.183333333333334,26.7,26.8,0.38475,0.38683333333333336,0.3897083333333333,0.399
2022-10-17,p,27.295833333333334,85.75,24.633333333333336,33.045833333333334,1009.4916666666667,1008.9916666666667,0.0,50.583333333333336,12.041666666666666,22.083333333333332,88.125,213.83333333333334,135.70833333333334,78.125,183.7458333333333,6.4125000000000005,10.020833333333334,231.125,237.20833333333334,15.054166666666667,0.1575,0.5433333333333333,27.78333333333333,27.191666666666666,26.745833333333334,26.770833333333332,0.387125,0.3854166666666667,0.3875,0.3986666666666667
2022-10-18,p,26.991666666666664,86.91666666666667,24.558333333333334,32.9625,1009.0208333333334,1008.5208333333334,0.0,54.833333333333336,18.166666666666668,15.75,96.66666666666667,199.375,89.70833333333333,109.66666666666667,119.20833333333333,4.625,7.375,211.08333333333334,200.875,12.854166666666666,0.14791666666666667,0.49333333333333335,27.775000000000002,27.2,26.8,26.7,0.39758333333333334,0.3983333333333334,0.3877083333333333,0.39799999999999996
2022-10-19,p,26.962500000000002,87.5,24.679166666666664,33.06666666666667,1010.0541666666667,1009.5541666666667,0.0,85.08333333333333,10.25,79.20833333333333,96.95833333333333,162.04166666666666,54.875,107.16666666666667,82.35,3.4791666666666665,5.833333333333333,126.58333333333333,132.66666666666666,10.5375,0.11958333333333333,0.4583333333333333,27.429166666666664,27.150000000000002,26.862499999999997,26.7,0.396625,0.39845833333333336,0.3924166666666667,0.39799999999999996
2022-10-20,p,28.141666666666666,82.41666666666667,24.708333333333332,34.391666666666666,1010.1791666666667,1009.6791666666667,0.0,68.54166666666667,12.333333333333334,47.583333333333336,96.58333333333333,205.625,122.58333333333333,83.04166666666667,166.75,3.4875000000000003,5.233333333333333,122.91666666666667,146.66666666666666,9.016666666666667,0.15583333333333332,0.71875,27.6375,27.016666666666666,26.899999999999995,26.729166666666668,0.3867083333333334,0.39158333333333334,0.39200000000000007,0.39799999999999996
2022-10-21,p,27.09583333333333,87.83333333333333,24.8625,33.25416666666667,1010.8416666666667,1010.3416666666667,0.0,46.708333333333336,9.458333333333334,23.333333333333332,80.33333333333333,215.75,109.375,106.375,156.61666666666667,4.6499999999999995,6.9624999999999995,184.875,183.08333333333334,13.887500000000001,0.15333333333333335,0.45458333333333334,27.7,27.191666666666666,26.899999999999995,26.8,0.3907083333333334,0.38595833333333335,0.3833333333333333,0.39729166666666665
2022-10-22,p,26.15833333333333,88.45833333333333,24.05,31.866666666666664,1011.4,1010.9,0.0,70.08333333333333,14.916666666666666,47.125,97.375,196.83333333333334,102.54166666666667,94.29166666666667,134.48333333333332,4.175,5.825,185.95833333333334,190.625,12.545833333333334,0.14166666666666666,0.4091666666666667,27.21666666666667,27.066666666666666,26.912499999999998,26.770833333333332,0.39033333333333337,0.3905,0.3804166666666667,0.397
2022-10-23,p,27.879166666666666,81.70833333333333,24.295833333333334,33.90833333333333,1009.7083333333334,1009.2083333333334,0.0,46.25,20.875,12.5,68.125,282.4583333333333,233.95833333333334,48.5,307.52916666666664,5.283333333333333,7.879166666666666,237.66666666666666,240.29166666666666,13.679166666666667,0.20708333333333337,0.74625,27.962500000000002,27.22083333333333,26.929166666666664,26.729166666666668,0.37975000000000003,0.38645833333333335,0.3797916666666667,0.39633333333333337
2022-10-24,p,27.329166666666666,84.58333333333333,24.412499999999998,32.92916666666667,1009.7375000000001,1009.2375000000001,0.0,58.333333333333336,13.125,28.5,98.125,193.125,100.875,92.25,139.07916666666668,5.679166666666667,9.141666666666667,206.33333333333334,208.125,16.033333333333335,0.14208333333333334,0.5908333333333333,27.620833333333334,27.333333333333332,27.0,26.8,0.389875,0.38558333333333333,0.3785,0.3960000000000001
2022-10-25,p,27.391666666666666,84.95833333333333,24.570833333333336,33.141666666666666,1009.775,1009.275,0.0,56.958333333333336,16.208333333333332,22.375,96.25,229.45833333333334,151.70833333333334,77.75,210.71666666666667,6.554166666666667,10.695833333333333,213.875,215.95833333333334,16.329166666666666,0.16666666666666666,0.5720833333333334,27.854166666666668,27.3875,27.020833333333332,26.8,0.3798333333333333,0.3833333333333333,0.377,0.3950416666666667
2022-10-26,p,27.270833333333332,84.08333333333333,24.254166666666666,32.512499999999996,1009.5791666666668,1009.0791666666668,0.0,67.79166666666667,13.25,43.208333333333336,99.5,197.29166666666666,84.95833333333333,112.33333333333333,106.3625,8.241666666666667,13.2875,208.33333333333334,209.375,17.266666666666666,0.15125,0.6058333333333333,27.670833333333334,27.34583333333333,27.100000000000005,26.8,0.38120833333333337,0.38000000000000006,0.3755,0.39491666666666664
2022-10-27,p,27.02916666666667,83.66666666666667,23.925,32.199999999999996,1008.6208333333334,1008.1208333333334,0.0,71.08333333333333,3.875,62.791666666666664,99.45833333333333,145.58333333333334,29.208333333333332,116.375,41.229166666666664,6.308333333333334,10.0375,217.83333333333334,220.04166666666666,14.341666666666667,0.11166666666666668,0.6091666666666667,27.287499999999998,27.099999999999998,27.100000000000005,26.8,0.38175000000000003,0.3847083333333334,0.375375,0.39399999999999996
2022-10-28,p,26.8625,85.25,24.075,32.108333333333334,1007.5166666666668,1007.0166666666668,0.0,53.75,8.041666666666666,28.291666666666668,99.125,252.33333333333334,181.70833333333334,70.625,234.725,8.483333333333333,13.383333333333333,238.75,240.79166666666666,18.120833333333334,0.17666666666666667,0.5525,27.391666666666666,27.03333333333333,27.05416666666667,26.8,0.38133333333333336,0.37870833333333337,0.3745416666666667,0.3938333333333333
2022-10-29,p,27.71666666666667,81.83333333333333,24.1875,32.93333333333333,1007.3541666666666,1006.8541666666666,0.0,48.0,8.541666666666666,17.541666666666668,99.08333333333333,241.875,153.70833333333334,88.16666666666667,202.9958333333333,8.9,13.945833333333333,244.25,245.95833333333334,18.820833333333333,0.18208333333333335,0.7179166666666666,27.795833333333334,27.329166666666666,27.09166666666667,26.8,0.37279166666666663,0.3778333333333333,0.3735,0.393
2022-10-30,p,28.59583333333333,80.66666666666667,24.833333333333332,33.824999999999996,1007.4708333333333,1006.9708333333333,0.0,49.583333333333336,7.208333333333333,22.583333333333332,98.625,256.9166666666667,178.125,78.79166666666667,227.58749999999998,12.0375,18.537499999999998,261.25,262.5416666666667,24.087500000000002,0.19958333333333333,0.7912499999999999,28.27916666666667,27.558333333333334,27.100000000000005,26.8,0.35512499999999997,0.367375,0.3714166666666667,0.39266666666666666
2022-10-31,p,28.758333333333336,80.95833333333333,25.104166666666668,34.487500000000004,1008.0375,1007.5375,0.0,44.833333333333336,7.833333333333333,18.583333333333332,88.41666666666667,254.20833333333334,174.20833333333334,80.0,240.41666666666666,9.6,14.883333333333333,261.7083333333333,264.2083333333333,19.945833333333333,0.19291666666666665,0.77625,28.491666666666664,27.758333333333336,27.166666666666668,26.8,0.3433333333333333,0.3578333333333333,0.368875,0.39200000000000007
2022-11-01,p,27.6875,85.33333333333333,24.933333333333334,33.68333333333333,1009.1666666666666,1008.6666666666666,0.0,53.125,12.166666666666666,23.833333333333332,92.45833333333333,197.83333333333334,117.79166666666667,80.04166666666667,168.32500000000002,5.454166666666667,8.570833333333333,226.83333333333334,230.41666666666666,14.35,0.1475,0.5625,28.125,27.629166666666666,27.3,26.8,0.34108333333333335,0.35108333333333336,0.3665416666666667,0.3914583333333333
2022-11-02,p,27.079166666666666,87.875,24.858333333333334,33.25,1009.9208333333332,1009.4208333333332,0.0,52.958333333333336,14.083333333333334,24.291666666666668,85.66666666666667,184.54166666666666,93.125,91.41666666666667,134.4,3.9458333333333333,6.358333333333333,174.45833333333334,189.16666666666666,12.549999999999999,0.13583333333333333,0.45333333333333337,27.662499999999998,27.320833333333336,27.3,26.829166666666666,0.37875,0.3627916666666666,0.363,0.391
2022-11-03,p,27.733333333333334,85.79166666666667,25.041666666666668,34.15833333333333,1009.6750000000001,1009.1750000000001,0.0,41.166666666666664,8.916666666666666,16.083333333333332,77.79166666666667,240.125,167.41666666666666,72.70833333333333,233.42916666666667,4.2749999999999995,6.8500000000000005,157.04166666666666,154.29166666666666,10.5875,0.17958333333333334,0.5720833333333334,28.258333333333336,27.445833333333336,27.28333333333333,26.899999999999995,0.377125,0.37633333333333335,0.36754166666666666,0.39025
2022-11-05,p,27.516666666666666,83.95833333333333,24.483333333333334,33.50833333333333,1011.25,1010.75,0.0,54.458333333333336,16.625,18.208333333333332,95.33333333333333,225.08333333333334,142.125,82.95833333333333,190.77916666666667,4.791666666666667,7.433333333333334,260.2916666666667,258.7083333333333,10.695833333333333,0.16458333333333333,0.6208333333333333,27.71666666666667,27.21666666666667,27.233333333333334,26.899999999999995,0.39087500000000003,0.39329166666666665,0.37399999999999994,0.3895416666666667
2022-11-06,p,26.791666666666668,87.04166666666667,24.445833333333336,32.604166666666664,1010.9041666666667,1010.4041666666667,0.0,65.79166666666667,25.625,23.041666666666668,98.875,180.08333333333334,85.79166666666667,94.29166666666667,106.15416666666665,4.9624999999999995,7.383333333333333,209.83333333333334,215.83333333333334,14.241666666666667,0.13333333333333333,0.4695833333333333,27.391666666666666,27.083333333333332,27.208333333333332,26.899999999999995,0.4030833333333333,0.39758333333333334,0.38437499999999997,0.389
2022-11-07,p,27.366666666666664,84.875,24.516666666666666,32.699999999999996,1010.8041666666667,1010.3041666666667,0.0,75.25,19.375,55.5,99.33333333333333,169.08333333333334,74.75,94.33333333333333,102.18333333333334,7.970833333333334,12.108333333333334,221.41666666666666,222.41666666666666,18.349999999999998,0.13166666666666665,0.5745833333333333,27.400000000000002,26.941666666666666,27.2,26.899999999999995,0.3977916666666667,0.40008333333333335,0.39487500000000003,0.3892083333333334
2022-11-08,p,27.775000000000002,80.79166666666667,24.05,32.737500000000004,1009.9583333333334,1009.4583333333334,0.0,57.416666666666664,7.916666666666667,36.0,95.41666666666667,192.04166666666666,100.125,91.91666666666667,153.82916666666665,8.520833333333334,13.245833333333332,239.41666666666666,241.33333333333334,17.349999999999998,0.14875,0.7487499999999999,27.625,26.991666666666664,27.108333333333334,26.899999999999995,0.38458333333333333,0.38916666666666666,0.39475,0.38999999999999996
2022-11-09,p,27.558333333333334,83.16666666666667,24.383333333333336,32.97083333333333,1010.0041666666666,1009.5041666666666,0.0,52.875,9.875,23.458333333333332,99.58333333333333,171.125,56.625,114.5,75.2375,6.9624999999999995,10.908333333333333,245.45833333333334,247.45833333333334,14.670833333333334,0.1325,0.6454166666666666,27.483333333333334,27.0125,27.100000000000005,26.899999999999995,0.3942916666666667,0.39975,0.390625,0.38999999999999996
2022-11-10,p,27.1125,86.83333333333333,24.670833333333334,33.15833333333333,1009.3708333333334,1008.8708333333334,0.0,53.75,15.083333333333334,17.666666666666668,98.375,186.91666666666666,76.91666666666667,110.0,107.38333333333333,3.891666666666666,6.033333333333334,236.29166666666666,239.875,10.6875,0.13833333333333334,0.49541666666666667,27.5,27.020833333333332,27.100000000000005,26.899999999999995,0.3897916666666667,0.3958333333333333,0.3859166666666667,0.38999999999999996
2022-11-11,p,27.837500000000002,83.91666666666667,24.77916666666667,34.03333333333333,1008.5625,1008.0625,0.0,46.291666666666664,8.041666666666666,20.708333333333332,88.625,217.25,142.20833333333334,75.04166666666667,191.3125,4.25,6.466666666666666,221.95833333333334,238.04166666666666,10.845833333333333,0.1625,0.63625,27.941666666666666,27.2625,27.100000000000005,26.899999999999995,0.37825,0.3825,0.38445833333333335,0.38999999999999996
2022-11-12,p,27.287499999999998,86.75,24.829166666666666,33.42916666666667,1008.5208333333334,1008.0208333333334,0.0,45.958333333333336,11.75,24.541666666666668,68.45833333333333,186.33333333333334,101.91666666666667,84.41666666666667,132.225,4.308333333333334,6.320833333333333,165.625,166.41666666666666,11.674999999999999,0.13749999999999998,0.5075,27.59166666666667,27.166666666666668,27.100000000000005,26.899999999999995,0.3944166666666667,0.3902083333333333,0.3894583333333333,0.38999999999999996
2022-11-13,p,27.5625,84.20833333333333,24.545833333333334,33.50833333333333,1008.5124999999999,1008.0124999999999,0.0,57.458333333333336,23.333333333333332,15.708333333333334,91.125,224.45833333333334,131.83333333333334,92.625,180.28333333333333,5.041666666666667,7.579166666666667,87.5,81.83333333333333,13.079166666666666,0.16583333333333333,0.6245833333333334,27.8875,27.162499999999998,27.100000000000005,26.899999999999995,0.40279166666666666,0.4008333333333334,0.40229166666666666,0.3904166666666667
2022-11-14,p,27.462500000000002,85.125,24.679166666666664,33.57083333333333,1008.5708333333333,1008.0708333333333,0.0,59.0,20.833333333333332,24.333333333333332,89.875,207.58333333333334,127.29166666666667,80.29166666666667,186.29583333333335,3.7875,5.175,176.375,194.54166666666666,12.4125,0.15458333333333332,0.5783333333333334,28.129166666666666,27.325,27.100000000000005,26.899999999999995,0.39929166666666666,0.40825,0.40129166666666666,0.39279166666666665
2022-11-15,p,26.808333333333334,85.79166666666667,24.195833333333336,32.454166666666666,1008.9416666666666,1008.4416666666666,0.0,86.20833333333333,8.75,81.33333333333333,100.0,154.0,44.041666666666664,109.95833333333333,52.50416666666666,4.645833333333333,6.279166666666666,163.45833333333334,168.33333333333334,11.179166666666667,0.11625,0.52,27.40416666666667,27.195833333333336,27.100000000000005,26.899999999999995,0.40125000000000005,0.40116666666666667,0.403,0.396625
2022-11-16,p,27.420833333333334,83.79166666666667,24.383333333333336,33.09166666666667,1008.4583333333334,1007.9583333333334,0.0,75.16666666666667,5.625,67.33333333333333,99.25,179.79166666666666,91.41666666666667,88.375,121.66250000000001,5.783333333333334,8.75,217.79166666666666,220.75,16.216666666666665,0.13458333333333333,0.6216666666666667,27.383333333333336,27.008333333333336,27.100000000000005,26.929166666666664,0.39575000000000005,0.3986666666666667,0.4028333333333334,0.3994166666666667
2022-11-17,p,27.433333333333334,85.125,24.645833333333332,33.225,1007.6541666666667,1007.1541666666667,0.0,66.41666666666667,17.083333333333332,36.875,96.91666666666667,212.875,125.75,87.125,168.59166666666667,6.420833333333333,9.6125,244.54166666666666,250.91666666666666,18.058333333333334,0.15625,0.5679166666666667,27.683333333333334,27.179166666666664,27.100000000000005,27.0,0.3870416666666667,0.38837499999999997,0.39875,0.4000000000000001
2022-11-18,p,26.620833333333334,86.75,24.224999999999998,31.34166666666667,1008.6333333333333,1008.1333333333333,0.0,85.75,17.083333333333332,76.75,99.875,82.83333333333333,12.583333333333334,70.25,21.358333333333334,10.608333333333333,16.599999999999998,229.0,230.625,23.7375,0.07333333333333333,0.4695833333333333,26.71666666666667,26.90833333333333,27.100000000000005,27.0,0.3999166666666667,0.40079166666666666,0.39958333333333335,0.4000416666666667
2022-11-19,p,27.15416666666667,79.75,23.295833333333334,31.954166666666666,1008.2291666666666,1007.7291666666666,0.0,62.208333333333336,1.9166666666666667,51.041666666666664,99.5,200.375,82.375,118.0,101.90833333333335,7.641666666666667,11.808333333333332,227.08333333333334,231.75,19.212500000000002,0.15208333333333332,0.7487499999999999,27.025000000000002,26.733333333333334,27.02916666666667,27.0,0.38116666666666665,0.38929166666666665,0.39929166666666666,0.4000000000000001
2022-11-20,p,28.058333333333334,80.625,24.337500000000002,33.65,1007.4125,1006.9125,0.0,47.916666666666664,6.541666666666667,22.083333333333332,95.54166666666667,221.54166666666666,137.45833333333334,84.08333333333333,179.21666666666667,6.770833333333333,10.6,227.54166666666666,233.54166666666666,15.929166666666667,0.165,0.7579166666666667,27.683333333333334,27.05,27.0,27.0,0.3794166666666667,0.38275,0.3955416666666667,0.4000000000000001
2022-11-21,p,27.537499999999998,87.5,25.22083333333333,33.954166666666666,1008.4833333333332,1007.9833333333332,0.0,65.16666666666667,13.291666666666666,39.958333333333336,99.66666666666667,149.375,31.875,117.5,42.7875,3.533333333333333,5.520833333333333,200.79166666666666,203.95833333333334,13.954166666666666,0.11458333333333333,0.48041666666666666,27.462500000000002,27.066666666666666,27.0,27.0,0.39575000000000005,0.39366666666666666,0.395,0.4000000000000001
2022-11-22,p,27.641666666666666,83.33333333333333,24.45,33.49166666666667,1008.8458333333333,1008.3458333333333,0.0,66.54166666666667,17.5,44.25,96.29166666666667,186.54166666666666,97.41666666666667,89.125,131.98333333333332,4.541666666666667,6.745833333333334,178.875,176.125,12.366666666666667,0.14333333333333334,0.64875,27.77916666666667,27.141666666666666,27.0,27.0,0.3935,0.3972083333333334,0.39487500000000003,0.3998333333333333
2022-11-23,p,27.583333333333332,83.66666666666667,24.4875,33.67916666666667,1009.4208333333332,1008.9208333333332,0.0,43.916666666666664,7.625,14.5,94.41666666666667,261.5416666666667,198.125,63.416666666666664,272.2333333333333,5.229166666666667,7.983333333333333,131.625,126.375,14.216666666666667,0.19333333333333333,0.6370833333333333,27.945833333333336,27.508333333333336,27.037499999999998,27.0,0.39258333333333334,0.3894166666666667,0.393125,0.399
2022-11-24,p,26.670833333333334,87.54166666666667,24.40833333333333,32.291666666666664,1010.7541666666666,1010.2541666666666,0.0,70.375,11.625,55.458333333333336,88.66666666666667,182.58333333333334,87.20833333333333,95.375,118.45833333333333,5.854166666666667,8.383333333333333,145.08333333333334,143.75,12.875,0.13166666666666668,0.45416666666666666,27.329166666666666,27.3625,27.100000000000005,27.0,0.3997916666666667,0.4010833333333334,0.39575000000000005,0.399
2022-11-25,p,27.125,85.5,24.379166666666666,33.137499999999996,1011.0,1010.5,0.0,65.25,22.166666666666668,48.833333333333336,70.04166666666667,222.29166666666666,149.125,73.16666666666667,208.07916666666665,3.8333333333333335,5.3500000000000005,165.70833333333334,181.29166666666666,9.9,0.16041666666666668,0.5508333333333334,27.8875,27.308333333333334,27.11666666666667,27.0,0.393,0.3950833333333334,0.39716666666666667,0.399
2022-11-27,p,26.95,84.5,24.0625,32.795833333333334,1009.4333333333334,1008.9333333333334,0.0,53.041666666666664,18.375,23.291666666666668,74.875,239.20833333333334,168.41666666666666,70.79166666666667,237.125,4.195833333333334,5.995833333333334,141.91666666666666,146.79166666666666,12.362499999999999,0.17125,0.5745833333333333,27.679166666666664,27.287499999999998,27.137500000000003,26.933333333333334,0.39125000000000004,0.39529166666666665,0.3805416666666667,0.39808333333333334
2022-11-28,p,27.6125,82.75,24.295833333333334,33.44583333333333,1008.7916666666666,1008.2916666666666,0.0,45.458333333333336,13.0,19.541666666666668,73.41666666666667,241.20833333333334,177.875,63.333333333333336,256.80833333333334,5.129166666666666,7.766666666666667,107.95833333333333,103.95833333333333,14.720833333333333,0.17708333333333334,0.67875,28.041666666666668,27.416666666666668,27.2,27.0,0.38866666666666666,0.391125,0.37975000000000003,0.39758333333333334
2022-11-29,p,26.254166666666666,87.95833333333333,24.066666666666666,31.90416666666667,1008.9166666666666,1008.4166666666666,0.0,49.041666666666664,12.125,20.375,86.33333333333333,179.0,81.16666666666667,97.83333333333333,120.40833333333335,3.8874999999999997,5.458333333333333,187.83333333333334,193.08333333333334,10.929166666666667,0.12875,0.42875,27.358333333333334,27.2625,27.2,27.0,0.4018333333333333,0.39970833333333333,0.3877083333333333,0.397
2022-11-30,p,27.175,84.5,24.208333333333332,33.108333333333334,1008.2375000000001,1007.7375000000001,0.0,54.791666666666664,23.875,15.916666666666666,80.875,231.625,159.91666666666666,71.70833333333333,218.3708333333333,3.9375,6.141666666666667,189.875,197.79166666666666,11.958333333333334,0.1691666666666667,0.6004166666666667,27.808333333333334,27.316666666666666,27.2,27.0,0.3930833333333334,0.396375,0.3897916666666667,0.397
2022-12-01,p,26.741666666666664,87.625,24.474999999999998,32.675000000000004,1007.4125,1006.9125,0.0,65.95833333333333,15.75,37.916666666666664,96.70833333333333,185.95833333333334,73.08333333333333,112.875,99.075,3.891666666666667,6.0625,207.29166666666666,206.08333333333334,13.566666666666668,0.13541666666666666,0.45375000000000004,27.729166666666668,27.333333333333332,27.2,27.0,0.4018333333333333,0.40129166666666666,0.3964166666666667,0.39679166666666665
2022-12-02,p,27.23913043478261,85.43478260869566,24.530434782608697,33.19130434782608,1006.9260869565217,1006.4260869565217,0.0,54.869565217391305,21.608695652173914,20.17391304347826,88.52173913043478,148.17391304347825,46.91304347826087,101.26086956521739,68.9391304347826,3.782608695652174,5.156521739130435,161.1304347826087,153.91304347826087,12.669565217391304,0.11217391304347826,0.552608695652174,27.434782608695652,27.082608695652173,27.2,27.0,0.38830434782608697,0.3935217391304348,0.3991739130434783,0.397
2022-12-03,p,26.770833333333332,86.29166666666667,24.21666666666667,32.608333333333334,1007.6875,1007.1875,0.0,65.58333333333333,25.5,25.75,96.08333333333333,164.58333333333334,59.208333333333336,105.375,80.775,3.2583333333333333,4.125,173.20833333333334,176.66666666666666,12.883333333333333,0.12416666666666666,0.5079166666666667,27.4875,26.929166666666664,27.15416666666667,27.0,0.3980416666666667,0.40420833333333334,0.401,0.39729166666666665
2022-12-04,p,27.254166666666666,85.75,24.599999999999998,33.13333333333333,1008.275,1007.775,0.0,47.791666666666664,11.75,16.833333333333332,93.75,180.83333333333334,73.625,107.20833333333333,106.0125,4.675,7.391666666666667,84.625,84.95833333333333,12.908333333333333,0.13583333333333333,0.5491666666666667,27.53333333333333,27.0125,27.100000000000005,27.0,0.39483333333333337,0.40458333333333335,0.39995833333333336,0.3994583333333333
2022-12-05,p,27.016666666666666,85.41666666666667,24.329166666666666,32.93333333333333,1008.6625,1008.1625,0.0,64.54166666666667,32.625,20.583333333333332,90.75,203.91666666666666,116.16666666666667,87.75,158.67916666666667,4.183333333333334,6.441666666666666,143.41666666666666,169.83333333333334,14.237499999999999,0.1525,0.5433333333333333,27.712500000000002,27.05,27.100000000000005,27.0,0.39808333333333334,0.39970833333333333,0.402375,0.4001666666666667
2022-12-06,p,27.329166666666666,84.83333333333333,24.47083333333333,33.233333333333334,1007.9166666666666,1007.4166666666666,0.0,53.583333333333336,18.458333333333332,14.458333333333334,94.625,207.79166666666666,145.95833333333334,61.833333333333336,219.85833333333335,4.370833333333333,6.270833333333333,245.125,252.375,11.216666666666667,0.15291666666666667,0.5808333333333333,27.891666666666666,27.145833333333332,27.100000000000005,27.0,0.38933333333333336,0.38962500000000005,0.40079166666666666,0.40079166666666666
2022-12-07,p,26.920833333333334,85.95833333333333,24.34583333333333,32.708333333333336,1007.8791666666666,1007.3791666666666,0.0,61.375,22.791666666666668,26.375,97.33333333333333,163.16666666666666,63.791666666666664,99.375,101.01666666666667,4.0,5.354166666666667,203.375,209.08333333333334,13.183333333333332,0.11833333333333333,0.5045833333333333,27.27916666666667,27.058333333333334,27.100000000000005,27.0,0.3965,0.3970416666666667,0.39666666666666667,0.40008333333333335
2022-12-08,p,27.754166666666666,83.625,24.662499999999998,34.0375,1007.975,1007.475,0.0,67.20833333333333,19.583333333333332,52.916666666666664,61.5,208.0,144.79166666666666,63.208333333333336,206.525,2.795833333333333,4.2749999999999995,230.54166666666666,241.75,12.012500000000001,0.1525,0.6320833333333333,27.608333333333334,26.925,27.100000000000005,27.0,0.3892083333333334,0.3922916666666667,0.3950833333333334,0.4000000000000001
2022-12-09,p,28.508333333333336,78.41666666666667,24.25,33.958333333333336,1007.3874999999999,1006.8874999999999,0.0,50.583333333333336,5.166666666666667,37.541666666666664,78.08333333333333,260.625,212.29166666666666,48.333333333333336,305.90416666666664,7.954166666666667,12.716666666666667,242.75,247.66666666666666,17.308333333333334,0.19875,0.87875,27.833333333333332,27.2,27.100000000000005,27.02916666666667,0.3755833333333333,0.383375,0.392125,0.4000000000000001
2022-12-10,p,28.65416666666667,78.0,24.358333333333334,34.11666666666667,1008.0708333333333,1007.5708333333333,0.0,46.541666666666664,7.458333333333333,30.375,72.08333333333333,244.20833333333334,191.79166666666666,52.416666666666664,277.1708333333333,7.879166666666666,12.470833333333333,234.625,239.75,18.166666666666668,0.18833333333333335,0.8916666666666666,27.983333333333334,27.358333333333334,27.104166666666668,27.070833333333336,0.361,0.37245833333333334,0.3878333333333333,0.399125
2022-12-11,p,28.120833333333334,81.75,24.645833333333332,34.291666666666664,1008.3208333333333,1007.8208333333333,0.0,47.791666666666664,9.166666666666666,18.208333333333332,95.16666666666667,235.08333333333334,162.79166666666666,72.29166666666667,229.77916666666667,4.3875,6.925,238.20833333333334,253.70833333333334,13.004166666666668,0.17166666666666666,0.7120833333333333,27.8625,27.433333333333334,27.170833333333334,27.0,0.3537083333333333,0.3640833333333333,0.38295833333333335,0.3986666666666667
2022-12-12,p,28.162499999999998,81.04166666666667,24.516666666666666,34.025,1008.3458333333333,1007.8458333333333,0.0,48.541666666666664,10.833333333333334,22.25,84.83333333333333,210.54166666666666,125.16666666666667,85.375,196.74583333333337,4.7625,7.7875000000000005,197.66666666666666,196.75,13.283333333333333,0.15958333333333333,0.7512500000000001,28.02916666666667,27.47083333333333,27.2,27.0,0.35712499999999997,0.35904166666666665,0.37825,0.39799999999999996
2022-12-13,p,26.079166666666666,90.16666666666667,24.291666666666668,31.71666666666667,1009.3708333333334,1008.8708333333334,0.0,69.08333333333333,19.041666666666668,44.083333333333336,96.41666666666667,153.625,56.875,96.75,73.37083333333332,5.395833333333333,8.204166666666667,122.91666666666667,121.20833333333333,13.195833333333333,0.11083333333333334,0.34625,27.270833333333332,27.229166666666668,27.2,27.0,0.39854166666666674,0.3950416666666667,0.38033333333333336,0.39716666666666667
2022-12-14,p,26.3875,88.66666666666667,24.3625,32.074999999999996,1009.3666666666667,1008.8666666666667,0.0,89.54166666666667,7.208333333333333,89.29166666666667,99.70833333333333,139.79166666666666,42.666666666666664,97.125,58.38333333333333,4.733333333333333,7.279166666666666,81.375,75.375,12.308333333333332,0.10458333333333335,0.39625,26.95,26.837500000000002,27.170833333333334,27.0,0.40025,0.39937500000000004,0.3870833333333334,0.397
2022-12-15,p,27.208333333333332,85.5,24.420833333333334,33.24583333333333,1007.5833333333334,1007.0875,0.0,68.5,19.625,37.75,96.5,226.08333333333334,154.20833333333334,71.875,214.5666666666667,4.179166666666666,5.920833333333333,194.58333333333334,192.33333333333334,10.429166666666665,0.1679166666666667,0.5683333333333334,27.75,27.0125,27.100000000000005,27.0,0.39825,0.4000416666666667,0.3917916666666667,0.397
2022-12-16,p,27.125,84.20833333333333,24.145833333333332,32.612500000000004,1007.2375000000001,1006.7375000000001,0.0,78.375,21.208333333333332,63.958333333333336,95.125,179.25,96.625,82.625,128.72083333333333,5.95,9.391666666666667,185.04166666666666,184.58333333333334,14.179166666666667,0.1366666666666667,0.6016666666666667,27.650000000000002,27.099999999999998,27.100000000000005,27.0,0.39608333333333334,0.39625,0.3859166666666667,0.396625
2022-12-17,p,27.233333333333334,84.04166666666667,24.224999999999998,32.86666666666667,1007.8791666666666,1007.3791666666666,0.0,84.79166666666667,8.416666666666666,78.91666666666667,99.875,158.66666666666666,39.5,119.16666666666667,61.47083333333333,4.433333333333334,7.0375000000000005,131.45833333333334,136.29166666666666,11.908333333333333,0.11916666666666666,0.6004166666666667,27.358333333333334,27.004166666666666,27.100000000000005,27.0,0.39333333333333337,0.3946666666666667,0.389125,0.3960000000000001
2022-12-18,p,26.695833333333336,84.08333333333333,23.695833333333336,32.25,1006.8791666666666,1006.3791666666666,0.0,69.70833333333333,15.083333333333334,45.291666666666664,96.375,179.625,95.75,83.875,117.55,3.8958333333333335,5.558333333333334,177.33333333333334,172.20833333333334,11.700000000000001,0.13541666666666666,0.5812499999999999,27.400000000000002,26.9375,27.100000000000005,27.0,0.39729166666666665,0.3957916666666667,0.3894583333333333,0.3960000000000001
2022-12-19,p,27.491666666666664,83.5,24.333333333333332,33.50416666666667,1006.1833333333334,1005.6833333333334,0.0,54.125,11.125,24.208333333333332,98.125,227.08333333333334,141.66666666666666,85.41666666666667,186.64166666666665,4.083333333333333,6.133333333333333,218.95833333333334,216.66666666666666,13.950000000000001,0.17,0.65,27.708333333333332,27.083333333333332,27.05416666666667,27.0,0.38999999999999996,0.3934583333333333,0.3902083333333333,0.3960000000000001
2022-12-20,p,27.78333333333333,82.0,24.329166666666666,33.49583333333333,1006.2208333333333,1005.7208333333333,0.0,56.291666666666664,17.083333333333332,23.416666666666668,89.29166666666667,225.79166666666666,145.875,79.91666666666667,206.5583333333333,5.7625,9.220833333333333,212.75,209.875,14.745833333333332,0.16874999999999998,0.7091666666666666,27.8125,27.229166666666668,27.083333333333332,27.0,0.38354166666666667,0.388625,0.38891666666666663,0.3960000000000001
2022-12-21,p,28.162499999999998,81.66666666666667,24.625,34.1625,1005.65,1005.15,0.0,56.083333333333336,14.333333333333334,31.833333333333332,80.08333333333333,221.25,139.125,82.125,194.1,5.045833333333333,8.4125,200.08333333333334,197.625,13.716666666666667,0.16708333333333333,0.7370833333333334,28.070833333333336,27.333333333333332,27.100000000000005,27.0,0.38008333333333333,0.38225,0.38683333333333336,0.395
2022-12-22,p,28.12608695652174,82.1304347826087,24.686956521739127,33.643478260869564,1005.2347826086957,1004.7434782608696,0.0,54.73913043478261,15.608695652173912,21.652173913043477,92.56521739130434,208.69565217391303,98.78260869565217,109.91304347826087,146.4913043478261,7.8,12.643478260869566,230.47826086956522,230.91304347826087,20.56086956521739,0.16217391304347825,0.717391304347826,28.104347826086954,27.38695652173913,27.12608695652174,27.0,0.3826086956521739,0.38556521739130434,0.3855217391304348,0.395
2021-08-02,lh,26.2625,87.16666666666667,23.858333333333334,34.0625,1009.9291666666667,1011.6291666666666,0.0,42.5,1.875,23.25,89.54166666666667,217.70833333333334,132.54166666666666,85.16666666666667,183.84583333333333,4.1000000000000005,5.3125,206.83333333333334,207.875,12.237499999999999,0.17500000000000002,0.4741666666666667,26.84583333333333,26.962500000000002,27.0,26.7,0.41354166666666664,0.39695833333333336,0.38854166666666673,0.42854166666666665
2021-08-03,lh,26.695833333333336,84.5,23.724999999999998,34.458333333333336,1010.6374999999999,1012.3375,0.0,38.333333333333336,7.583333333333333,9.666666666666666,85.33333333333333,245.29166666666666,162.91666666666666,82.375,218.21666666666667,5.254166666666666,6.6499999999999995,188.08333333333334,184.75,13.016666666666666,0.19999999999999998,0.5912499999999999,27.154166666666665,26.991666666666664,26.979166666666668,26.7,0.40604166666666663,0.39762500000000006,0.3875416666666667,0.428
2021-08-04,lh,26.741666666666664,84.20833333333333,23.712500000000002,33.75416666666667,1011.0875,1012.7875,0.0,38.875,4.25,13.083333333333334,90.375,259.4166666666667,183.625,75.79166666666667,244.84166666666667,5.229166666666667,6.8875,141.75,134.16666666666666,15.125,0.2075,0.6025,27.2375,27.1375,27.0,26.7,0.40491666666666665,0.39691666666666664,0.38595833333333335,0.4279583333333333
2021-08-05,lh,26.933333333333334,82.45833333333333,23.537499999999998,34.71666666666667,1010.4291666666667,1012.1291666666666,0.0,41.625,4.458333333333333,15.25,94.79166666666667,256.0416666666667,188.125,67.91666666666667,244.10833333333335,5.041666666666667,6.6125,128.70833333333334,122.16666666666667,14.304166666666667,0.20666666666666667,0.6833333333333332,27.337500000000002,27.2,27.0,26.78333333333333,0.39595833333333336,0.4028333333333333,0.3845416666666667,0.427
2021-08-06,lh,27.020833333333332,81.83333333333333,23.4875,35.0,1010.0666666666666,1011.7666666666668,0.0,33.291666666666664,7.916666666666667,11.916666666666666,63.25,264.3333333333333,208.75,55.583333333333336,288.19166666666666,5.05,6.6125,140.54166666666666,138.54166666666666,14.841666666666667,0.21375,0.7066666666666667,27.320833333333336,27.245833333333334,27.0,26.8,0.38458333333333333,0.39254166666666673,0.383,0.427
2021-08-07,lh,26.775000000000002,84.20833333333333,23.766666666666666,34.675000000000004,1010.8208333333333,1012.5208333333334,0.0,39.0,11.583333333333334,11.291666666666666,72.66666666666667,267.9583333333333,204.16666666666666,63.791666666666664,277.72499999999997,3.7624999999999997,5.045833333333333,199.66666666666666,186.625,13.116666666666667,0.20791666666666667,0.5983333333333333,27.429166666666664,27.295833333333334,27.008333333333336,26.8,0.3865,0.38425,0.381,0.4262083333333333
2021-08-08,lh,26.508333333333336,85.08333333333333,23.758333333333336,34.15,1011.2916666666666,1012.9916666666667,0.0,45.25,11.416666666666666,13.25,89.95833333333333,201.66666666666666,95.5,106.16666666666667,126.90833333333335,3.8791666666666664,5.05,200.20833333333334,204.25,12.479166666666666,0.16041666666666668,0.53875,27.0125,27.191666666666666,27.045833333333334,26.8,0.39425,0.3815,0.3794583333333333,0.426
2021-08-09,lh,26.429166666666664,85.91666666666667,23.808333333333334,34.020833333333336,1010.0875,1011.7875,0.0,34.416666666666664,3.6666666666666665,10.291666666666666,82.70833333333333,257.9166666666667,189.75,68.16666666666667,260.57916666666665,6.391666666666667,8.3375,278.4583333333333,279.5,15.566666666666668,0.21333333333333335,0.51625,27.15416666666667,27.066666666666666,27.016666666666666,26.8,0.3980416666666667,0.3841666666666667,0.37766666666666665,0.4255
2021-08-10,lh,25.587500000000002,91.33333333333333,24.054166666666664,32.800000000000004,1009.3666666666667,1011.0666666666666,0.0,65.29166666666667,13.291666666666666,44.833333333333336,98.58333333333333,178.91666666666666,80.0,98.91666666666667,111.15833333333335,7.2124999999999995,9.8375,260.4583333333333,265.8333333333333,18.420833333333334,0.15,0.29541666666666666,26.458333333333332,26.854166666666668,27.0,26.8,0.42120833333333335,0.4004166666666667,0.377,0.425
2021-08-11,lh,25.608333333333334,88.0,23.379166666666666,32.579166666666666,1010.4,1012.1,0.0,75.625,5.833333333333333,70.66666666666667,97.54166666666667,138.25,42.916666666666664,95.33333333333333,51.925000000000004,5.758333333333333,8.029166666666667,212.125,211.20833333333334,13.075000000000001,0.1125,0.4254166666666667,26.570833333333336,26.65416666666667,27.0,26.8,0.42533333333333334,0.42687499999999995,0.3819166666666667,0.425
2021-08-12,lh,25.712500000000002,88.95833333333333,23.666666666666668,32.62083333333333,1011.4625,1013.1625,0.0,62.166666666666664,8.416666666666666,46.875,87.83333333333333,214.95833333333334,129.58333333333334,85.375,164.9125,7.125,10.066666666666666,180.16666666666666,179.41666666666666,15.637500000000001,0.1679166666666667,0.39458333333333334,26.441666666666666,26.55,26.904166666666665,26.8,0.43616666666666665,0.4307916666666667,0.38633333333333336,0.4242916666666667
2021-08-13,lh,25.833333333333332,89.95833333333333,23.995833333333334,33.108333333333334,1010.3125,1012.0124999999999,0.0,62.666666666666664,12.25,43.333333333333336,85.625,232.20833333333334,155.25,76.95833333333333,204.47083333333333,5.445833333333333,7.625,186.66666666666666,185.75,13.533333333333333,0.1775,0.35708333333333336,26.7625,26.72083333333333,26.899999999999995,26.8,0.439125,0.4411666666666667,0.39266666666666666,0.424
2021-08-14,lh,26.291666666666668,89.16666666666667,24.333333333333332,33.4375,1009.1708333333332,1010.8708333333334,0.0,57.541666666666664,5.875,37.25,99.41666666666667,201.04166666666666,102.83333333333333,98.20833333333333,151.34583333333333,5.454166666666667,7.808333333333334,193.54166666666666,196.16666666666666,14.429166666666667,0.15583333333333335,0.38666666666666666,26.733333333333334,26.75,26.837500000000002,26.8,0.43025,0.4383333333333333,0.4014166666666667,0.424
2021-08-15,lh,25.691666666666666,90.70833333333333,24.041666666666668,32.75416666666667,1009.9333333333334,1011.6333333333333,0.0,68.58333333333333,18.583333333333332,38.625,99.70833333333333,164.08333333333334,47.166666666666664,116.91666666666667,67.57916666666667,3.891666666666667,4.504166666666666,173.125,174.79166666666666,11.933333333333332,0.12166666666666666,0.31583333333333335,26.566666666666666,26.712500000000002,26.8,26.8,0.438625,0.441625,0.4076666666666667,0.424
2021-08-16,lh,24.316666666666666,96.70833333333333,23.7625,31.058333333333334,1012.8625000000001,1014.5625,0.0,95.41666666666667,58.0,82.58333333333333,99.58333333333333,50.333333333333336,3.9583333333333335,46.375,6.420833333333333,3.4166666666666665,4.379166666666666,159.16666666666666,160.875,13.116666666666667,0.041666666666666664,0.09958333333333334,25.320833333333336,26.116666666666664,26.78333333333333,26.8,0.45087499999999997,0.4531666666666667,0.44454166666666667,0.4255
2021-08-17,lh,25.133333333333336,84.75,22.204166666666666,31.3875,1012.1374999999999,1013.8375,0.0,58.875,2.6666666666666665,52.083333333333336,84.125,174.41666666666666,101.125,73.29166666666667,145.72083333333333,5.795833333333333,7.449999999999999,262.5416666666667,267.9166666666667,13.275,0.13375,0.5320833333333334,25.337500000000002,25.587500000000002,26.641666666666666,26.8,0.43529166666666663,0.44208333333333333,0.4559166666666667,0.43045833333333333
2021-08-18,lh,25.0,84.20833333333333,22.125,30.041666666666668,1011.2416666666667,1012.9416666666666,0.0,69.70833333333333,1.7916666666666667,63.75,99.83333333333333,62.75,1.3333333333333333,61.416666666666664,1.9416666666666664,6.533333333333334,10.012500000000001,248.25,262.2083333333333,12.875,0.05541666666666667,0.5045833333333333,24.775000000000002,25.441666666666666,26.508333333333336,26.8,0.422,0.4254166666666666,0.45133333333333336,0.43370833333333336
2021-08-19,lh,24.59583333333333,89.125,22.662499999999998,30.383333333333336,1010.2541666666666,1011.9541666666668,0.0,60.708333333333336,2.125,49.875,96.08333333333333,93.58333333333333,10.166666666666666,83.41666666666667,13.095833333333333,5.2124999999999995,7.333333333333333,214.95833333333334,208.41666666666666,11.016666666666666,0.0775,0.34375,24.620833333333334,25.0625,26.34166666666667,26.8,0.4302083333333333,0.4247916666666667,0.447125,0.43487499999999996
2021-08-20,lh,25.0,90.29166666666667,23.241666666666664,31.375,1010.2583333333333,1011.9583333333334,0.0,64.0,6.916666666666667,47.375,98.54166666666667,171.83333333333334,51.875,119.95833333333333,70.97083333333333,3.608333333333333,4.795833333333333,234.70833333333334,228.66666666666666,11.995833333333332,0.12833333333333333,0.32625,25.379166666666666,25.34166666666667,26.212500000000002,26.8,0.4370833333333333,0.43575,0.4442916666666667,0.43570833333333336
2021-08-21,lh,24.52916666666667,92.95833333333333,23.27916666666667,31.420833333333334,1010.6041666666666,1012.3041666666667,0.0,67.625,8.291666666666666,53.458333333333336,93.33333333333333,200.375,120.25,80.125,152.59166666666667,5.304166666666666,7.5125,205.375,203.41666666666666,12.725,0.14958333333333332,0.235,25.400000000000002,25.545833333333334,26.125,26.770833333333332,0.4443333333333333,0.449,0.45412500000000006,0.43733333333333335
2021-08-22,lh,24.3625,93.66666666666667,23.229166666666668,30.695833333333336,1011.0416666666666,1012.7416666666667,0.0,72.54166666666667,9.166666666666666,59.833333333333336,94.70833333333333,100.54166666666667,9.5,91.04166666666667,13.429166666666667,5.779166666666666,8.154166666666667,258.7916666666667,249.0,11.129166666666668,0.07833333333333334,0.20916666666666664,25.27916666666667,25.55,26.100000000000005,26.7,0.4467083333333333,0.4379583333333333,0.454875,0.441375
2021-08-23,lh,25.016666666666666,89.375,23.066666666666666,31.77916666666667,1010.5083333333333,1012.2083333333334,0.0,77.70833333333333,9.041666666666666,70.0,93.04166666666667,156.58333333333334,57.75,98.83333333333333,79.78750000000001,5.079166666666667,6.429166666666667,198.875,200.08333333333334,11.679166666666667,0.12083333333333333,0.365,25.55,25.525000000000002,26.02916666666667,26.7,0.4458333333333333,0.45008333333333334,0.45366666666666666,0.44345833333333334
2021-08-24,lh,25.041666666666668,91.29166666666667,23.483333333333334,31.420833333333334,1010.3291666666668,1012.0291666666667,0.0,68.79166666666667,5.666666666666667,57.541666666666664,97.125,197.79166666666666,97.08333333333333,100.70833333333333,127.02083333333333,3.704166666666667,4.75,186.91666666666666,180.79166666666666,10.808333333333332,0.14416666666666667,0.29916666666666664,26.166666666666668,25.958333333333332,26.016666666666666,26.7,0.4266666666666667,0.440375,0.453,0.4450416666666667
2021-08-25,lh,25.270833333333332,87.375,22.916666666666668,31.620833333333334,1009.4125,1011.1125000000001,0.0,72.66666666666667,8.458333333333334,60.333333333333336,97.25,192.83333333333334,83.66666666666667,109.16666666666667,106.52499999999999,4.933333333333334,7.070833333333333,143.33333333333334,135.91666666666666,11.35,0.14625,0.44125,25.958333333333332,26.0,26.100000000000005,26.7,0.4426666666666667,0.444,0.45075,0.44604166666666667
2021-08-26,lh,25.754166666666666,86.0,23.125,32.15833333333333,1008.8916666666668,1010.5916666666667,0.0,56.208333333333336,11.458333333333334,35.916666666666664,81.75,241.29166666666666,149.04166666666666,92.25,203.85000000000002,6.554166666666667,9.320833333333333,140.625,137.25,15.029166666666667,0.1775,0.50125,26.1375,26.02916666666667,26.100000000000005,26.7,0.43850000000000006,0.44025000000000003,0.44608333333333333,0.447
2021-08-27,lh,26.191666666666666,84.41666666666667,23.1875,32.916666666666664,1008.5958333333333,1010.2958333333332,0.0,46.5,10.458333333333334,31.541666666666668,60.458333333333336,266.7916666666667,202.29166666666666,64.5,260.89166666666665,4.483333333333333,5.920833333333333,156.91666666666666,159.58333333333334,12.845833333333333,0.19791666666666666,0.5841666666666666,26.633333333333336,26.320833333333336,26.11666666666667,26.7,0.42520833333333335,0.42991666666666667,0.44095833333333334,0.447
2021-08-28,lh,26.474999999999998,82.95833333333333,23.233333333333334,33.50833333333333,1008.2458333333334,1009.9458333333333,0.0,33.416666666666664,4.625,28.875,39.541666666666664,276.7916666666667,221.91666666666666,54.875,305.75,4.008333333333334,5.041666666666667,170.91666666666666,183.875,11.0,0.2041666666666667,0.62875,26.912499999999998,26.645833333333332,26.208333333333332,26.7,0.4225833333333333,0.42241666666666666,0.43579166666666663,0.447
2021-08-29,lh,26.704166666666666,85.33333333333333,23.974999999999998,33.35,1008.15,1009.85,0.0,68.16666666666667,3.375,68.625,79.91666666666667,256.6666666666667,182.04166666666666,74.625,238.22083333333333,7.220833333333334,10.345833333333333,146.75,141.79166666666666,14.891666666666666,0.19666666666666666,0.5429166666666666,27.145833333333332,26.920833333333334,26.3125,26.7,0.42566666666666664,0.4190833333333333,0.4310833333333333,0.44612500000000005
2021-08-30,lh,25.620833333333334,89.875,23.754166666666666,32.4125,1009.2291666666666,1010.9291666666667,0.0,63.541666666666664,12.083333333333334,49.291666666666664,76.33333333333333,234.45833333333334,152.875,81.58333333333333,198.9375,6.554166666666667,9.108333333333333,271.75,275.0416666666667,12.458333333333334,0.17500000000000002,0.36083333333333334,26.866666666666664,26.883333333333336,26.399999999999995,26.625,0.4410416666666667,0.43812500000000004,0.4297916666666666,0.446
2021-08-31,lh,25.3,91.0,23.641666666666666,32.329166666666666,1010.2583333333333,1011.9583333333334,0.0,70.70833333333333,7.833333333333333,58.166666666666664,95.75,175.04166666666666,87.83333333333333,87.20833333333333,119.32083333333333,4.791666666666667,5.954166666666667,160.29166666666666,152.375,11.933333333333332,0.12875,0.3179166666666667,26.333333333333332,26.491666666666664,26.462500000000002,26.600000000000005,0.44816666666666666,0.45016666666666666,0.44245833333333334,0.446
2021-09-01,lh,25.625,89.29166666666667,23.691666666666666,32.829166666666666,1010.3083333333334,1012.0083333333333,0.0,69.70833333333333,29.083333333333332,31.041666666666668,93.58333333333333,219.70833333333334,125.375,94.33333333333333,157.05416666666667,4.570833333333334,6.216666666666666,142.66666666666666,134.875,11.283333333333333,0.16333333333333333,0.3695833333333333,26.491666666666664,26.445833333333336,26.46666666666667,26.600000000000005,0.4379166666666667,0.45045833333333335,0.45129166666666665,0.4466666666666667
2021-09-02,lh,25.962500000000002,84.375,22.991666666666664,32.97083333333333,1009.8708333333334,1011.5708333333333,0.0,66.20833333333333,3.0833333333333335,58.333333333333336,94.70833333333333,234.29166666666666,160.29166666666666,74.0,211.10833333333335,4.508333333333334,6.004166666666666,152.41666666666666,149.625,12.575000000000001,0.17375,0.5695833333333333,26.6375,26.52916666666667,26.5,26.600000000000005,0.43283333333333335,0.442,0.4499583333333333,0.448
2021-09-03,lh,26.570833333333336,81.41666666666667,22.97083333333333,33.574999999999996,1009.1541666666667,1010.8541666666666,0.0,53.208333333333336,4.833333333333333,36.791666666666664,89.20833333333333,265.3333333333333,194.125,71.20833333333333,248.0875,6.5874999999999995,9.258333333333333,141.75,133.25,15.3125,0.19625,0.6925,26.954166666666666,26.741666666666664,26.5,26.600000000000005,0.4187083333333333,0.42849999999999994,0.44475,0.448
2021-09-04,lh,26.287499999999998,83.83333333333333,23.191666666666666,32.75,1009.8166666666666,1011.5166666666668,0.0,51.75,10.416666666666666,23.5,93.95833333333333,243.75,136.58333333333334,107.16666666666667,181.3166666666667,6.470833333333334,8.604166666666666,165.875,166.33333333333334,14.387500000000001,0.17666666666666667,0.6004166666666667,26.866666666666664,26.77916666666667,26.525000000000002,26.600000000000005,0.40650000000000003,0.41691666666666666,0.43925,0.448
2021-09-05,lh,26.179166666666664,83.33333333333333,22.945833333333336,33.4,1009.9708333333333,1011.6708333333332,0.0,18.875,4.5,6.958333333333333,35.5,289.375,242.66666666666666,46.708333333333336,329.05,3.8125,4.883333333333334,152.75,156.45833333333334,10.983333333333334,0.215,0.6283333333333333,26.95,26.84583333333333,26.600000000000005,26.600000000000005,0.39595833333333336,0.40724999999999995,0.43366666666666664,0.448
2021-09-06,lh,26.5125,80.83333333333333,22.745833333333334,33.449999999999996,1010.6374999999999,1012.3375,0.0,16.583333333333332,5.791666666666667,8.333333333333334,21.0,295.8333333333333,247.0,48.833333333333336,335.62083333333334,5.195833333333334,6.741666666666667,153.95833333333334,142.66666666666666,12.716666666666667,0.22208333333333333,0.7266666666666666,26.941666666666666,26.833333333333332,26.600000000000005,26.600000000000005,0.38325000000000004,0.3974166666666667,0.427875,0.44725
2021-09-07,lh,26.495833333333334,79.91666666666667,22.429166666666664,32.99166666666667,1010.8625000000001,1012.5625,0.0,29.333333333333332,2.375,18.458333333333332,53.5,298.5416666666667,248.0,50.541666666666664,332.8666666666667,6.720833333333334,8.654166666666667,274.875,281.1666666666667,13.716666666666667,0.22624999999999998,0.7820833333333334,27.083333333333332,26.879166666666666,26.629166666666666,26.600000000000005,0.3695833333333333,0.3874166666666667,0.42212500000000003,0.4469166666666667
2021-09-08,lh,26.141666666666666,86.125,23.570833333333336,32.53333333333333,1009.8583333333332,1011.5583333333334,0.0,46.791666666666664,4.75,23.375,94.79166666666667,233.91666666666666,132.20833333333334,101.70833333333333,175.1,5.191666666666666,6.579166666666667,214.66666666666666,215.25,14.7125,0.17625000000000002,0.49833333333333335,26.8125,26.90416666666667,26.7,26.600000000000005,0.3804166666666666,0.3804166666666667,0.41683333333333333,0.446
2021-09-09,lh,25.75,87.04166666666667,23.370833333333334,31.483333333333334,1009.9625,1011.6625,0.0,55.708333333333336,1.4166666666666667,41.375,98.5,172.45833333333334,62.333333333333336,110.125,71.725,8.7125,12.85,189.54166666666666,185.70833333333334,14.975,0.1366666666666667,0.44875,26.291666666666668,26.65416666666667,26.7,26.600000000000005,0.40775,0.38483333333333336,0.41279166666666667,0.4457083333333334
2021-09-10,lh,26.3875,85.08333333333333,23.53333333333333,33.62916666666667,1009.7375000000001,1011.4375,0.0,30.583333333333332,1.9166666666666667,12.541666666666666,70.875,275.2083333333333,201.20833333333334,74.0,266.8541666666667,5.608333333333333,7.958333333333333,145.25,134.91666666666666,15.070833333333333,0.20541666666666666,0.5645833333333333,26.929166666666664,26.55,26.6875,26.600000000000005,0.41195833333333337,0.391125,0.40954166666666664,0.445
2021-09-11,lh,26.349999999999998,86.45833333333333,23.816666666666666,33.604166666666664,1009.5625,1011.2624999999999,0.0,51.041666666666664,10.5,23.0,92.625,228.125,137.70833333333334,90.41666666666667,183.20000000000002,4.195833333333334,6.3125,188.25,187.45833333333334,11.770833333333334,0.1708333333333333,0.49333333333333335,27.083333333333332,27.008333333333336,26.7,26.600000000000005,0.4142083333333333,0.3994166666666667,0.4063333333333334,0.44445833333333334
2021-09-12,lh,25.675,91.16666666666667,24.070833333333336,32.81666666666667,1008.7833333333333,1010.4833333333332,0.0,57.75,9.625,33.583333333333336,96.16666666666667,197.29166666666666,86.41666666666667,110.875,109.61666666666667,4.891666666666667,6.75,287.4166666666667,302.5416666666667,12.029166666666667,0.15166666666666667,0.31583333333333335,26.820833333333336,26.858333333333334,26.7,26.600000000000005,0.4270833333333333,0.42612500000000003,0.40575,0.444
2021-09-13,lh,25.849999999999998,88.125,23.65833333333333,31.754166666666666,1009.7708333333334,1011.4708333333333,0.0,55.166666666666664,3.5416666666666665,37.166666666666664,98.58333333333333,147.125,47.958333333333336,99.16666666666667,69.65,6.2749999999999995,8.3375,172.91666666666666,161.95833333333334,13.483333333333334,0.11083333333333334,0.42166666666666663,26.3,26.5625,26.7,26.600000000000005,0.44554166666666667,0.44475,0.41724999999999995,0.44325
2021-09-14,lh,26.22083333333333,83.41666666666667,23.079166666666666,32.725,1010.3166666666666,1012.0166666666668,0.0,70.25,15.958333333333334,46.083333333333336,98.41666666666667,197.83333333333334,78.33333333333333,119.5,106.82083333333333,4.908333333333333,6.416666666666667,148.375,139.54166666666666,11.641666666666666,0.15125,0.605,26.537499999999998,26.420833333333334,26.7,26.600000000000005,0.429625,0.4350416666666667,0.41854166666666665,0.443
2021-09-15,lh,26.791666666666668,82.45833333333333,23.4375,33.0875,1010.1541666666667,1011.8541666666666,0.0,45.416666666666664,8.708333333333334,15.875,93.79166666666667,248.95833333333334,151.91666666666666,97.04166666666667,202.3375,6.3999999999999995,9.275,143.41666666666666,135.54166666666666,15.204166666666666,0.18833333333333332,0.6625,27.2,26.866666666666664,26.7,26.600000000000005,0.4135416666666667,0.4222916666666667,0.4167083333333333,0.44258333333333333
2021-09-16,lh,26.566666666666666,84.33333333333333,23.633333333333336,33.579166666666666,1009.6833333333334,1011.3833333333333,0.0,54.791666666666664,9.083333333333334,35.583333333333336,83.625,256.7083333333333,181.875,74.83333333333333,235.20416666666668,4.820833333333334,6.879166666666666,161.41666666666666,158.41666666666666,13.766666666666666,0.19166666666666665,0.5725,27.337500000000002,27.1875,26.71666666666667,26.600000000000005,0.4110833333333333,0.4116666666666666,0.4138333333333333,0.442
2021-09-17,lh,26.258333333333336,85.45833333333333,23.55,32.300000000000004,1009.5583333333334,1011.2583333333333,0.0,59.666666666666664,4.375,44.0,98.91666666666667,197.33333333333334,85.625,111.70833333333333,99.74166666666667,6.995833333333334,10.1,139.95833333333334,135.04166666666666,15.245833333333332,0.14541666666666667,0.5179166666666667,26.829166666666666,26.979166666666668,26.8,26.600000000000005,0.410125,0.4087083333333333,0.4111666666666666,0.44170833333333337
2021-09-18,lh,26.395833333333332,81.70833333333333,22.84583333333333,32.6375,1009.9,1011.6,0.0,37.125,6.458333333333333,7.208333333333333,89.91666666666667,288.875,237.70833333333334,51.166666666666664,313.09583333333336,4.6875,5.670833333333333,190.79166666666666,197.66666666666666,13.470833333333333,0.21166666666666667,0.6783333333333333,27.145833333333332,26.945833333333336,26.8,26.600000000000005,0.3953333333333333,0.40079166666666666,0.40841666666666665,0.441
2021-09-19,lh,25.516666666666666,88.45833333333333,23.433333333333334,31.291666666666668,1011.3625000000001,1013.0625,0.0,71.66666666666667,5.0,65.16666666666667,93.125,181.33333333333334,103.66666666666667,77.66666666666667,140.33333333333334,7.891666666666667,11.266666666666666,298.4166666666667,306.8333333333333,15.058333333333332,0.13916666666666666,0.395,26.358333333333334,26.71666666666667,26.8,26.604166666666668,0.40395833333333336,0.3978333333333333,0.4051666666666667,0.4407083333333333
2021-09-20,lh,24.983333333333334,92.0,23.587500000000002,31.59583333333333,1010.5041666666666,1012.2041666666668,0.0,74.41666666666667,9.458333333333334,60.541666666666664,99.33333333333333,90.04166666666667,10.75,79.29166666666667,17.916666666666668,4.745833333333334,6.5125,250.54166666666666,202.875,14.595833333333333,0.0725,0.25583333333333336,25.445833333333336,26.125,26.741666666666664,26.691666666666666,0.43524999999999997,0.43124999999999997,0.406375,0.44
2021-09-21,lh,25.958333333333332,86.79166666666667,23.504166666666666,32.887499999999996,1009.1791666666667,1010.8791666666666,0.0,47.708333333333336,7.5,24.375,87.70833333333333,226.58333333333334,139.70833333333334,86.875,184.52083333333334,4.7375,6.370833333333334,156.33333333333334,147.20833333333334,12.2875,0.16749999999999998,0.4741666666666667,26.28333333333333,26.066666666666666,26.625,26.69583333333333,0.41962499999999997,0.4285833333333333,0.4112916666666666,0.44
2021-09-22,lh,26.125,84.75,23.229166666666668,32.387499999999996,1009.1166666666667,1010.8166666666666,0.0,36.625,9.958333333333334,15.875,60.375,265.5416666666667,194.91666666666666,70.625,264.0625,6.1499999999999995,8.924999999999999,137.95833333333334,128.75,14.295833333333334,0.19333333333333336,0.5641666666666667,26.541666666666668,26.395833333333332,26.600000000000005,26.65416666666667,0.4166666666666667,0.4202083333333333,0.410375,0.43933333333333335
2021-09-23,lh,26.6875,82.625,23.34166666666667,33.225,1009.1916666666666,1010.8916666666668,0.0,40.916666666666664,14.583333333333334,21.291666666666668,50.208333333333336,285.7083333333333,234.95833333333334,50.75,318.79583333333335,6.341666666666666,8.879166666666666,148.0,144.125,14.833333333333334,0.21208333333333332,0.6625,27.120833333333334,26.795833333333334,26.600000000000005,26.604166666666668,0.40279166666666666,0.40912499999999996,0.408125,0.439
2021-09-24,lh,26.333333333333332,86.25,23.729166666666668,33.625,1009.6125000000001,1011.3125,0.0,42.25,13.125,19.333333333333332,62.416666666666664,261.4583333333333,209.625,51.833333333333336,282.90416666666664,4.158333333333333,5.2124999999999995,187.375,189.29166666666666,11.066666666666668,0.19708333333333336,0.5183333333333333,27.208333333333332,27.079166666666666,26.629166666666666,26.600000000000005,0.4047083333333334,0.40025,0.40525000000000005,0.4384166666666667
2021-09-25,lh,26.09583333333333,86.29166666666667,23.545833333333334,33.145833333333336,1008.725,1010.4250000000001,0.0,55.333333333333336,10.125,28.791666666666668,96.41666666666667,227.70833333333334,129.29166666666666,98.41666666666667,169.29166666666666,4.125,5.529166666666666,206.04166666666666,201.16666666666666,11.616666666666667,0.1679166666666667,0.49,26.787499999999998,26.895833333333332,26.7,26.600000000000005,0.4262083333333333,0.4123333333333334,0.4034583333333333,0.438
2021-09-26,lh,24.9875,93.45833333333333,23.84166666666667,31.7,1008.2958333333332,1009.9958333333334,0.0,79.33333333333333,24.458333333333332,58.875,91.33333333333333,135.70833333333334,46.125,89.58333333333333,58.05833333333334,4.833333333333333,6.408333333333332,238.125,249.41666666666666,12.195833333333333,0.10041666666666667,0.21458333333333335,25.895833333333332,26.416666666666668,26.7,26.641666666666666,0.449125,0.445875,0.4090416666666667,0.4379583333333333
2021-09-27,lh,25.5125,90.375,23.7625,31.895833333333332,1008.5625,1010.2624999999999,0.0,71.16666666666667,4.0,67.33333333333333,90.5,187.625,100.91666666666667,86.70833333333333,138.38333333333333,8.495833333333334,12.108333333333334,173.0,177.625,15.595833333333333,0.13666666666666666,0.33416666666666667,26.09166666666667,26.162499999999998,26.6125,26.641666666666666,0.44208333333333333,0.44616666666666666,0.4234166666666666,0.437
2021-09-28,lh,25.59583333333333,89.5,23.72083333333333,32.516666666666666,1009.0291666666667,1010.7291666666666,0.0,65.08333333333333,10.75,44.291666666666664,96.33333333333333,217.125,127.91666666666667,89.20833333333333,160.5,8.704166666666667,11.895833333333334,288.9166666666667,286.2083333333333,19.10833333333333,0.16375,0.35625,26.175,26.204166666666666,26.558333333333334,26.604166666666668,0.43025,0.44179166666666664,0.4300833333333333,0.437
2021-09-29,lh,25.65833333333333,91.25,24.09583333333333,32.4625,1008.6833333333334,1010.3833333333333,0.0,69.375,8.208333333333334,55.291666666666664,96.0,114.5,42.416666666666664,72.08333333333333,64.71666666666667,5.341666666666666,7.733333333333333,264.2083333333333,266.6666666666667,13.325000000000001,0.08833333333333333,0.2925,26.120833333333334,26.333333333333332,26.504166666666666,26.600000000000005,0.43612500000000004,0.445125,0.4345833333333333,0.437
2021-09-30,lh,25.375,92.125,23.925,32.8375,1008.8208333333333,1010.5208333333334,0.0,62.958333333333336,27.416666666666668,14.208333333333334,99.125,237.75,136.0,101.75,177.8375,6.2625,8.779166666666667,141.625,131.0,12.704166666666666,0.17625000000000002,0.2775,26.316666666666666,26.25,26.5,26.600000000000005,0.44379166666666664,0.44908333333333333,0.4442916666666667,0.437125
2021-10-01,lh,24.825,93.95833333333333,23.758333333333336,32.24583333333333,1009.7375000000001,1011.4375,0.0,79.91666666666667,16.416666666666668,63.541666666666664,99.0,93.08333333333333,10.75,82.33333333333333,20.329166666666666,3.9958333333333336,5.4750000000000005,226.625,225.20833333333334,11.041666666666666,0.07333333333333333,0.19791666666666666,25.433333333333334,25.974999999999998,26.47083333333333,26.600000000000005,0.441375,0.44683333333333336,0.45533333333333337,0.43970833333333337
2021-10-02,lh,26.504166666666666,83.5,23.3625,33.9,1009.8249999999999,1011.525,0.0,50.666666666666664,4.333333333333333,36.791666666666664,82.41666666666667,294.4166666666667,244.375,50.041666666666664,323.8958333333333,5.854166666666667,7.8999999999999995,138.58333333333334,130.04166666666666,15.762500000000001,0.215,0.6104166666666667,26.599999999999998,26.166666666666668,26.399999999999995,26.600000000000005,0.41479166666666667,0.42533333333333334,0.45225000000000004,0.44287499999999996
2021-10-03,lh,26.454166666666666,80.83333333333333,22.708333333333332,33.40416666666667,1009.5583333333334,1011.2583333333333,0.0,29.583333333333332,2.0,4.75,82.70833333333333,270.0,187.5,82.5,250.72083333333333,4.4750000000000005,5.9125000000000005,135.08333333333334,129.625,11.029166666666667,0.20375,0.7225,26.6375,26.5125,26.399999999999995,26.600000000000005,0.40075,0.41324999999999995,0.4464166666666667,0.443
2021-10-04,lh,26.09583333333333,84.79166666666667,23.212500000000002,32.958333333333336,1008.8125,1010.5124999999999,0.0,35.625,8.708333333333334,8.75,75.0,275.375,222.125,53.25,302.6875,7.166666666666667,9.695833333333333,291.8333333333333,286.625,13.941666666666668,0.20541666666666666,0.5625,26.7,26.575,26.420833333333334,26.600000000000005,0.39245833333333335,0.4035416666666667,0.44075,0.44325
2021-10-05,lh,26.21666666666667,84.5,23.2625,32.71666666666666,1008.9666666666667,1010.6666666666666,0.0,51.291666666666664,4.958333333333333,31.875,92.25,230.125,129.54166666666666,100.58333333333333,171.10416666666666,6.8374999999999995,9.975,299.1666666666667,309.2916666666667,14.620833333333332,0.1758333333333333,0.5745833333333333,26.96666666666667,26.766666666666666,26.5,26.600000000000005,0.39716666666666667,0.3990833333333334,0.4359166666666667,0.443
2021-10-06,lh,26.71666666666667,82.58333333333333,23.47083333333333,31.900000000000002,1008.0833333333334,1009.7833333333333,0.0,46.0,3.75,21.166666666666668,99.54166666666667,181.125,65.75,115.375,87.62916666666666,13.825000000000001,20.129166666666666,304.3333333333333,309.0833333333333,25.983333333333334,0.15166666666666664,0.6262500000000001,26.97083333333333,26.912499999999998,26.52916666666667,26.600000000000005,0.38975000000000004,0.3947083333333334,0.43124999999999997,0.443
2021-10-07,lh,26.775000000000002,85.54166666666667,24.075,33.329166666666666,1007.7791666666667,1009.4791666666666,0.0,42.958333333333336,4.791666666666667,15.625,97.375,220.5,113.33333333333333,107.16666666666667,139.32916666666668,9.608333333333333,13.625,286.8333333333333,290.4583333333333,18.962500000000002,0.17416666666666666,0.53125,27.108333333333334,26.97083333333333,26.600000000000005,26.600000000000005,0.40958333333333335,0.3937916666666667,0.42687499999999995,0.443
2021-10-08,lh,26.52916666666667,83.95833333333333,23.454166666666666,34.208333333333336,1007.9541666666668,1009.6541666666667,0.0,36.375,3.0,6.708333333333333,98.66666666666667,230.875,121.125,109.75,167.74166666666667,4.041666666666667,5.258333333333334,181.79166666666666,172.95833333333334,10.3125,0.17375,0.6075,27.03333333333333,26.891666666666666,26.620833333333334,26.600000000000005,0.4095416666666667,0.4003333333333334,0.42320833333333335,0.442375
2021-10-09,lh,26.849999999999998,81.375,23.266666666666666,34.35,1008.6416666666668,1010.3416666666667,0.0,38.208333333333336,5.666666666666667,7.208333333333333,95.95833333333333,270.9583333333333,215.83333333333334,55.125,296.8125,4.925,6.983333333333333,201.375,198.83333333333334,12.054166666666667,0.20583333333333334,0.7108333333333333,27.175,26.9875,26.7,26.600000000000005,0.39445833333333336,0.39454166666666673,0.41933333333333334,0.442
2021-10-10,lh,27.066666666666666,81.20833333333333,23.358333333333334,33.90833333333333,1008.2041666666668,1009.9041666666667,0.0,32.625,4.25,3.6666666666666665,88.58333333333333,276.2916666666667,206.375,69.91666666666667,290.25416666666666,4.6625000000000005,5.945833333333333,140.70833333333334,144.20833333333334,11.754166666666668,0.20958333333333334,0.745,27.375,27.087500000000002,26.708333333333332,26.600000000000005,0.38066666666666665,0.386875,0.41520833333333335,0.44154166666666667
2021-10-11,lh,27.141666666666666,78.54166666666667,22.8625,34.12083333333333,1007.2583333333333,1008.9583333333334,0.0,31.791666666666668,3.5416666666666665,8.375,78.25,281.9583333333333,222.875,59.083333333333336,305.6666666666667,5.358333333333333,7.404166666666666,143.41666666666666,122.41666666666667,13.008333333333333,0.21583333333333332,0.84375,27.683333333333334,27.425,26.8,26.600000000000005,0.36395833333333333,0.3775,0.41083333333333333,0.441
2021-10-12,lh,26.579166666666666,79.95833333333333,22.6375,33.875,1007.4291666666667,1009.1291666666666,0.0,33.875,2.9166666666666665,6.083333333333333,92.0,250.5,166.29166666666666,84.20833333333333,225.07916666666665,5.454166666666667,7.370833333333334,196.83333333333334,179.83333333333334,12.341666666666667,0.19375,0.7570833333333334,27.15416666666667,27.233333333333334,26.84583333333333,26.600000000000005,0.3515833333333333,0.368625,0.4063333333333334,0.44045833333333334
2021-10-13,lh,26.883333333333336,80.375,22.995833333333334,34.32083333333333,1006.7791666666667,1008.4791666666666,0.0,36.75,6.583333333333333,5.875,90.75,271.75,198.5,73.25,274.6666666666667,4.441666666666666,5.929166666666667,150.08333333333334,139.16666666666666,11.658333333333333,0.2070833333333333,0.7691666666666667,27.370833333333334,27.15416666666667,26.899999999999995,26.600000000000005,0.34270833333333334,0.36125,0.40216666666666673,0.44
2021-10-14,lh,26.945833333333336,81.41666666666667,23.270833333333332,34.425000000000004,1006.6416666666668,1008.3416666666667,0.0,41.625,8.791666666666666,11.333333333333334,89.625,274.75,220.54166666666666,54.208333333333336,299.67083333333335,5.141666666666667,6.1875,146.41666666666666,144.54166666666666,12.9,0.20958333333333334,0.7291666666666666,27.520833333333332,27.308333333333334,26.899999999999995,26.600000000000005,0.3333333333333333,0.35379166666666667,0.39795833333333336,0.439125
2021-10-15,lh,27.2,80.25,23.329166666666666,34.77916666666667,1006.4958333333334,1008.1958333333333,0.0,39.791666666666664,8.0,13.166666666666666,82.29166666666667,261.5416666666667,200.58333333333334,60.958333333333336,279.4791666666667,4.55,5.620833333333334,176.66666666666666,188.95833333333334,11.2875,0.20125,0.7708333333333334,27.504166666666666,27.395833333333332,26.974999999999998,26.600000000000005,0.3262916666666667,0.3471666666666666,0.3939166666666667,0.438625
2021-10-16,lh,26.570833333333336,83.41666666666667,23.429166666666664,34.28333333333333,1007.8625000000001,1009.5625,0.0,40.5,7.375,11.166666666666666,90.0,259.9583333333333,189.375,70.58333333333333,267.55,4.466666666666667,5.716666666666666,163.95833333333334,164.375,13.25,0.19708333333333336,0.6183333333333333,27.325,27.304166666666664,27.0,26.675,0.34475000000000006,0.34241666666666665,0.39037499999999997,0.438
2021-10-17,lh,26.25,87.75,23.995833333333334,33.46666666666667,1009.6708333333332,1011.3708333333334,0.0,59.5,8.25,41.875,91.375,221.08333333333334,146.70833333333334,74.375,192.95416666666665,3.8666666666666667,5.116666666666666,214.75,237.95833333333334,12.670833333333334,0.16583333333333333,0.445,27.1875,27.241666666666664,27.0,26.7,0.4069583333333333,0.365,0.38758333333333334,0.437375
2021-10-18,lh,26.045833333333334,87.54166666666667,23.712500000000002,31.5625,1010.525,1012.225,0.0,76.58333333333333,16.833333333333332,66.16666666666667,97.91666666666667,128.0,35.458333333333336,92.54166666666667,49.54583333333333,7.120833333333334,10.008333333333335,151.95833333333334,148.79166666666666,17.075,0.10875,0.4504166666666667,26.495833333333334,26.825,27.0,26.7,0.425125,0.39995833333333336,0.38599999999999995,0.437
2021-10-19,lh,26.170833333333334,85.625,23.483333333333334,32.53333333333333,1012.2833333333333,1013.9833333333332,0.0,43.625,8.916666666666666,13.416666666666666,91.70833333333333,215.16666666666666,105.625,109.54166666666667,158.18333333333334,5.579166666666667,7.1499999999999995,195.79166666666666,198.08333333333334,12.758333333333333,0.16208333333333333,0.5175,26.770833333333332,26.7625,26.933333333333334,26.7,0.42520833333333335,0.40641666666666665,0.38554166666666667,0.43612500000000004
2021-10-20,lh,24.97083333333333,91.25,23.4375,31.40416666666667,1013.6583333333333,1015.3708333333334,0.0,77.95833333333333,21.583333333333332,56.0,98.08333333333333,109.0,18.291666666666668,90.70833333333333,26.799999999999997,3.4416666666666664,4.895833333333333,205.75,188.75,10.070833333333333,0.08333333333333333,0.28250000000000003,25.854166666666668,26.395833333333332,26.899999999999995,26.7,0.4424166666666667,0.42804166666666665,0.3862916666666667,0.436
2021-10-21,lh,24.670833333333334,92.08333333333333,23.245833333333334,31.070833333333336,1012.8249999999999,1014.525,0.0,84.08333333333333,13.0,71.95833333333333,99.54166666666667,84.41666666666667,9.791666666666666,74.625,14.0625,7.329166666666667,10.791666666666666,216.79166666666666,216.58333333333334,13.491666666666667,0.06875,0.26166666666666666,25.633333333333336,26.041666666666668,26.8,26.7,0.4429166666666667,0.44575000000000004,0.39425,0.43516666666666665
2021-10-22,lh,24.4875,94.29166666666667,23.504166666666666,31.46666666666667,1012.7916666666666,1014.4916666666667,0.0,71.375,17.708333333333332,50.75,91.75,151.5,50.041666666666664,101.45833333333333,64.05416666666666,7.1875,10.933333333333332,297.5833333333333,307.375,14.320833333333333,0.11041666666666666,0.18041666666666667,25.325,25.7375,26.65833333333333,26.7,0.4379583333333333,0.44404166666666667,0.40795833333333337,0.435
2021-10-23,lh,25.670833333333334,84.875,22.78333333333333,31.870833333333334,1012.1708333333332,1013.8708333333334,0.0,57.125,15.25,30.541666666666668,83.375,244.875,168.33333333333334,76.54166666666667,227.2458333333333,7.991666666666667,10.454166666666667,283.25,287.0416666666667,14.862499999999999,0.18958333333333333,0.5429166666666666,26.241666666666664,25.974999999999998,26.53333333333333,26.7,0.4429166666666667,0.4447083333333333,0.43404166666666666,0.435
2021-10-24,lh,25.349999999999998,91.41666666666667,23.8,31.75,1011.5166666666668,1013.2166666666667,0.0,70.875,27.166666666666668,28.375,97.79166666666667,207.66666666666666,116.125,91.54166666666667,160.27083333333334,5.916666666666667,8.275,298.5416666666667,304.7916666666667,13.4375,0.15291666666666667,0.29541666666666666,26.22083333333333,26.3125,26.5,26.7,0.4442083333333333,0.4466666666666667,0.43570833333333336,0.435
2021-10-25,lh,25.316666666666666,90.54166666666667,23.59166666666667,32.44166666666667,1010.3666666666667,1012.0666666666666,0.0,67.5,17.208333333333332,49.166666666666664,76.08333333333333,231.91666666666666,166.08333333333334,65.83333333333333,221.875,5.520833333333333,7.591666666666666,250.91666666666666,256.875,12.525,0.16874999999999998,0.3283333333333333,26.349999999999998,26.3625,26.5,26.7,0.4385833333333333,0.44554166666666667,0.4419166666666667,0.435
2021-10-26,lh,25.516666666666666,90.41666666666667,23.770833333333332,32.541666666666664,1009.5083333333333,1011.2083333333334,0.0,52.458333333333336,17.666666666666668,13.833333333333334,94.04166666666667,234.375,153.04166666666666,81.33333333333333,220.80416666666667,4.683333333333334,6.108333333333333,208.08333333333334,226.375,12.2875,0.17458333333333334,0.33916666666666667,26.34583333333333,26.370833333333334,26.5,26.7,0.4387083333333333,0.4482083333333333,0.4459583333333333,0.43583333333333335
2021-10-27,lh,24.804166666666664,93.83333333333333,23.745833333333334,31.7375,1010.3625000000001,1012.0625,0.0,82.25,24.75,54.0,98.45833333333333,111.375,15.875,95.5,19.48333333333333,3.4416666666666664,4.9624999999999995,281.75,292.875,8.629166666666666,0.085,0.19791666666666666,25.52916666666667,26.0125,26.462500000000002,26.7,0.4395833333333334,0.44370833333333337,0.4543333333333333,0.43804166666666666
2021-10-28,lh,25.21666666666667,91.91666666666667,23.77916666666667,33.016666666666666,1009.6041666666666,1011.3041666666667,0.0,58.166666666666664,24.0,14.0,93.58333333333333,226.625,141.16666666666666,85.45833333333333,195.7458333333333,4.195833333333334,5.991666666666667,186.58333333333334,193.75,11.816666666666668,0.16625,0.2791666666666667,26.016666666666666,25.945833333333336,26.399999999999995,26.7,0.4414166666666666,0.44095833333333334,0.45537500000000003,0.44179166666666664
2021-10-29,lh,25.604166666666668,90.5,23.887500000000003,32.579166666666666,1010.0625,1011.7624999999999,0.0,57.958333333333336,22.375,17.375,91.29166666666667,165.16666666666666,64.25,100.91666666666667,87.47500000000001,8.929166666666667,13.233333333333334,136.375,134.29166666666666,17.183333333333334,0.12916666666666668,0.33166666666666667,26.0625,26.087500000000002,26.38333333333333,26.7,0.42920833333333336,0.433375,0.454875,0.4455833333333334
2021-10-30,lh,25.130434782608695,90.34782608695652,23.36521739130435,31.208695652173912,1012.1043478260871,1013.8086956521738,0.0,62.34782608695652,14.043478260869565,37.52173913043478,98.95652173913044,168.34782608695653,57.26086956521739,111.08695652173913,82.35652173913044,6.130434782608695,9.291304347826086,278.39130434782606,281.82608695652175,15.23913043478261,0.12782608695652173,0.3282608695652174,26.0,26.082608695652173,26.321739130434782,26.617391304347827,0.4488695652173913,0.45013043478260867,0.45391304347826084,0.44730434782608697
2021-10-31,lh,24.59583333333333,93.54166666666667,23.5,31.162499999999998,1012.1750000000001,1013.875,0.0,80.125,26.083333333333332,50.916666666666664,98.75,73.91666666666667,9.416666666666666,64.5,17.708333333333332,5.241666666666666,8.1,242.16666666666666,266.1666666666667,11.691666666666668,0.06,0.20083333333333334,25.1875,25.758333333333336,26.3,26.600000000000005,0.4409166666666667,0.447625,0.45375000000000004,0.44858333333333333
2021-11-01,lh,25.379166666666666,89.58333333333333,23.45,32.59583333333333,1011.0958333333333,1012.7958333333332,0.0,54.875,14.791666666666666,29.125,80.45833333333333,249.16666666666666,186.25,62.916666666666664,260.325,5.2250000000000005,6.958333333333333,278.75,291.7083333333333,13.041666666666666,0.18041666666666667,0.37166666666666665,25.9875,25.766666666666666,26.22083333333333,26.600000000000005,0.4410416666666667,0.44366666666666665,0.45437500000000003,0.4499583333333333
2021-11-02,lh,25.308333333333334,91.41666666666667,23.745833333333334,32.07083333333333,1011.1750000000001,1012.875,0.0,61.5,25.0,20.458333333333332,88.875,223.95833333333334,150.95833333333334,73.0,201.1291666666667,6.4375,8.737499999999999,276.5833333333333,285.6666666666667,13.391666666666666,0.16416666666666666,0.3025,26.195833333333336,26.125,26.2,26.600000000000005,0.43775000000000003,0.4457083333333334,0.45141666666666663,0.4507083333333333
2021-11-03,lh,25.204166666666666,90.0,23.391666666666666,32.229166666666664,1011.0583333333334,1012.7583333333333,0.0,68.45833333333333,12.666666666666666,48.083333333333336,98.375,189.08333333333334,103.79166666666667,85.29166666666667,129.07500000000002,4.420833333333333,6.445833333333333,262.7916666666667,301.9583333333333,10.220833333333333,0.13958333333333334,0.3445833333333333,26.166666666666668,26.166666666666668,26.2,26.600000000000005,0.44366666666666665,0.44729166666666664,0.44925,0.451
2021-11-04,lh,25.2,89.375,23.27916666666667,31.712500000000002,1010.3333333333334,1012.0333333333333,0.0,75.16666666666667,22.125,46.625,98.58333333333333,150.125,49.5,100.625,72.97916666666667,5.3,7.7,261.25,238.5,13.020833333333334,0.1125,0.3558333333333334,25.895833333333332,26.075,26.204166666666666,26.600000000000005,0.4386666666666667,0.44454166666666667,0.44812500000000005,0.451
2021-11-05,lh,24.90833333333333,93.08333333333333,23.704166666666666,31.90833333333333,1009.2375000000001,1010.9375,0.0,78.29166666666667,27.291666666666668,50.625,99.08333333333333,130.91666666666666,29.458333333333332,101.45833333333333,41.0875,5.979166666666667,8.645833333333334,294.5416666666667,300.5416666666667,12.495833333333332,0.10041666666666667,0.22458333333333333,25.504166666666666,25.833333333333332,26.2,26.600000000000005,0.44533333333333336,0.44908333333333333,0.45533333333333337,0.4515416666666667
2021-11-06,lh,24.833333333333332,93.45833333333333,23.704166666666666,31.84583333333333,1007.3541666666666,1009.0541666666667,0.0,67.20833333333333,22.583333333333332,33.333333333333336,98.45833333333333,172.625,80.5,92.125,108.70833333333333,7.733333333333333,11.020833333333334,297.5833333333333,307.0,14.275,0.12916666666666668,0.21625000000000003,25.554166666666664,25.683333333333334,26.2,26.600000000000005,0.4367916666666667,0.4426666666666667,0.45708333333333334,0.454
2021-11-07,lh,25.370833333333334,91.41666666666667,23.825,32.28333333333333,1006.8666666666667,1008.5666666666666,0.0,51.958333333333336,8.5,24.541666666666668,98.25,183.29166666666666,86.45833333333333,96.83333333333333,119.72500000000001,5.116666666666666,6.841666666666666,201.91666666666666,205.54166666666666,13.429166666666667,0.13499999999999998,0.29916666666666664,25.8875,25.791666666666668,26.1125,26.600000000000005,0.42395833333333327,0.42970833333333336,0.45375000000000004,0.456
2021-11-08,lh,25.270833333333332,92.25,23.870833333333334,32.012499999999996,1007.4666666666667,1009.1666666666666,0.0,58.333333333333336,13.291666666666666,38.5,80.20833333333333,195.29166666666666,123.25,72.04166666666667,180.54166666666666,5.808333333333334,8.266666666666667,155.08333333333334,152.54166666666666,15.841666666666667,0.14291666666666666,0.26708333333333334,25.941666666666666,26.0,26.100000000000005,26.600000000000005,0.4399166666666667,0.43770833333333337,0.4482083333333333,0.456
2021-11-09,lh,25.3875,89.75,23.541666666666668,32.204166666666666,1008.9083333333333,1010.6083333333332,0.0,56.916666666666664,20.708333333333332,17.25,92.66666666666667,179.54166666666666,69.16666666666667,110.375,99.62083333333334,4.7375,6.770833333333333,240.625,209.91666666666666,11.762500000000001,0.13333333333333333,0.3491666666666667,25.866666666666664,25.954166666666666,26.100000000000005,26.600000000000005,0.4410416666666667,0.4459583333333333,0.44979166666666665,0.456
2021-11-10,lh,24.954166666666666,93.16666666666667,23.724999999999998,31.825,1010.1416666666668,1011.8416666666667,0.0,71.66666666666667,18.666666666666668,49.625,99.79166666666667,123.75,24.5,99.25,31.84583333333333,3.966666666666667,4.679166666666666,159.70833333333334,172.83333333333334,10.229166666666666,0.09375,0.23375,25.712500000000002,25.8875,26.100000000000005,26.600000000000005,0.447375,0.44854166666666667,0.4475,0.456
2021-11-11,lh,24.65833333333333,91.625,23.175,31.070833333333336,1009.5208333333334,1011.2208333333333,0.0,84.29166666666667,7.208333333333333,82.91666666666667,99.95833333333333,104.29166666666667,15.625,88.66666666666667,19.854166666666668,5.675,7.9375,275.3333333333333,277.4583333333333,11.75,0.0825,0.27416666666666667,25.375,25.641666666666666,26.100000000000005,26.52916666666667,0.4525416666666667,0.4515833333333334,0.4495416666666667,0.4567083333333333
2021-11-12,lh,24.71666666666667,93.70833333333333,23.633333333333336,30.579166666666666,1010.0791666666668,1011.7791666666667,0.0,77.83333333333333,9.166666666666666,68.0,99.75,100.04166666666667,12.583333333333334,87.45833333333333,15.516666666666666,10.533333333333333,15.791666666666666,299.4583333333333,305.0833333333333,19.275000000000002,0.07791666666666666,0.20291666666666666,25.141666666666666,25.425,26.03333333333333,26.5,0.44575000000000004,0.45008333333333334,0.45179166666666665,0.4569166666666667
2021-11-13,lh,25.920833333333334,85.5,23.241666666666664,31.383333333333336,1009.6,1011.3000000000001,0.0,52.708333333333336,10.708333333333334,21.791666666666668,99.95833333333333,151.125,53.708333333333336,97.41666666666667,76.35000000000001,11.116666666666667,15.758333333333333,294.2083333333333,299.8333333333333,19.633333333333333,0.11666666666666665,0.5045833333333333,25.90416666666667,25.675,26.0,26.5,0.4367083333333333,0.4404166666666667,0.44887499999999997,0.457
2021-11-14,lh,26.025000000000002,87.04166666666667,23.641666666666666,32.666666666666664,1009.4083333333333,1011.1083333333332,0.0,54.875,13.458333333333334,25.916666666666668,90.45833333333333,170.625,68.25,102.375,108.04583333333333,4.8875,6.345833333333334,214.04166666666666,187.41666666666666,12.004166666666668,0.12875,0.45708333333333334,26.204166666666666,26.054166666666664,26.0,26.5,0.42920833333333336,0.43166666666666664,0.44204166666666667,0.45658333333333334
2021-11-15,lh,25.825,87.04166666666667,23.420833333333334,32.62916666666667,1008.5541666666667,1010.2541666666666,0.0,54.375,9.0,35.625,83.04166666666667,240.25,179.5,60.75,257.2416666666667,6.441666666666666,9.479166666666666,137.08333333333334,131.16666666666666,14.554166666666667,0.1758333333333333,0.46249999999999997,26.441666666666666,26.27916666666667,26.03333333333333,26.5,0.4279583333333333,0.43095833333333333,0.4355833333333334,0.4559583333333333
2021-11-16,lh,25.445833333333336,91.5,23.933333333333334,33.225,1008.4166666666666,1010.1166666666667,0.0,69.16666666666667,23.916666666666668,38.0,94.625,203.20833333333334,114.875,88.33333333333333,166.33333333333334,3.016666666666667,4.3125,177.04166666666666,169.5,10.595833333333333,0.15041666666666667,0.2920833333333333,26.337500000000002,26.291666666666668,26.100000000000005,26.5,0.4385833333333333,0.4407916666666667,0.43145833333333333,0.455
2021-11-17,lh,24.558333333333334,93.33333333333333,23.34583333333333,30.766666666666666,1009.6458333333334,1011.3458333333333,0.0,93.08333333333333,18.25,82.125,99.625,113.45833333333333,22.75,90.70833333333333,28.07083333333333,6.3875,9.112499999999999,265.0416666666667,273.0,12.479166666666666,0.08875,0.22375,25.6375,26.0125,26.100000000000005,26.5,0.45566666666666666,0.45445833333333335,0.43483333333333335,0.45437500000000003
2021-11-18,lh,24.825,90.75,23.15833333333333,31.479166666666668,1008.7708333333334,1010.4708333333333,0.0,75.20833333333333,8.916666666666666,64.83333333333333,97.75,132.41666666666666,37.416666666666664,95.0,53.74166666666667,6.304166666666667,8.879166666666666,313.5,322.375,14.0375,0.10166666666666667,0.3075,25.333333333333332,25.570833333333336,26.100000000000005,26.5,0.43775000000000003,0.44654166666666667,0.44650000000000006,0.454
2021-11-19,lh,25.145833333333332,90.91666666666667,23.4875,32.208333333333336,1007.5875,1009.2875,0.0,62.791666666666664,24.333333333333332,38.583333333333336,60.5,225.75,160.25,65.5,239.375,6.083333333333333,7.9375,262.2916666666667,267.2083333333333,13.491666666666667,0.1679166666666667,0.31708333333333333,25.900000000000002,25.754166666666666,26.05416666666667,26.5,0.4487083333333333,0.4486666666666667,0.4454166666666666,0.454
2021-11-20,lh,25.25,91.25,23.666666666666668,32.916666666666664,1007.65,1009.35,0.0,52.708333333333336,12.625,21.5,94.66666666666667,185.79166666666666,82.125,103.66666666666667,120.67916666666667,3.3541666666666665,3.9916666666666667,209.75,185.58333333333334,10.741666666666667,0.13749999999999998,0.30583333333333335,26.170833333333334,26.066666666666666,26.066666666666666,26.5,0.431875,0.44449999999999995,0.4498333333333333,0.454
2021-11-21,lh,25.1875,92.45833333333333,23.820833333333336,32.516666666666666,1008.6958333333333,1010.3958333333334,0.0,76.83333333333333,11.708333333333334,65.79166666666667,91.33333333333333,163.83333333333334,74.20833333333333,89.625,118.6375,3.7708333333333335,4.841666666666667,192.16666666666666,182.95833333333334,11.754166666666668,0.12125000000000001,0.25916666666666666,25.941666666666666,26.054166666666664,26.100000000000005,26.5,0.44495833333333334,0.44687499999999997,0.45141666666666663,0.454
2021-11-22,lh,25.979166666666668,87.08333333333333,23.59166666666667,33.295833333333334,1008.7583333333333,1010.4583333333334,0.0,60.291666666666664,6.375,42.5,96.875,179.875,82.54166666666667,97.33333333333333,117.66666666666667,2.8249999999999997,3.529166666666667,162.70833333333334,147.75,9.049999999999999,0.13541666666666666,0.455,26.195833333333336,26.070833333333336,26.100000000000005,26.458333333333332,0.438,0.44016666666666665,0.45283333333333337,0.454
2021-11-23,lh,25.329166666666666,92.125,23.958333333333332,32.43333333333333,1008.4625,1010.1625,0.0,61.708333333333336,24.125,18.625,97.29166666666667,171.54166666666666,69.95833333333333,101.58333333333333,107.74583333333334,4.625,6.358333333333333,237.45833333333334,236.95833333333334,11.591666666666667,0.12583333333333332,0.2608333333333333,25.829166666666666,25.991666666666664,26.100000000000005,26.399999999999995,0.4415833333333334,0.4362916666666667,0.44895833333333335,0.454
2021-11-24,lh,25.691666666666666,89.95833333333333,23.825,31.958333333333332,1008.8916666666668,1010.5916666666667,0.0,59.791666666666664,13.0,30.458333333333332,98.83333333333333,167.125,71.45833333333333,95.66666666666667,104.12083333333334,9.025,13.262500000000001,133.16666666666666,132.04166666666666,20.120833333333334,0.13,0.3625,26.0625,26.016666666666666,26.100000000000005,26.399999999999995,0.4439166666666667,0.4405833333333333,0.4454166666666666,0.454
2021-11-25,lh,25.075,90.33333333333333,23.337500000000002,31.162499999999998,1009.9458333333333,1011.6458333333334,0.0,82.20833333333333,20.916666666666668,63.333333333333336,99.08333333333333,135.75,54.625,81.125,68.97500000000001,7.941666666666666,11.566666666666668,291.0833333333333,294.7083333333333,16.974999999999998,0.10541666666666667,0.32208333333333333,25.704166666666666,25.925,26.100000000000005,26.399999999999995,0.43966666666666665,0.44654166666666667,0.4497083333333334,0.45304166666666673
2021-11-26,lh,25.412499999999998,85.5,22.741666666666664,31.391666666666666,1010.1999999999999,1011.9,0.0,71.45833333333333,13.416666666666666,50.333333333333336,96.95833333333333,213.95833333333334,140.45833333333334,73.5,203.90833333333333,7.870833333333334,11.549999999999999,305.0833333333333,310.875,16.2,0.16041666666666668,0.4920833333333334,26.179166666666664,26.025000000000002,26.100000000000005,26.399999999999995,0.43729166666666663,0.43654166666666666,0.44858333333333333,0.453
2021-11-27,lh,25.441666666666666,87.83333333333333,23.21666666666667,32.3375,1009.9250000000001,1011.625,0.0,70.125,12.375,49.458333333333336,98.25,166.83333333333334,69.79166666666667,97.04166666666667,96.87083333333334,4.366666666666666,6.533333333333334,200.29166666666666,192.375,11.9375,0.12708333333333335,0.42124999999999996,26.224999999999998,26.1375,26.100000000000005,26.399999999999995,0.44458333333333333,0.4404166666666667,0.4452083333333334,0.453
2021-11-28,lh,24.47083333333333,93.625,23.320833333333336,31.170833333333334,1010.5583333333334,1012.2583333333333,0.0,94.875,62.375,54.625,97.83333333333333,126.16666666666667,47.791666666666664,78.375,71.93333333333334,4.016666666666667,5.0874999999999995,140.41666666666666,138.20833333333334,14.674999999999999,0.09041666666666666,0.21208333333333332,25.46666666666667,25.8875,26.100000000000005,26.399999999999995,0.45445833333333335,0.45058333333333334,0.445125,0.453
2021-11-29,lh,24.09583333333333,93.54166666666667,22.962500000000002,29.741666666666664,1009.5916666666667,1011.2916666666666,0.0,90.83333333333333,17.083333333333332,79.54166666666667,99.58333333333333,80.95833333333333,15.541666666666666,65.41666666666667,23.7,10.170833333333333,14.625,290.0416666666667,298.5416666666667,18.675,0.06625,0.1991666666666667,24.724999999999998,25.329166666666666,26.066666666666666,26.399999999999995,0.43612500000000004,0.4482083333333333,0.4527916666666667,0.453
2021-11-30,lh,24.53333333333333,88.875,22.520833333333332,29.1125,1008.275,1009.975,0.0,61.625,10.708333333333334,39.375,98.375,126.5,25.666666666666668,100.83333333333333,35.53333333333333,16.129166666666666,23.3125,292.375,295.5,30.391666666666666,0.10666666666666667,0.3575,24.766666666666666,24.9875,25.94583333333333,26.399999999999995,0.427625,0.44004166666666666,0.45695833333333336,0.45625000000000004
2021-12-01,lh,25.704166666666666,83.91666666666667,22.71666666666667,32.18333333333333,1008.2291666666666,1009.9291666666667,0.0,44.666666666666664,12.333333333333334,24.333333333333332,62.958333333333336,224.45833333333334,163.91666666666666,60.541666666666664,240.89583333333334,6.0249999999999995,8.220833333333333,178.0,178.66666666666666,13.804166666666667,0.16458333333333333,0.555,25.900000000000002,25.5125,25.895833333333332,26.399999999999995,0.41229166666666667,0.42195833333333327,0.4467916666666667,0.458
2021-12-02,lh,25.391666666666666,89.29166666666667,23.433333333333334,32.354166666666664,1010.4833333333332,1012.1833333333334,0.0,80.91666666666667,7.5,74.29166666666667,98.75,129.875,39.583333333333336,90.29166666666667,57.13333333333333,5.854166666666667,8.200000000000001,114.125,110.08333333333333,15.958333333333334,0.09833333333333333,0.37041666666666667,25.84166666666667,25.879166666666666,25.899999999999995,26.399999999999995,0.41816666666666663,0.4171666666666667,0.43733333333333335,0.457125
2021-12-03,lh,24.929166666666664,91.375,23.40833333333333,31.7375,1012.7083333333334,1014.4083333333333,0.0,86.125,15.541666666666666,78.70833333333333,96.04166666666667,122.54166666666667,39.166666666666664,83.375,54.8375,4.2875,6.133333333333333,163.20833333333334,162.70833333333334,13.383333333333333,0.09416666666666668,0.2783333333333333,25.479166666666668,25.691666666666666,25.899999999999995,26.399999999999995,0.4390833333333333,0.4267083333333333,0.431,0.4562916666666667
2021-12-04,lh,25.337500000000002,86.625,22.858333333333334,31.041666666666668,1012.7583333333333,1014.4708333333333,0.0,64.58333333333333,26.125,41.291666666666664,74.91666666666667,165.08333333333334,90.125,74.95833333333333,136.42916666666667,4.616666666666666,5.979166666666667,152.875,156.95833333333334,14.454166666666667,0.11833333333333333,0.4608333333333334,25.795833333333334,25.675,25.899999999999995,26.399999999999995,0.434,0.429875,0.42674999999999996,0.4555
2021-12-05,lh,24.441666666666666,90.125,22.675,30.495833333333334,1012.2208333333333,1013.9208333333332,0.0,65.125,23.5,44.541666666666664,74.75,118.41666666666667,39.75,78.66666666666667,63.68333333333333,4.879166666666666,7.016666666666667,165.0,157.20833333333334,11.700000000000001,0.08375,0.3116666666666667,25.0,25.545833333333334,25.899999999999995,26.316666666666666,0.435125,0.429125,0.42250000000000004,0.45458333333333334
2021-12-06,lh,24.837500000000002,87.625,22.599999999999998,30.791666666666668,1011.0541666666667,1012.7541666666666,0.0,66.5,37.333333333333336,25.416666666666668,61.25,176.625,102.70833333333333,73.91666666666667,148.26250000000002,6.141666666666667,8.079166666666667,122.70833333333333,113.83333333333333,13.870833333333332,0.1275,0.40625,25.233333333333334,25.229166666666668,25.820833333333336,26.3,0.43645833333333334,0.4342916666666667,0.420125,0.45379166666666665
2021-12-07,lh,25.166666666666668,88.375,23.045833333333334,32.1,1011.4,1013.1,0.0,74.58333333333333,49.916666666666664,55.416666666666664,16.666666666666668,152.83333333333334,88.0,64.83333333333333,132.9625,5.041666666666667,6.791666666666667,141.375,140.54166666666666,14.233333333333334,0.11375,0.38916666666666666,25.445833333333336,25.491666666666664,25.8,26.3,0.4492083333333334,0.44125,0.418125,0.453
2021-12-08,lh,25.620833333333334,85.16666666666667,22.90833333333333,32.05833333333333,1011.1374999999999,1012.8375,0.0,54.916666666666664,21.125,27.416666666666668,73.20833333333333,205.20833333333334,134.625,70.58333333333333,210.66666666666666,5.4875,7.3999999999999995,139.54166666666666,129.33333333333334,14.166666666666666,0.14666666666666667,0.5016666666666666,25.787499999999998,25.608333333333334,25.8,26.3,0.435375,0.438,0.418125,0.45216666666666666
2021-12-09,lh,25.34583333333333,87.33333333333333,23.05,32.050000000000004,1011.8333333333334,1013.5333333333333,0.0,71.04166666666667,28.708333333333332,46.666666666666664,64.83333333333333,167.08333333333334,100.83333333333333,66.25,143.90416666666667,6.054166666666667,7.879166666666666,117.33333333333333,109.75,15.695833333333333,0.125,0.4245833333333333,25.708333333333332,25.770833333333332,25.8,26.3,0.4335833333333334,0.43045833333333333,0.415875,0.4515
2021-12-10,lh,24.208333333333332,93.375,23.066666666666666,31.391666666666666,1012.375,1014.0749999999999,0.0,78.20833333333333,21.625,66.70833333333333,82.29166666666667,96.83333333333333,38.0,58.833333333333336,61.56666666666666,3.9625,5.745833333333334,226.16666666666666,239.125,14.166666666666666,0.07291666666666667,0.20291666666666666,24.7,25.366666666666664,25.8,26.3,0.43625,0.44650000000000006,0.4262916666666667,0.451
2021-12-11,lh,24.695833333333336,90.83333333333333,23.058333333333334,32.362500000000004,1011.6958333333333,1013.3958333333334,0.0,72.79166666666667,27.458333333333332,39.708333333333336,84.95833333333333,190.29166666666666,121.33333333333333,68.95833333333333,181.36666666666667,3.908333333333333,5.1625000000000005,120.33333333333333,115.29166666666667,14.670833333333334,0.13666666666666666,0.3020833333333333,24.962500000000002,24.983333333333334,25.724999999999998,26.3,0.4330833333333333,0.43816666666666665,0.43404166666666666,0.45075
2021-12-12,lh,25.275000000000002,85.58333333333333,22.604166666666668,31.462500000000002,1011.6458333333334,1013.3458333333333,0.0,43.291666666666664,21.083333333333332,16.541666666666668,48.166666666666664,212.625,153.83333333333334,58.791666666666664,236.025,6.395833333333333,8.266666666666667,141.125,134.25,17.079166666666666,0.15291666666666667,0.4879166666666667,25.5125,25.383333333333336,25.7,26.3,0.443375,0.4407916666666667,0.433,0.45
2021-12-13,lh,25.15416666666667,85.33333333333333,22.420833333333334,31.3875,1010.6750000000001,1012.375,0.0,47.333333333333336,23.375,15.916666666666666,57.333333333333336,202.5,128.91666666666666,73.58333333333333,198.94166666666663,5.720833333333334,7.0125,143.58333333333334,140.83333333333334,14.895833333333334,0.14583333333333334,0.4970833333333333,25.583333333333332,25.55,25.7,26.3,0.4315,0.43333333333333335,0.430625,0.45
2021-12-14,lh,25.316666666666666,87.58333333333333,23.03333333333333,32.475,1010.1291666666666,1011.8291666666668,0.0,53.5,30.375,28.791666666666668,36.041666666666664,206.125,136.08333333333334,70.04166666666667,202.275,4.541666666666667,5.895833333333333,141.375,143.5,15.895833333333334,0.15,0.425,25.787499999999998,25.72083333333333,25.7,26.245833333333334,0.43416666666666665,0.42891666666666667,0.4275,0.4495416666666667
2021-12-15,lh,25.583333333333332,85.875,22.954166666666666,32.208333333333336,1009.9833333333332,1011.6833333333334,0.0,53.833333333333336,11.583333333333334,26.625,91.20833333333333,200.08333333333334,123.95833333333333,76.125,185.3375,4.016666666666667,5.383333333333333,150.5,142.33333333333334,12.745833333333332,0.14625000000000002,0.4920833333333334,25.854166666666668,25.775000000000002,25.71666666666667,26.2,0.42720833333333336,0.42766666666666664,0.4247083333333333,0.449
2021-12-16,lh,25.754166666666666,87.5,23.483333333333334,32.541666666666664,1010.4833333333332,1012.1833333333334,0.0,69.29166666666667,27.541666666666668,43.166666666666664,96.0,163.29166666666666,77.66666666666667,85.625,126.04166666666667,4.795833333333333,7.175,226.0,195.25,11.629166666666668,0.12208333333333334,0.43124999999999997,25.954166666666666,25.90416666666667,25.8,26.2,0.42124999999999996,0.4214166666666666,0.42175,0.4487083333333333
2021-12-17,lh,25.016666666666666,91.33333333333333,23.462500000000002,31.3,1010.4,1012.1,0.0,92.625,23.75,84.45833333333333,98.16666666666667,131.29166666666666,59.25,72.04166666666667,80.99583333333334,8.929166666666667,13.254166666666668,297.3333333333333,300.9583333333333,18.558333333333334,0.10166666666666667,0.2891666666666667,25.683333333333334,25.849999999999998,25.8,26.2,0.4378333333333333,0.42520833333333335,0.41912499999999997,0.448
2021-12-18,lh,23.84166666666667,96.20833333333333,23.204166666666666,29.125,1010.5291666666667,1012.2291666666666,0.0,97.375,58.875,94.70833333333333,99.95833333333333,34.291666666666664,0.4583333333333333,33.833333333333336,0.75,10.966666666666667,16.558333333333334,303.5,306.25,17.654166666666665,0.03291666666666667,0.11249999999999999,24.6125,25.3,25.8,26.2,0.44933333333333336,0.45387500000000003,0.4385833333333333,0.448
2021-12-19,lh,23.979166666666668,91.25,22.4375,29.837500000000002,1011.6125000000001,1013.3125,0.0,78.375,5.083333333333333,75.125,95.58333333333333,78.75,12.166666666666666,66.58333333333333,20.337500000000002,5.779166666666666,8.174999999999999,159.125,162.16666666666666,12.4,0.0625,0.26666666666666666,24.15416666666667,24.616666666666664,25.704166666666666,26.2,0.44333333333333336,0.43970833333333337,0.4578333333333333,0.451875
2021-12-20,lh,25.004166666666666,89.375,23.104166666666668,30.808333333333334,1011.3166666666666,1013.0208333333334,0.0,59.25,9.666666666666666,40.333333333333336,88.0,189.45833333333334,130.83333333333334,58.625,197.8125,6.733333333333333,8.758333333333333,160.625,158.16666666666666,15.049999999999999,0.13625,0.34833333333333333,24.962500000000002,24.854166666666668,25.600000000000005,26.2,0.4451666666666667,0.4423333333333333,0.45450000000000007,0.454
2021-12-21,lh,24.370833333333334,92.54166666666667,23.016666666666666,30.308333333333334,1011.8666666666667,1013.5666666666666,0.0,74.08333333333333,39.625,41.5,95.66666666666667,90.33333333333333,20.166666666666668,70.16666666666667,33.74583333333333,10.025,15.216666666666667,305.1666666666667,311.6666666666667,19.854166666666668,0.06833333333333333,0.24083333333333334,24.53333333333333,24.929166666666664,25.525000000000002,26.2,0.438375,0.444625,0.451125,0.45708333333333334
2021-12-22,lh,24.833333333333332,84.54166666666667,21.925,31.0125,1011.6625,1013.3625000000001,0.0,30.708333333333332,7.125,1.375,78.08333333333333,233.75,167.95833333333334,65.79166666666667,250.92499999999998,7.629166666666666,11.166666666666666,296.5833333333333,306.0833333333333,16.724999999999998,0.17333333333333334,0.5287499999999999,25.087500000000002,24.891666666666666,25.462500000000002,26.2,0.41604166666666664,0.4242083333333333,0.43345833333333333,0.45825000000000005
2021-12-23,lh,24.8125,88.125,22.641666666666666,31.224999999999998,1011.1583333333333,1012.8583333333332,0.0,50.458333333333336,24.833333333333332,14.083333333333334,65.20833333333333,206.20833333333334,131.54166666666666,74.66666666666667,209.35416666666666,8.6,12.316666666666668,294.125,304.5,17.904166666666665,0.15125,0.3933333333333333,25.120833333333334,25.166666666666668,25.45,26.162499999999998,0.4134166666666666,0.41533333333333333,0.42570833333333336,0.4571666666666667
2021-12-24,lh,25.34166666666667,83.66666666666667,22.2625,31.666666666666668,1010.6291666666666,1012.3291666666668,0.0,31.125,8.083333333333334,23.916666666666668,31.291666666666668,246.5,196.33333333333334,50.166666666666664,300.7041666666667,5.25,7.25,299.0416666666667,316.7083333333333,13.520833333333334,0.17875,0.5616666666666666,25.5625,25.420833333333334,25.47083333333333,26.100000000000005,0.4067083333333333,0.40962499999999996,0.41933333333333334,0.4560416666666667
2021-12-25,lh,25.829166666666666,81.25,22.233333333333334,31.958333333333332,1011.1416666666668,1012.8416666666667,0.0,27.833333333333332,1.0416666666666667,22.916666666666668,43.5,254.25,203.5,50.75,308.375,5.3,7.429166666666667,216.70833333333334,232.08333333333334,12.041666666666666,0.18625,0.6670833333333334,25.941666666666666,25.679166666666664,25.5,26.100000000000005,0.39487500000000003,0.4014166666666667,0.4134583333333333,0.45475
2021-12-26,lh,25.691666666666666,82.95833333333333,22.441666666666666,32.25,1012.1916666666666,1013.8916666666668,0.0,8.833333333333334,4.583333333333333,7.583333333333333,0.125,252.75,202.41666666666666,50.333333333333336,313.2416666666667,5.091666666666667,7.129166666666666,214.29166666666666,226.375,11.745833333333332,0.18416666666666667,0.6066666666666667,25.929166666666664,25.8125,25.587500000000002,26.100000000000005,0.38316666666666666,0.39254166666666673,0.40808333333333335,0.453625
2021-12-27,lh,25.825,82.66666666666667,22.495833333333334,31.8625,1012.9125,1014.625,0.0,23.291666666666668,15.041666666666666,10.375,11.333333333333334,239.25,186.25,53.0,286.3958333333333,4.8500000000000005,6.5375000000000005,164.20833333333334,172.54166666666666,11.516666666666666,0.17541666666666667,0.6183333333333333,25.983333333333334,25.854166666666668,25.61666666666667,26.100000000000005,0.3725833333333333,0.384625,0.4032083333333334,0.45249999999999996
2021-12-28,lh,25.766666666666666,81.66666666666667,22.27916666666667,31.683333333333334,1011.7166666666667,1013.4166666666666,0.0,37.125,11.541666666666666,11.916666666666666,65.125,217.08333333333334,156.83333333333334,60.25,247.88333333333333,6.308333333333334,8.129166666666666,140.79166666666666,136.41666666666666,14.716666666666667,0.15958333333333333,0.64,26.0,25.945833333333336,25.7,26.100000000000005,0.36562500000000003,0.37733333333333335,0.39879166666666666,0.45141666666666663
2021-12-29,lh,25.97083333333333,82.16666666666667,22.575,32.06666666666667,1011.1333333333333,1012.8333333333334,0.0,37.875,9.5,13.833333333333334,70.04166666666667,234.41666666666666,174.75,59.666666666666664,271.1416666666667,6.520833333333333,8.5,122.125,116.375,14.35,0.1708333333333333,0.6333333333333333,26.349999999999998,26.083333333333332,25.733333333333334,26.100000000000005,0.35904166666666665,0.370875,0.3947083333333334,0.4502916666666667
2021-12-30,lh,24.875,90.29166666666667,23.1375,32.025,1011.7541666666666,1013.4541666666668,0.0,88.58333333333333,61.833333333333336,26.291666666666668,92.04166666666667,165.125,88.875,76.25,121.8125,4.5125,6.091666666666666,111.625,101.33333333333333,17.358333333333334,0.11875000000000001,0.31666666666666665,25.641666666666666,25.97083333333333,25.8,26.100000000000005,0.3845416666666666,0.3682083333333333,0.3912083333333334,0.449125
2021-12-31,lh,23.958333333333332,95.95833333333333,23.2625,30.170833333333334,1012.7583333333333,1014.4625,0.0,93.79166666666667,55.166666666666664,72.29166666666667,99.79166666666667,57.5,3.7083333333333335,53.791666666666664,5.233333333333333,6.5625,9.225,158.41666666666666,163.08333333333334,28.849999999999998,0.04583333333333334,0.12625,24.65833333333333,25.304166666666664,25.8,26.100000000000005,0.45008333333333334,0.423,0.39166666666666666,0.44816666666666666
2022-01-01,lh,24.075,95.95833333333333,23.370833333333334,30.025000000000002,1012.4958333333334,1014.1958333333333,0.0,96.33333333333333,74.625,29.833333333333332,99.45833333333333,106.375,30.291666666666668,76.08333333333333,40.479166666666664,8.225,10.441666666666666,179.54166666666666,124.33333333333333,23.141666666666666,0.07541666666666667,0.125,24.587500000000002,24.879166666666666,25.712500000000002,26.100000000000005,0.4502083333333333,0.4519583333333333,0.41175,0.44745833333333335
2022-01-02,lh,24.604166666666668,89.83333333333333,22.754166666666666,30.008333333333336,1012.3916666666665,1014.1,0.0,86.04166666666667,46.208333333333336,48.5,99.125,128.29166666666666,46.25,82.04166666666667,68.35416666666667,6.8999999999999995,8.041666666666666,253.95833333333334,238.79166666666666,24.479166666666668,0.09208333333333334,0.3325,24.78333333333333,24.866666666666664,25.6125,26.100000000000005,0.45175000000000004,0.4515416666666667,0.43241666666666667,0.44775000000000004
2022-01-03,lh,24.645833333333332,90.625,23.004166666666666,30.941666666666666,1011.1041666666666,1012.8041666666667,0.0,91.70833333333333,28.0,80.08333333333333,97.04166666666667,92.95833333333333,23.25,69.70833333333333,34.699999999999996,4.483333333333333,6.641666666666667,251.41666666666666,228.33333333333334,19.170833333333334,0.07041666666666667,0.2941666666666667,24.695833333333336,24.962500000000002,25.537499999999998,26.066666666666666,0.4467083333333333,0.4458333333333333,0.433,0.448375
2022-01-04,lh,24.641666666666666,91.45833333333333,23.1375,31.445833333333336,1011.9458333333333,1013.6458333333334,0.0,70.70833333333333,32.291666666666664,38.333333333333336,81.375,183.66666666666666,109.75,73.91666666666667,154.38750000000002,4.4875,6.325,176.75,174.95833333333334,13.158333333333333,0.13166666666666668,0.27791666666666665,25.1125,25.0625,25.5,26.0,0.43779166666666663,0.4495,0.438625,0.449
2022-01-05,lh,24.541666666666668,91.0,22.9375,31.191666666666666,1012.1541666666667,1013.875,0.0,62.833333333333336,22.625,47.166666666666664,58.083333333333336,176.375,104.54166666666667,71.83333333333333,149.225,3.420833333333333,4.795833333333333,125.25,107.0,10.941666666666668,0.12708333333333333,0.29458333333333336,25.4375,25.325,25.5,26.0,0.4455,0.4499166666666667,0.4405833333333333,0.4498333333333333
2022-01-06,lh,24.662499999999998,90.375,22.941666666666666,31.479166666666668,1012.0416666666666,1013.7416666666667,0.0,54.541666666666664,34.208333333333336,29.0,40.5,179.25,105.83333333333333,73.41666666666667,169.56666666666666,3.9333333333333336,5.3625,213.04166666666666,191.16666666666666,13.158333333333333,0.13,0.315,25.183333333333334,25.275000000000002,25.5,26.0,0.4410833333333333,0.4439166666666667,0.439875,0.45
2022-01-07,lh,25.866666666666664,81.29166666666667,22.3125,32.3125,1011.625,1013.3249999999999,0.0,30.708333333333332,7.208333333333333,4.625,71.25,247.58333333333334,181.375,66.20833333333333,273.6041666666667,5.904166666666666,8.279166666666667,193.33333333333334,204.70833333333334,12.991666666666667,0.18333333333333335,0.6579166666666667,25.97083333333333,25.59166666666667,25.5,26.0,0.43004166666666666,0.4359583333333333,0.437375,0.45
2022-01-08,lh,25.3,89.875,23.520833333333332,32.487500000000004,1011.6125000000001,1013.3125,0.0,54.666666666666664,19.958333333333332,17.666666666666668,90.25,201.33333333333334,130.16666666666666,71.16666666666667,189.02916666666667,5.125,6.758333333333333,190.04166666666666,157.75,11.595833333333333,0.145,0.3329166666666667,25.8,25.837500000000002,25.55,26.0,0.43,0.4330833333333333,0.43345833333333333,0.45
2022-01-09,lh,25.066666666666666,90.625,23.3875,32.25833333333333,1010.9333333333334,1012.6333333333333,0.0,65.79166666666667,20.583333333333332,37.25,93.70833333333333,187.66666666666666,116.5,71.16666666666667,169.84583333333333,3.7416666666666667,5.641666666666667,145.08333333333334,130.29166666666666,11.633333333333333,0.13499999999999998,0.3154166666666667,25.704166666666666,25.708333333333332,25.600000000000005,26.0,0.4367916666666667,0.4387916666666667,0.4315,0.44908333333333333
2022-01-10,lh,25.195833333333336,88.5,23.099999999999998,32.07083333333333,1012.0749999999999,1013.775,0.0,59.375,14.541666666666666,27.083333333333332,99.875,188.33333333333334,93.08333333333333,95.25,130.67083333333332,4.191666666666666,6.3999999999999995,141.41666666666666,117.625,10.241666666666665,0.13749999999999998,0.3870833333333333,25.729166666666668,25.704166666666666,25.6125,26.0,0.43545833333333334,0.43366666666666664,0.42924999999999996,0.449
2022-01-11,lh,25.837500000000002,82.20833333333333,22.4375,31.2,1011.8166666666666,1013.5208333333334,0.0,37.25,8.208333333333334,18.333333333333332,62.833333333333336,242.29166666666666,177.79166666666666,64.5,266.0166666666667,8.424999999999999,11.737499999999999,302.5833333333333,305.4583333333333,15.654166666666667,0.17916666666666667,0.635,25.90416666666667,25.7,25.662499999999998,26.0,0.425,0.43025,0.42674999999999996,0.44854166666666667
2022-01-12,lh,26.175,82.20833333333333,22.708333333333332,32.0375,1011.4208333333332,1013.1208333333334,0.0,27.541666666666668,5.958333333333333,5.041666666666667,63.666666666666664,267.0416666666667,220.54166666666666,46.5,329.3,8.433333333333334,12.633333333333333,264.6666666666667,259.2083333333333,17.0125,0.19541666666666668,0.6604166666666667,26.445833333333336,26.120833333333334,25.708333333333332,26.0,0.40775,0.41766666666666663,0.4230416666666667,0.448
2022-01-13,lh,25.516666666666666,82.875,22.3,31.479166666666668,1012.0583333333334,1013.7583333333333,0.0,36.375,19.583333333333332,13.541666666666666,35.375,226.79166666666666,169.125,57.666666666666664,258.09166666666664,7.7375,9.75,213.625,161.75,15.075000000000001,0.1691666666666667,0.5854166666666667,25.875,26.045833333333334,25.8,26.0,0.4008333333333334,0.40775,0.41912499999999997,0.4472083333333334
2022-01-14,lh,25.645833333333332,81.33333333333333,22.083333333333332,31.0125,1011.9083333333333,1013.6208333333334,0.0,25.666666666666668,14.666666666666666,11.583333333333334,18.0,243.625,186.75,56.875,285.65,6.195833333333334,16.679166666666667,236.45833333333334,217.83333333333334,14.983333333333334,0.18083333333333332,0.6533333333333333,26.004166666666666,25.900000000000002,25.8,26.0,0.39116666666666666,0.400125,0.41533333333333333,0.4467083333333333
2022-01-15,lh,25.53333333333333,80.16666666666667,21.741666666666664,30.604166666666668,1011.3375,1013.0500000000001,0.0,27.291666666666668,27.916666666666668,3.25,0.2916666666666667,243.375,174.875,68.5,268.5541666666667,9.341666666666667,13.416666666666666,243.04166666666666,249.54166666666666,15.166666666666666,0.18416666666666667,0.6891666666666666,25.995833333333334,25.916666666666668,25.8,26.0,0.37795833333333334,0.3910416666666667,0.41133333333333333,0.446
2022-01-16,lh,25.77916666666667,84.41666666666667,22.870833333333334,31.645833333333332,1011.3333333333334,1013.0333333333333,0.0,33.625,20.0,16.291666666666668,19.75,224.625,164.29166666666666,60.333333333333336,249.38333333333333,7.3999999999999995,10.475,222.70833333333334,229.04166666666666,15.291666666666666,0.16666666666666666,0.5408333333333334,26.433333333333334,26.224999999999998,25.895833333333332,26.0,0.37195833333333334,0.38279166666666664,0.4074583333333333,0.4451666666666667
2022-01-17,lh,25.150000000000002,90.875,23.495833333333334,32.0,1011.6791666666667,1013.3791666666666,0.0,63.291666666666664,32.916666666666664,33.833333333333336,64.54166666666667,212.25,148.95833333333334,63.291666666666664,227.3125,6.220833333333334,8.683333333333334,127.41666666666667,128.45833333333334,13.329166666666666,0.1525,0.3120833333333333,26.087500000000002,26.162499999999998,25.899999999999995,26.0,0.41616666666666663,0.38562500000000005,0.40420833333333334,0.44458333333333333
2022-01-18,lh,25.087500000000002,84.54166666666667,22.204166666666666,30.6375,1011.7458333333334,1013.4458333333333,0.0,66.20833333333333,14.791666666666666,54.5,91.83333333333333,180.08333333333334,104.54166666666667,75.54166666666667,158.73333333333332,5.6000000000000005,7.966666666666668,259.2083333333333,244.41666666666666,11.504166666666668,0.13416666666666666,0.51375,25.670833333333334,25.895833333333332,25.899999999999995,26.0,0.41712499999999997,0.39758333333333334,0.4020416666666667,0.444
2022-01-19,lh,24.775000000000002,82.70833333333333,21.425,30.741666666666664,1010.6083333333332,1012.3208333333333,0.0,45.0,8.0,20.541666666666668,84.625,245.04166666666666,182.29166666666666,62.75,269.80833333333334,5.529166666666666,6.862500000000001,168.20833333333334,164.625,10.991666666666667,0.1775,0.60375,25.433333333333334,25.53333333333333,25.899999999999995,26.0,0.39458333333333334,0.39558333333333334,0.39970833333333333,0.44308333333333333
2022-01-20,lh,25.254166666666666,83.95833333333333,22.150000000000002,31.808333333333334,1009.8541666666666,1011.5666666666666,0.0,19.083333333333332,5.958333333333333,8.375,28.958333333333332,267.2083333333333,220.0,47.208333333333336,329.3833333333333,4.9375,6.129166666666666,193.83333333333334,190.95833333333334,10.329166666666667,0.19583333333333333,0.5795833333333333,25.775000000000002,25.6875,25.862499999999997,26.0,0.37845833333333334,0.3870416666666667,0.39679166666666665,0.44245833333333334
2022-01-21,lh,25.3125,86.91666666666667,22.866666666666664,31.929166666666664,1010.4958333333334,1012.1958333333333,0.0,38.458333333333336,11.208333333333334,23.833333333333332,46.666666666666664,240.875,188.70833333333334,52.166666666666664,281.3208333333333,4.679166666666666,6.304166666666667,174.125,167.125,10.770833333333334,0.17833333333333334,0.4579166666666667,26.008333333333336,25.958333333333332,25.895833333333332,26.0,0.384125,0.38008333333333333,0.39408333333333334,0.44175000000000003
2022-01-22,lh,25.054166666666664,87.45833333333333,22.679166666666664,31.525000000000002,1009.7333333333332,1011.4333333333334,0.0,44.0,17.375,24.791666666666668,44.583333333333336,243.125,187.91666666666666,55.208333333333336,275.95416666666665,5.054166666666666,7.166666666666667,138.54166666666666,125.70833333333333,11.658333333333333,0.17666666666666667,0.44249999999999995,25.90416666666667,25.920833333333334,25.899999999999995,25.95,0.39633333333333337,0.38033333333333336,0.39200000000000007,0.441
2022-01-23,lh,24.96666666666667,89.70833333333333,23.133333333333336,31.97083333333333,1009.65,1011.35,0.0,55.791666666666664,23.541666666666668,33.333333333333336,48.458333333333336,219.20833333333334,148.54166666666666,70.66666666666667,220.9125,5.479166666666667,7.320833333333333,172.5,166.29166666666666,12.700000000000001,0.15833333333333333,0.3429166666666667,25.8625,25.891666666666666,25.899999999999995,25.899999999999995,0.4027083333333334,0.38075,0.3898333333333333,0.4402916666666667
2022-01-24,lh,24.491666666666664,91.125,22.891666666666666,31.745833333333334,1009.5083333333333,1011.2083333333334,0.0,66.66666666666667,27.708333333333332,30.416666666666668,92.33333333333333,192.20833333333334,110.83333333333333,81.375,165.7375,5.379166666666666,7.066666666666666,164.875,158.875,12.520833333333334,0.14208333333333334,0.29375,25.59166666666667,25.766666666666666,25.899999999999995,25.899999999999995,0.4126666666666667,0.3941666666666667,0.3885,0.43975000000000003
2022-01-25,lh,24.954166666666666,91.0,23.358333333333334,31.604166666666668,1009.6791666666667,1011.3791666666666,0.0,71.45833333333333,24.208333333333332,40.75,97.0,181.875,100.625,81.25,153.9125,4.529166666666667,5.816666666666666,171.08333333333334,169.79166666666666,11.4125,0.13208333333333333,0.29458333333333336,25.729166666666668,25.7375,25.899999999999995,25.899999999999995,0.41283333333333333,0.409,0.38800000000000007,0.439
2022-01-26,lh,25.820833333333336,85.75,23.166666666666668,31.979166666666668,1009.5375,1011.2375000000001,0.0,67.91666666666667,5.916666666666667,60.291666666666664,88.04166666666667,180.95833333333334,106.25,74.70833333333333,149.94166666666666,7.4375,10.658333333333333,292.5833333333333,271.2083333333333,15.858333333333334,0.13875,0.5079166666666667,25.912499999999998,25.741666666666664,25.84583333333333,25.899999999999995,0.40924999999999995,0.4081666666666666,0.38758333333333334,0.43850000000000006
2022-01-27,lh,26.316666666666666,84.41666666666667,23.375,32.92916666666667,1009.4291666666667,1011.1291666666666,0.0,62.25,6.5,63.125,61.791666666666664,195.54166666666666,112.25,83.29166666666667,153.25,6.954166666666667,10.704166666666666,241.91666666666666,261.375,13.645833333333334,0.15,0.5695833333333333,26.641666666666666,26.254166666666666,25.899999999999995,25.899999999999995,0.3946666666666667,0.39970833333333333,0.38654166666666673,0.4379583333333333
2022-01-28,lh,26.008333333333336,86.04166666666667,23.370833333333334,32.358333333333334,1010.0875,1011.7875,0.0,36.625,10.708333333333334,20.666666666666668,48.625,252.79166666666666,195.54166666666666,57.25,284.4916666666667,7.508333333333333,10.570833333333333,301.7083333333333,312.0416666666667,14.525,0.18458333333333332,0.5120833333333333,26.666666666666668,26.474999999999998,25.933333333333334,25.899999999999995,0.3910833333333334,0.39116666666666666,0.3845416666666667,0.437
2022-01-29,lh,25.934782608695652,87.1304347826087,23.504347826086956,32.93478260869565,1010.3000000000001,1012.0,0.0,31.82608695652174,13.869565217391305,17.434782608695652,29.434782608695652,247.95652173913044,196.17391304347825,51.78260869565217,280.24347826086955,5.839130434782609,7.4739130434782615,154.0,152.2608695652174,11.839130434782609,0.18434782608695652,0.47347826086956524,26.8,26.582608695652173,26.017391304347825,25.9,0.39091304347826084,0.3857391304347826,0.38300000000000006,0.43652173913043474
2022-01-30,lh,25.766666666666666,86.125,23.179166666666664,32.19166666666667,1010.25,1011.9499999999999,0.0,45.625,16.416666666666668,19.458333333333332,63.666666666666664,249.75,195.29166666666666,54.458333333333336,282.09999999999997,8.479166666666666,12.275,149.29166666666666,142.66666666666666,16.445833333333333,0.18208333333333335,0.49333333333333335,26.525000000000002,26.5,26.100000000000005,25.899999999999995,0.38475,0.38083333333333336,0.38120833333333337,0.436
2022-01-31,lh,25.712500000000002,84.66666666666667,22.754166666666666,32.050000000000004,1009.5458333333332,1011.2458333333334,0.0,37.791666666666664,10.916666666666666,9.041666666666666,74.58333333333333,259.0833333333333,199.70833333333334,59.375,292.6083333333333,5.083333333333333,6.716666666666666,148.29166666666666,135.25,12.070833333333333,0.19166666666666665,0.56125,26.5625,26.425,26.100000000000005,25.929166666666664,0.37766666666666665,0.3754166666666667,0.37929166666666664,0.4350833333333333
2022-02-01,lh,25.537499999999998,86.54166666666667,22.983333333333334,32.329166666666666,1009.3125,1011.0124999999999,0.0,35.125,9.333333333333334,9.25,70.33333333333333,254.54166666666666,195.91666666666666,58.625,279.96666666666664,5.533333333333334,7.341666666666666,139.29166666666666,124.16666666666667,12.275,0.1875,0.4895833333333333,26.429166666666664,26.391666666666666,26.150000000000002,26.0,0.3660833333333333,0.3689166666666666,0.37729166666666664,0.4345833333333333
2022-02-02,lh,25.633333333333336,85.79166666666667,22.95,32.63333333333333,1010.275,1011.975,0.0,38.666666666666664,5.333333333333333,8.375,95.875,244.125,166.95833333333334,77.16666666666667,239.51250000000002,3.766666666666667,11.104166666666666,292.2083333333333,163.0,11.104166666666666,0.18041666666666667,0.50875,26.354166666666668,26.34166666666667,26.2,26.0,0.3661666666666667,0.36308333333333337,0.37554166666666666,0.434
2022-02-03,lh,25.8125,85.33333333333333,23.008333333333336,32.512499999999996,1009.6,1011.3000000000001,0.0,38.458333333333336,7.291666666666667,12.75,80.83333333333333,249.875,192.375,57.5,280.04583333333335,5.020833333333333,7.55,220.625,113.75,11.679166666666667,0.1825,0.5358333333333333,26.474999999999998,26.354166666666668,26.2,26.0,0.3665,0.35925,0.37375,0.43320833333333336
2022-02-04,lh,25.354166666666668,88.20833333333333,23.1875,31.891666666666666,1009.2416666666667,1010.9416666666666,0.0,44.25,10.666666666666666,16.875,81.54166666666667,210.875,141.20833333333334,69.66666666666667,203.45416666666668,5.6125,7.716666666666666,208.875,172.41666666666666,13.154166666666667,0.15583333333333335,0.4070833333333333,25.97083333333333,26.208333333333332,26.2,26.0,0.3705833333333333,0.35591666666666666,0.3717916666666667,0.4327083333333333
2022-02-05,lh,25.1375,88.83333333333333,23.129166666666666,31.808333333333334,1009.8416666666667,1011.5416666666666,0.0,70.16666666666667,27.916666666666668,28.75,94.75,194.08333333333334,107.66666666666667,86.41666666666667,141.70833333333334,4.7,5.908333333333334,217.25,252.20833333333334,13.429166666666667,0.14375000000000002,0.3745833333333333,25.833333333333332,25.983333333333334,26.1875,26.0,0.3835,0.3558333333333333,0.3705416666666667,0.432
2022-02-06,lh,25.287499999999998,89.04166666666667,23.21666666666667,32.3125,1010.4375,1012.1374999999999,0.0,56.458333333333336,19.208333333333332,17.958333333333332,95.41666666666667,228.08333333333334,158.5,69.58333333333333,212.4416666666667,6.9375,9.825000000000001,254.0,259.0416666666667,16.004166666666666,0.1679166666666667,0.39916666666666667,26.037499999999998,26.004166666666666,26.108333333333334,26.0,0.40458333333333335,0.36795833333333333,0.369125,0.4315
2022-02-07,lh,25.09583333333333,90.25,23.329166666666666,31.537499999999998,1011.2958333333332,1012.9958333333334,0.0,68.625,14.833333333333334,43.916666666666664,98.08333333333333,138.54166666666666,41.0,97.54166666666667,59.02916666666667,4.620833333333334,6.604166666666667,194.66666666666666,185.5,10.779166666666667,0.10625,0.3283333333333333,25.825,25.983333333333334,26.100000000000005,26.0,0.44129166666666664,0.4130833333333333,0.3690833333333334,0.431
2022-02-08,lh,25.504166666666666,87.20833333333333,23.133333333333336,31.97083333333333,1010.6125000000001,1012.3125,0.0,53.166666666666664,19.416666666666668,10.5,99.125,184.58333333333334,79.70833333333333,104.875,107.93333333333334,5.929166666666667,9.2125,169.125,163.16666666666666,13.5625,0.13625,0.44625000000000004,25.979166666666668,25.875,26.100000000000005,26.0,0.4297916666666666,0.423875,0.3715,0.4303333333333333
2022-02-09,lh,25.641666666666666,86.83333333333333,23.233333333333334,31.795833333333334,1010.2541666666666,1011.9541666666668,0.0,54.083333333333336,7.75,31.333333333333332,94.08333333333333,199.0,104.16666666666667,94.83333333333333,142.24166666666665,6.420833333333333,9.345833333333333,210.20833333333334,211.70833333333334,13.245833333333332,0.14291666666666666,0.45208333333333334,26.233333333333334,26.208333333333332,26.100000000000005,26.0,0.42254166666666665,0.41962499999999997,0.373125,0.43
2022-02-10,lh,25.287499999999998,87.20833333333333,22.933333333333334,31.425,1010.3791666666666,1012.0791666666668,0.0,58.75,15.833333333333334,33.458333333333336,99.95833333333333,171.04166666666666,68.33333333333333,102.70833333333333,90.08749999999999,5.245833333333334,7.416666666666667,217.0,210.70833333333334,11.0375,0.12916666666666668,0.4345833333333333,25.758333333333336,25.945833333333336,26.100000000000005,26.0,0.42454166666666665,0.4250833333333333,0.37575000000000003,0.4292916666666666
2022-02-11,lh,25.729166666666668,82.91666666666667,22.433333333333334,31.729166666666668,1009.2291666666666,1010.9291666666667,0.0,68.04166666666667,9.833333333333334,52.375,95.91666666666667,219.83333333333334,136.29166666666666,83.54166666666667,193.4958333333333,6.091666666666666,8.504166666666666,186.79166666666666,192.625,12.666666666666666,0.165,0.615,26.320833333333336,26.0625,26.05,26.0,0.40962499999999996,0.41370833333333334,0.377,0.429
2022-02-12,lh,25.7375,84.875,22.895833333333332,31.929166666666664,1008.5791666666668,1010.2791666666667,0.0,56.958333333333336,7.166666666666667,45.75,76.66666666666667,238.25,165.5,72.75,231.8166666666667,4.925,6.7250000000000005,173.0,150.875,11.833333333333334,0.17500000000000002,0.5370833333333334,26.525000000000002,26.34166666666667,26.100000000000005,26.0,0.4018333333333333,0.4033333333333333,0.376625,0.428375
2022-02-13,lh,26.058333333333334,83.0,22.837500000000002,32.69583333333333,1006.7958333333332,1008.4958333333334,0.0,55.583333333333336,8.958333333333334,39.166666666666664,79.875,256.8333333333333,194.16666666666666,62.666666666666664,280.34166666666664,5.166666666666667,7.4750000000000005,138.45833333333334,125.08333333333333,11.975,0.18916666666666668,0.6083333333333333,26.625,26.445833333333336,26.100000000000005,26.0,0.392125,0.394625,0.37562500000000004,0.428
2022-02-14,lh,25.474999999999998,89.33333333333333,23.5125,32.94166666666667,1007.0333333333333,1008.7333333333332,0.0,62.458333333333336,33.458333333333336,14.375,87.41666666666667,241.54166666666666,164.45833333333334,77.08333333333333,226.65833333333333,4.316666666666666,6.258333333333333,135.125,124.375,10.8375,0.17541666666666667,0.3758333333333333,26.34166666666667,26.40416666666667,26.125,26.0,0.39995833333333336,0.3925416666666666,0.3745416666666667,0.4274166666666666
2022-02-15,lh,25.40833333333333,90.375,23.65416666666667,31.520833333333332,1006.8166666666666,1008.5166666666668,0.0,70.66666666666667,11.583333333333334,52.125,96.45833333333333,139.0,44.0,95.0,61.975,5.9624999999999995,8.195833333333333,269.7083333333333,266.3333333333333,14.116666666666667,0.10333333333333333,0.33041666666666664,25.96666666666667,26.150000000000002,26.2,26.0,0.42291666666666666,0.4110416666666667,0.374875,0.427
2022-02-16,lh,25.2625,90.875,23.570833333333336,32.02916666666667,1006.1958333333333,1007.8958333333334,0.0,70.375,15.25,52.916666666666664,92.45833333333333,190.08333333333334,89.20833333333333,100.875,115.07916666666667,4.433333333333334,5.995833333333334,267.5833333333333,273.4166666666667,12.029166666666667,0.1425,0.32625,26.3875,26.22083333333333,26.141666666666666,26.0,0.4375833333333334,0.44354166666666667,0.38725000000000004,0.427
2022-02-17,lh,25.470833333333335,89.0,23.433333333333334,32.27916666666667,1006.2083333333334,1007.9083333333333,0.0,66.29166666666667,15.458333333333334,63.791666666666664,66.79166666666667,176.66666666666666,79.625,97.04166666666667,110.49166666666666,6.266666666666667,8.508333333333333,282.5833333333333,283.75,12.208333333333334,0.14041666666666666,0.38875,25.958333333333332,26.104166666666668,26.133333333333336,26.0,0.4310833333333333,0.433125,0.39975000000000005,0.42612500000000003
2022-02-18,lh,25.97083333333333,87.375,23.59166666666667,33.4375,1007.7916666666666,1009.4916666666667,0.0,34.791666666666664,5.916666666666667,21.875,54.208333333333336,261.1666666666667,203.5,57.666666666666664,284.62916666666666,5.7250000000000005,8.0875,215.41666666666666,229.16666666666666,11.424999999999999,0.19333333333333333,0.47125,26.391666666666666,26.141666666666666,26.100000000000005,26.0,0.42724999999999996,0.42945833333333333,0.40162500000000007,0.426
2022-02-19,lh,26.508333333333336,84.20833333333333,23.5125,33.8125,1009.8333333333334,1011.5333333333333,0.0,55.5,14.083333333333334,43.833333333333336,54.791666666666664,251.54166666666666,177.20833333333334,74.33333333333333,233.89166666666665,4.020833333333333,4.966666666666667,197.45833333333334,195.33333333333334,10.591666666666667,0.18625,0.58625,26.712500000000002,26.47083333333333,26.129166666666666,26.0,0.42041666666666666,0.4265833333333333,0.40279166666666666,0.426
2022-02-20,lh,25.958333333333332,87.58333333333333,23.65416666666667,32.93333333333333,1010.0958333333333,1011.7958333333332,0.0,53.166666666666664,19.0,37.916666666666664,43.958333333333336,231.08333333333334,146.95833333333334,84.125,211.4333333333333,5.9750000000000005,8.4125,166.0,156.04166666666666,12.904166666666667,0.1745833333333333,0.4491666666666667,26.729166666666668,26.604166666666668,26.2,26.0,0.41679166666666667,0.4164999999999999,0.40254166666666674,0.4258333333333333
2022-02-21,lh,26.275000000000002,84.79166666666667,23.383333333333336,33.11666666666667,1009.7875,1011.4875000000001,0.0,34.333333333333336,7.666666666666667,9.333333333333334,72.58333333333333,256.75,185.25,71.5,258.1125,5.575,7.1875,185.04166666666666,173.625,12.404166666666667,0.19041666666666668,0.5654166666666667,26.854166666666668,26.6375,26.224999999999998,26.0,0.40958333333333335,0.41025,0.40137500000000004,0.425
2022-02-22,lh,26.4875,83.16666666666667,23.258333333333336,32.87916666666667,1010.5458333333332,1012.2458333333334,0.0,38.916666666666664,7.375,13.375,80.75,250.33333333333334,170.75,79.58333333333333,238.59166666666667,5.466666666666666,6.954166666666667,196.04166666666666,212.125,12.004166666666668,0.18583333333333332,0.6283333333333333,26.90833333333333,26.745833333333334,26.3,26.0,0.3970833333333334,0.4013333333333334,0.3995416666666667,0.425
2022-02-23,lh,25.608333333333334,89.75,23.77916666666667,32.541666666666664,1011.6625,1013.3625000000001,0.0,50.041666666666664,19.625,8.666666666666666,91.875,224.33333333333334,133.58333333333334,90.75,191.59583333333333,4.404166666666667,5.816666666666666,152.5,123.70833333333333,12.241666666666667,0.16041666666666668,0.34874999999999995,26.395833333333332,26.579166666666666,26.3,26.0,0.4091666666666667,0.3967083333333334,0.3977916666666667,0.425
2022-02-24,lh,24.995833333333334,89.20833333333333,23.020833333333332,31.570833333333336,1013.0375,1014.7458333333334,0.0,70.16666666666667,32.0,21.75,99.5,186.95833333333334,75.5,111.45833333333333,92.96666666666665,4.329166666666667,6.1499999999999995,128.5,117.125,14.4375,0.13583333333333333,0.3645833333333333,25.920833333333334,26.183333333333334,26.3,26.0,0.425875,0.40854166666666664,0.397,0.42454166666666665
2022-02-25,lh,24.712500000000002,89.16666666666667,22.754166666666666,30.233333333333334,1012.3125,1014.0124999999999,0.0,76.20833333333333,38.333333333333336,32.083333333333336,98.95833333333333,177.16666666666666,89.29166666666667,87.875,116.99583333333334,5.925,7.8374999999999995,271.0,255.91666666666666,21.216666666666665,0.12791666666666665,0.35708333333333336,25.625,25.925,26.295833333333334,26.0,0.4335,0.4197916666666666,0.39675,0.424
2022-02-26,lh,24.141666666666666,92.25,22.7375,29.666666666666668,1011.9041666666667,1013.6041666666666,0.0,93.08333333333333,37.375,73.5,99.70833333333333,100.75,18.25,82.5,23.037499999999998,4.675,6.683333333333334,216.66666666666666,216.79166666666666,25.866666666666664,0.07541666666666667,0.24833333333333332,24.962500000000002,25.504166666666666,26.1875,26.0,0.43933333333333335,0.44408333333333333,0.40829166666666666,0.424
2022-02-27,lh,23.754166666666666,96.45833333333333,23.170833333333334,29.479166666666668,1010.7416666666667,1012.4416666666666,0.0,98.16666666666667,56.791666666666664,89.25,99.33333333333333,75.25,20.25,55.0,23.379166666666666,8.304166666666667,11.237499999999999,291.25,274.4166666666667,18.337500000000002,0.06291666666666666,0.10375,24.479166666666668,25.041666666666668,26.05416666666667,26.0,0.44475,0.45329166666666665,0.4379166666666667,0.4244583333333333
2022-02-28,lh,24.633333333333336,92.25,23.245833333333334,30.604166666666668,1010.2916666666666,1011.9916666666667,0.0,76.79166666666667,18.291666666666668,51.875,98.16666666666667,161.29166666666666,55.791666666666664,105.5,67.62916666666668,9.220833333333333,13.204166666666666,314.5,318.125,21.849999999999998,0.11750000000000001,0.2575,24.90833333333333,24.96666666666667,25.916666666666668,26.0,0.44308333333333333,0.4402083333333333,0.4549166666666667,0.429
2022-03-01,lh,25.708333333333332,86.66666666666667,23.28333333333333,30.766666666666666,1010.6125000000001,1012.3125,0.0,84.875,5.416666666666667,84.70833333333333,97.625,187.66666666666666,95.45833333333333,92.20833333333333,118.80000000000001,10.408333333333333,15.8125,309.625,313.625,19.166666666666668,0.14416666666666667,0.4566666666666667,25.787499999999998,25.5125,25.8,26.0,0.4355,0.4387916666666667,0.4519583333333333,0.431875
2022-03-02,lh,25.833333333333332,88.41666666666667,23.7,31.84583333333333,1010.3249999999999,1012.025,0.0,58.583333333333336,13.833333333333334,36.25,81.08333333333333,223.04166666666666,134.66666666666666,88.375,179.19583333333333,9.279166666666667,13.266666666666666,277.7083333333333,278.7916666666667,17.904166666666665,0.16333333333333333,0.41250000000000003,26.3,26.045833333333334,25.816666666666666,26.0,0.4367083333333333,0.43654166666666666,0.4482083333333333,0.43329166666666663
2022-03-03,lh,25.866666666666664,87.66666666666667,23.558333333333334,32.637499999999996,1010.7208333333333,1012.4208333333332,0.0,50.166666666666664,14.25,15.541666666666666,93.16666666666667,264.3333333333333,183.375,80.95833333333333,253.61666666666667,3.9333333333333336,5.041666666666667,175.91666666666666,174.625,11.125,0.1925,0.4579166666666667,26.570833333333336,26.229166666666668,25.899999999999995,26.0,0.4237916666666666,0.43854166666666666,0.453125,0.4350833333333333
2022-03-04,lh,26.166666666666668,85.5,23.3625,33.104166666666664,1010.3291666666668,1012.0291666666667,0.0,38.541666666666664,6.75,7.666666666666667,92.875,246.95833333333334,155.41666666666666,91.54166666666667,216.32916666666665,5.2875,7.0874999999999995,151.04166666666666,141.5,11.112499999999999,0.18166666666666667,0.5491666666666667,26.670833333333334,26.441666666666666,25.933333333333334,26.0,0.4114583333333333,0.4224583333333333,0.4479583333333333,0.43649999999999994
2022-03-05,lh,25.570833333333336,90.20833333333333,23.804166666666664,32.074999999999996,1010.1958333333333,1011.8958333333334,0.0,66.875,12.25,43.708333333333336,98.75,169.125,52.208333333333336,116.91666666666667,74.11666666666666,4.9875,7.679166666666667,145.875,137.70833333333334,11.516666666666666,0.12458333333333334,0.33416666666666667,26.25,26.3875,26.008333333333336,26.0,0.42075,0.41679166666666667,0.44370833333333337,0.437
2022-03-07,lh,25.116666666666664,93.33333333333333,23.95,32.295833333333334,1009.5916666666667,1011.2916666666666,0.0,67.29166666666667,29.083333333333332,24.125,98.54166666666667,163.25,52.875,110.375,70.95,4.3625,5.983333333333333,172.08333333333334,167.0,9.625,0.12,0.22166666666666668,25.995833333333334,25.9875,26.0,26.0,0.43241666666666667,0.44,0.441375,0.4371666666666667
2022-03-08,lh,25.420833333333334,89.45833333333333,23.504166666666666,31.695833333333336,1009.1625,1010.8625000000001,0.0,65.33333333333333,2.7083333333333335,54.916666666666664,99.54166666666667,150.375,56.875,93.5,72.4375,5.245833333333334,7.7749999999999995,274.9166666666667,297.1666666666667,10.395833333333334,0.11083333333333334,0.36333333333333334,25.912499999999998,25.97083333333333,26.0,26.0,0.428,0.4354166666666666,0.44483333333333336,0.438
2022-03-09,lh,25.445833333333336,86.41666666666667,22.916666666666668,31.820833333333336,1008.4916666666667,1010.1916666666666,0.0,59.375,10.125,42.0,83.33333333333333,251.91666666666666,168.0,83.91666666666667,213.50833333333333,8.0375,11.070833333333333,233.5,235.33333333333334,15.575000000000001,0.18375,0.47583333333333333,26.041666666666668,25.945833333333336,26.0,26.0,0.442375,0.4350833333333333,0.44354166666666667,0.438
2022-03-10,lh,25.395833333333332,89.04166666666667,23.40833333333333,32.40416666666667,1008.6541666666667,1010.3541666666666,0.0,64.83333333333333,8.791666666666666,45.333333333333336,99.04166666666667,143.45833333333334,42.916666666666664,100.54166666666667,57.69166666666666,3.8125,5.416666666666667,158.16666666666666,152.25,8.4375,0.10916666666666668,0.37166666666666665,25.770833333333332,25.916666666666668,26.0,26.0,0.449125,0.45012500000000005,0.446375,0.43875
2022-03-11,lh,25.558333333333334,89.08333333333333,23.616666666666664,32.295833333333334,1008.1750000000001,1009.875,0.0,58.583333333333336,28.083333333333332,17.75,81.875,176.08333333333334,69.20833333333333,106.875,93.36666666666667,7.391666666666667,11.025,139.375,131.04166666666666,14.566666666666668,0.13208333333333333,0.3658333333333333,25.833333333333332,25.849999999999998,26.0,26.0,0.43566666666666665,0.4447083333333333,0.44895833333333335,0.43929166666666664
2022-03-12,lh,26.52916666666667,83.58333333333333,23.3875,33.21666666666667,1007.4583333333334,1009.1583333333333,0.0,24.416666666666668,6.833333333333333,6.625,47.708333333333336,280.75,227.83333333333334,52.916666666666664,311.925,5.8374999999999995,8.241666666666667,132.75,123.66666666666667,11.8125,0.20625000000000002,0.6141666666666666,26.795833333333334,26.28333333333333,26.0,26.0,0.4150416666666667,0.4302083333333333,0.4489166666666667,0.4405833333333333
2022-03-13,lh,26.083333333333332,85.91666666666667,23.400000000000002,32.92916666666667,1007.3708333333334,1009.0708333333333,0.0,36.333333333333336,12.041666666666666,9.583333333333334,65.95833333333333,267.7916666666667,206.16666666666666,61.625,285.25,6.8125,9.35,158.95833333333334,147.125,13.5375,0.19083333333333333,0.525,26.770833333333332,26.558333333333334,26.041666666666668,26.0,0.4071666666666667,0.41720833333333335,0.4446666666666667,0.441
2022-03-14,lh,26.066666666666666,87.25,23.6875,32.4625,1007.9,1009.6,0.0,52.75,18.458333333333332,19.541666666666668,81.08333333333333,235.20833333333334,157.375,77.83333333333333,207.50833333333333,6.545833333333333,9.758333333333333,147.45833333333334,138.625,11.737499999999999,0.16749999999999998,0.4604166666666667,27.004166666666666,26.741666666666664,26.129166666666666,26.0,0.4230416666666667,0.4134166666666666,0.44075,0.441
2022-03-15,lh,25.7375,88.79166666666667,23.695833333333336,33.4,1007.0916666666667,1008.7916666666666,0.0,39.416666666666664,10.625,13.041666666666666,73.08333333333333,255.125,174.875,80.25,237.73333333333335,5.5874999999999995,7.170833333333333,175.625,169.16666666666666,11.295833333333334,0.18875,0.4025,26.787499999999998,26.712500000000002,26.204166666666666,26.0,0.4307916666666667,0.41850000000000004,0.438,0.441
2022-03-16,lh,25.791666666666668,90.25,24.0125,33.199999999999996,1007.3333333333334,1009.0333333333333,0.0,62.875,19.5,31.083333333333332,88.83333333333333,241.16666666666666,172.75,68.41666666666667,222.70416666666665,4.9125000000000005,6.675,182.20833333333334,175.33333333333334,11.520833333333334,0.17541666666666667,0.3491666666666667,26.8,26.695833333333336,26.3,26.0,0.43324999999999997,0.42625,0.4355833333333334,0.441
2022-03-17,lh,25.866666666666664,88.5,23.733333333333334,32.487500000000004,1007.4708333333333,1009.1708333333332,0.0,70.875,4.833333333333333,67.91666666666667,86.08333333333333,152.54166666666666,51.958333333333336,100.58333333333333,77.34583333333333,4.295833333333333,5.6625000000000005,300.3333333333333,287.25,12.745833333333332,0.11708333333333333,0.41333333333333333,26.354166666666668,26.441666666666666,26.3,26.0,0.440375,0.4322916666666667,0.43379166666666663,0.441
2022-03-18,lh,26.391666666666666,86.20833333333333,23.837500000000002,33.1625,1006.9416666666666,1008.6416666666668,0.0,77.625,6.791666666666667,76.75,92.54166666666667,182.375,77.91666666666667,104.45833333333333,93.95833333333333,7.7749999999999995,11.066666666666668,279.375,285.0416666666667,12.674999999999999,0.14708333333333332,0.4979166666666666,26.566666666666666,26.47083333333333,26.3,26.0,0.42954166666666665,0.4302083333333333,0.43254166666666666,0.4400833333333333
2022-03-19,lh,25.941666666666666,89.125,23.929166666666664,33.59166666666667,1006.6916666666666,1008.3916666666668,0.0,54.333333333333336,8.791666666666666,29.083333333333332,96.08333333333333,232.875,142.45833333333334,90.41666666666667,185.0583333333333,6.075,8.116666666666667,183.66666666666666,188.95833333333334,13.266666666666666,0.1708333333333333,0.3941666666666667,26.683333333333334,26.570833333333336,26.3,26.008333333333336,0.4375833333333334,0.437625,0.431,0.44
2022-03-20,lh,26.304166666666664,87.33333333333333,23.9375,33.19166666666667,1007.0541666666667,1008.7541666666666,0.0,51.208333333333336,7.125,25.583333333333332,98.58333333333333,255.29166666666666,180.16666666666666,75.125,230.625,6.433333333333334,9.483333333333333,216.25,213.5,13.0375,0.18833333333333332,0.4670833333333333,26.912499999999998,26.7,26.329166666666666,26.100000000000005,0.43375,0.4390833333333333,0.4307083333333333,0.44
2022-03-21,lh,26.1875,87.5,23.891666666666666,33.237500000000004,1008.9291666666667,1010.6291666666666,0.0,60.5,10.5,38.125,95.54166666666667,225.625,120.04166666666667,105.58333333333333,145.35416666666666,6.387499999999999,9.041666666666666,259.1666666666667,256.0416666666667,12.183333333333332,0.16458333333333333,0.45416666666666666,26.75,26.65833333333333,26.399999999999995,26.100000000000005,0.437,0.4405833333333333,0.4314166666666666,0.44
2022-03-22,lh,26.354166666666668,87.125,23.97083333333333,33.9375,1009.475,1011.1750000000001,0.0,49.958333333333336,17.375,20.791666666666668,75.75,259.4166666666667,183.54166666666666,75.875,248.97083333333333,5.5249999999999995,7.504166666666666,245.75,255.04166666666666,12.729166666666666,0.19333333333333333,0.47625,26.995833333333334,26.7625,26.399999999999995,26.100000000000005,0.43445833333333334,0.4407916666666667,0.433,0.44
2022-03-23,lh,25.8,91.16666666666667,24.1875,33.19166666666667,1009.6333333333333,1011.3333333333334,0.0,61.75,27.791666666666668,18.083333333333332,94.41666666666667,202.0,103.04166666666667,98.95833333333333,145.51666666666668,4.9624999999999995,6.8125,147.875,141.5,10.933333333333332,0.1525,0.3129166666666667,26.829166666666666,26.8625,26.441666666666666,26.100000000000005,0.42891666666666667,0.4355833333333334,0.4367083333333333,0.44
2022-03-24,lh,25.604166666666668,90.29166666666667,23.883333333333336,32.55416666666667,1009.4416666666666,1011.1416666666668,0.0,57.5,20.875,23.625,81.45833333333333,174.58333333333334,63.916666666666664,110.66666666666667,81.65833333333333,5.779166666666666,8.191666666666666,188.79166666666666,186.70833333333334,12.616666666666667,0.13166666666666668,0.33166666666666667,26.304166666666664,26.495833333333334,26.5,26.100000000000005,0.436,0.4363333333333333,0.436,0.43929166666666664
2022-03-25,lh,25.8625,89.08333333333333,23.866666666666664,32.895833333333336,1010.2583333333333,1011.9583333333334,0.0,41.541666666666664,16.291666666666668,21.0,47.125,247.66666666666666,183.125,64.54166666666667,241.4125,6.366666666666667,8.975,170.95833333333334,163.91666666666666,12.441666666666668,0.18166666666666667,0.38875,26.712500000000002,26.5125,26.433333333333334,26.100000000000005,0.4378333333333333,0.44412500000000005,0.43754166666666666,0.439
2022-03-26,lh,26.008333333333336,87.125,23.625,33.025,1011.2083333333334,1012.9083333333333,0.0,29.958333333333332,7.75,10.25,56.25,280.6666666666667,224.16666666666666,56.5,302.525,6.529166666666666,8.637500000000001,170.54166666666666,159.0,13.245833333333332,0.20833333333333334,0.4708333333333334,26.883333333333336,26.704166666666666,26.44583333333333,26.100000000000005,0.425625,0.4359583333333333,0.44154166666666667,0.439
2022-03-27,lh,26.204166666666666,86.91666666666667,23.7625,32.637499999999996,1011.275,1012.975,0.0,28.791666666666668,7.375,9.958333333333334,53.791666666666664,259.25,193.95833333333334,65.29166666666667,262.15833333333336,6.516666666666667,9.033333333333333,160.20833333333334,149.29166666666666,12.491666666666667,0.19166666666666665,0.48125,26.945833333333336,26.8,26.5,26.100000000000005,0.433,0.4322083333333333,0.44054166666666666,0.439
2022-03-28,lh,26.708333333333332,84.75,23.804166666666664,32.887499999999996,1010.5166666666668,1012.2166666666667,0.0,30.041666666666668,10.291666666666666,4.25,60.5,252.125,163.66666666666666,88.45833333333333,226.57083333333333,7.75,11.237499999999999,161.66666666666666,150.75,15.370833333333332,0.19125,0.5733333333333334,27.108333333333334,26.90416666666667,26.5,26.100000000000005,0.42062499999999997,0.42383333333333334,0.4383333333333333,0.439
2022-03-29,lh,26.491666666666664,85.125,23.7,32.97083333333333,1009.85,1011.5500000000001,0.0,21.833333333333332,7.25,5.5,39.791666666666664,274.6666666666667,214.54166666666666,60.125,291.1791666666667,7.258333333333333,10.204166666666667,152.875,145.08333333333334,14.179166666666667,0.20458333333333334,0.5470833333333334,27.316666666666666,27.099999999999998,26.537499999999998,26.100000000000005,0.40829166666666666,0.4138333333333333,0.43545833333333334,0.439
2022-03-30,lh,26.458333333333332,84.66666666666667,23.59583333333333,33.041666666666664,1009.4250000000001,1011.125,0.0,24.416666666666668,9.25,9.916666666666666,33.416666666666664,275.75,221.04166666666666,54.708333333333336,294.57916666666665,9.025,12.583333333333334,160.70833333333334,155.29166666666666,16.075,0.20958333333333334,0.5599999999999999,27.224999999999998,27.108333333333334,26.600000000000005,26.100000000000005,0.4033333333333333,0.40558333333333335,0.43179166666666663,0.439
2022-03-31,lh,26.320833333333336,85.75,23.6875,32.00833333333333,1010.1458333333334,1011.8458333333333,0.0,42.5,11.0,7.166666666666667,94.33333333333333,224.25,121.20833333333333,103.04166666666667,160.64583333333334,10.2125,14.829166666666666,144.875,139.83333333333334,17.866666666666667,0.17333333333333334,0.5075,27.020833333333332,27.004166666666666,26.629166666666666,26.100000000000005,0.402125,0.4007083333333334,0.428375,0.439
2022-04-01,lh,26.40833333333333,85.33333333333333,23.683333333333334,32.574999999999996,1009.9375,1011.6374999999999,0.0,36.0,6.833333333333333,8.375,82.375,262.875,189.875,73.0,250.53333333333333,7.270833333333333,10.083333333333334,162.70833333333334,154.29166666666666,14.533333333333333,0.19166666666666668,0.53125,27.2,27.016666666666666,26.7,26.15833333333333,0.40762499999999996,0.39762500000000006,0.42483333333333334,0.43850000000000006
2022-04-02,lh,25.991666666666664,86.95833333333333,23.5625,32.24166666666667,1010.7541666666666,1012.4541666666668,0.0,51.5,15.541666666666666,14.416666666666666,96.83333333333333,211.95833333333334,98.66666666666667,113.29166666666667,127.81666666666666,8.833333333333334,12.450000000000001,151.75,142.79166666666666,16.645833333333332,0.16125,0.46375000000000005,26.825,26.912499999999998,26.7,26.2,0.4234166666666666,0.4048333333333334,0.42195833333333327,0.438
2022-04-03,lh,24.6125,93.66666666666667,23.5,30.333333333333332,1010.8958333333334,1012.5958333333333,0.0,85.41666666666667,27.875,63.833333333333336,95.375,99.5,19.666666666666668,79.83333333333333,25.84583333333333,8.425,12.145833333333334,156.20833333333334,151.83333333333334,16.083333333333332,0.07541666666666667,0.20333333333333334,25.541666666666668,26.275000000000002,26.662499999999998,26.2,0.441625,0.42758333333333337,0.420375,0.438
2022-04-04,lh,25.291666666666668,87.70833333333333,23.004166666666666,31.854166666666668,1010.9791666666666,1012.6791666666667,0.0,65.625,10.416666666666666,51.5,84.79166666666667,236.625,146.91666666666666,89.70833333333333,183.0625,5.3374999999999995,7.1499999999999995,177.16666666666666,173.16666666666666,11.4625,0.1729166666666667,0.43333333333333335,26.125,25.979166666666668,26.53333333333333,26.2,0.44250000000000006,0.445625,0.4245833333333333,0.438
2022-04-05,lh,24.829166666666666,92.83333333333333,23.570833333333336,31.191666666666666,1012.2541666666666,1013.9541666666668,0.0,79.20833333333333,21.125,51.625,97.95833333333333,168.875,63.833333333333336,105.04166666666667,75.39999999999999,8.229166666666666,11.958333333333334,145.375,137.91666666666666,16.07916666666667,0.12,0.23666666666666666,25.608333333333334,25.991666666666664,26.458333333333332,26.2,0.441,0.4499166666666667,0.4386666666666667,0.438
2022-04-06,lh,24.625,93.33333333333333,23.458333333333332,30.733333333333334,1012.0291666666667,1013.7291666666666,0.0,85.625,19.625,66.54166666666667,98.25,137.0,38.833333333333336,98.16666666666667,47.72083333333333,8.3125,12.254166666666668,147.875,141.83333333333334,16.75,0.10291666666666667,0.21583333333333332,25.27916666666667,25.650000000000002,26.354166666666668,26.2,0.439375,0.445125,0.4503333333333333,0.4387083333333333
2022-04-07,lh,25.53333333333333,89.16666666666667,23.558333333333334,32.262499999999996,1011.3000000000001,1013.0,0.0,56.625,16.041666666666668,25.5,91.91666666666667,214.04166666666666,110.58333333333333,103.45833333333333,131.93333333333334,4.825,6.383333333333333,172.29166666666666,165.625,10.9375,0.15833333333333333,0.37833333333333335,26.233333333333334,25.941666666666666,26.266666666666666,26.2,0.4405833333333333,0.449625,0.45175000000000004,0.4402083333333333
2022-04-08,lh,25.766666666666666,88.375,23.6375,32.18333333333333,1010.5875,1012.2875,0.0,44.041666666666664,10.791666666666666,24.875,64.79166666666667,241.5,156.25,85.25,211.35416666666666,4.9875,6.354166666666667,175.70833333333334,185.0,11.408333333333333,0.1775,0.4091666666666667,26.3,26.204166666666666,26.233333333333334,26.2,0.4400833333333333,0.4475,0.45087499999999997,0.44125
2022-04-09,lh,25.641666666666666,89.95833333333333,23.84166666666667,32.4625,1010.1458333333334,1011.8458333333333,0.0,54.291666666666664,24.083333333333332,10.333333333333334,87.875,211.79166666666666,101.58333333333333,110.20833333333333,141.625,4.8375,6.2,152.54166666666666,141.91666666666666,11.441666666666668,0.15625,0.3458333333333334,26.420833333333334,26.325,26.2375,26.2,0.44154166666666667,0.44449999999999995,0.4495416666666667,0.442
2022-04-10,lh,26.370833333333334,85.0,23.5125,33.06666666666667,1009.4458333333333,1011.1458333333334,0.0,30.833333333333332,5.458333333333333,5.916666666666667,74.375,289.5,234.625,54.875,311.8125,5.825,8.054166666666667,164.33333333333334,160.66666666666666,11.683333333333332,0.21375,0.5616666666666666,26.929166666666664,26.566666666666666,26.275000000000002,26.2,0.43583333333333335,0.43695833333333334,0.4472083333333334,0.44275
2022-04-11,lh,26.383333333333336,85.54166666666667,23.670833333333334,33.25833333333333,1009.4041666666667,1011.1041666666666,0.0,39.625,3.7916666666666665,11.958333333333334,96.45833333333333,259.875,187.875,72.0,250.58333333333334,5.229166666666667,6.770833333333333,170.58333333333334,161.20833333333334,12.408333333333333,0.19083333333333333,0.5325,27.066666666666666,26.833333333333332,26.320833333333336,26.2,0.42645833333333333,0.4286666666666667,0.44404166666666667,0.443
2022-04-12,lh,26.2625,85.91666666666667,23.625,33.3375,1008.725,1010.4250000000001,0.0,47.416666666666664,7.25,29.291666666666668,77.5,241.25,165.83333333333334,75.41666666666667,210.67083333333335,4.816666666666666,6.320833333333333,169.41666666666666,162.79166666666666,10.3375,0.18166666666666667,0.5141666666666667,26.895833333333332,26.808333333333334,26.399999999999995,26.2,0.42687499999999995,0.42204166666666665,0.4407083333333333,0.443
2022-04-13,lh,26.366666666666664,86.95833333333333,23.9375,33.545833333333334,1008.225,1009.9250000000001,0.0,51.541666666666664,6.375,37.166666666666664,78.29166666666667,253.33333333333334,188.04166666666666,65.29166666666667,250.8708333333333,7.183333333333334,9.716666666666667,167.66666666666666,157.25,14.299999999999999,0.18999999999999997,0.47375000000000006,26.84166666666667,26.787499999999998,26.424999999999997,26.2,0.42933333333333334,0.42324999999999996,0.43775000000000003,0.44245833333333334
2022-04-14,lh,26.504166666666666,85.33333333333333,23.75,33.295833333333334,1008.2416666666667,1009.9416666666666,0.0,34.083333333333336,7.083333333333333,19.875,52.416666666666664,273.7916666666667,217.58333333333334,56.208333333333336,290.65,8.008333333333333,10.533333333333333,175.33333333333334,171.20833333333334,15.533333333333333,0.2070833333333333,0.54625,27.05,26.8125,26.5,26.2,0.4285833333333333,0.4230833333333333,0.43474999999999997,0.442
2022-04-15,lh,27.02916666666667,84.75,24.129166666666666,33.458333333333336,1008.525,1010.225,0.0,38.791666666666664,5.875,18.583333333333332,74.29166666666667,267.5833333333333,200.83333333333334,66.75,270.74583333333334,9.450000000000001,13.6,153.29166666666666,148.0,17.395833333333332,0.20458333333333334,0.5791666666666667,27.525000000000002,27.141666666666666,26.520833333333332,26.2,0.41883333333333334,0.42083333333333334,0.4315833333333334,0.442
2022-04-16,lh,26.479166666666668,85.95833333333333,23.866666666666664,33.52916666666667,1007.8166666666666,1009.5166666666668,0.0,52.791666666666664,18.25,19.0,83.20833333333333,244.08333333333334,155.04166666666666,89.04166666666667,206.79166666666666,7.241666666666667,9.745833333333334,166.83333333333334,157.875,13.983333333333334,0.18541666666666667,0.5133333333333333,27.204166666666666,27.1875,26.600000000000005,26.2,0.4096666666666666,0.412125,0.4280833333333333,0.442
2022-04-17,lh,26.6375,87.0,24.25,33.795833333333334,1007.8166666666666,1009.5166666666668,0.0,43.333333333333336,18.416666666666668,17.666666666666668,53.958333333333336,273.25,211.75,61.5,286.075,6.6499999999999995,9.25,157.66666666666666,148.16666666666666,13.683333333333332,0.20583333333333334,0.4795833333333333,27.375,27.108333333333334,26.633333333333336,26.2,0.41004166666666664,0.4074166666666667,0.4247083333333333,0.4414166666666666
2022-04-18,lh,26.695833333333336,86.08333333333333,24.087500000000002,33.541666666666664,1008.975,1010.6750000000001,0.0,43.25,9.5,11.958333333333334,91.70833333333333,261.25,185.75,75.5,249.89999999999998,6.8625,9.570833333333333,152.125,144.66666666666666,12.766666666666666,0.18875,0.5141666666666667,27.429166666666664,27.258333333333336,26.7,26.2,0.40375,0.4030416666666667,0.4212916666666666,0.441
2022-04-19,lh,26.291666666666668,88.04166666666667,24.09583333333333,33.824999999999996,1009.8291666666668,1011.5291666666667,0.0,54.583333333333336,20.333333333333332,13.875,93.75,201.95833333333334,116.20833333333333,85.75,157.40416666666667,4.7124999999999995,6.195833333333333,143.79166666666666,136.08333333333334,10.237499999999999,0.15083333333333335,0.43124999999999997,26.979166666666668,27.066666666666666,26.733333333333334,26.25,0.408375,0.3990833333333334,0.418,0.441
2022-04-20,lh,25.7,90.70833333333333,24.05,33.24166666666667,1009.7708333333334,1011.4708333333333,0.0,65.45833333333333,26.791666666666668,24.666666666666668,92.41666666666667,199.375,87.79166666666667,111.58333333333333,114.3625,4.8125,6.458333333333333,126.66666666666667,118.91666666666667,9.520833333333334,0.14708333333333334,0.31916666666666665,26.77916666666667,26.837500000000002,26.745833333333334,26.3,0.431625,0.41195833333333337,0.41554166666666664,0.4402916666666667
2022-04-21,lh,26.166666666666668,88.33333333333333,24.008333333333336,33.858333333333334,1008.7375000000001,1010.4375,0.0,45.875,5.875,18.25,98.45833333333333,223.33333333333334,117.875,105.45833333333333,142.675,4.166666666666667,5.612500000000001,200.41666666666666,202.5,10.758333333333333,0.16708333333333333,0.4283333333333333,26.879166666666666,26.804166666666664,26.708333333333332,26.3,0.4242083333333333,0.42250000000000004,0.41395833333333326,0.44
2022-04-22,lh,26.05,91.0,24.454166666666666,33.737500000000004,1008.9666666666667,1010.6666666666666,0.0,50.208333333333336,14.333333333333334,17.583333333333332,89.04166666666667,217.58333333333334,119.25,98.33333333333333,163.38750000000002,6.720833333333332,8.816666666666666,167.33333333333334,162.5,13.308333333333332,0.16375,0.31416666666666665,26.775000000000002,26.8,26.7,26.3,0.43133333333333335,0.42825,0.413,0.44
2022-04-23,lh,26.22083333333333,90.16666666666667,24.445833333333336,33.62916666666667,1008.8458333333333,1010.5458333333332,0.0,58.916666666666664,10.5,35.083333333333336,94.41666666666667,223.70833333333334,115.70833333333333,108.0,165.02083333333334,4.620833333333334,6.55,172.33333333333334,165.75,11.941666666666668,0.16458333333333333,0.3545833333333333,26.912499999999998,26.795833333333334,26.7,26.3,0.4355833333333334,0.43145833333333333,0.413,0.439125
2022-04-24,lh,26.6125,86.33333333333333,24.025000000000002,33.983333333333334,1007.5583333333334,1009.2583333333333,0.0,39.75,13.833333333333334,7.708333333333333,75.16666666666667,265.5416666666667,208.75,56.791666666666664,291.9833333333333,5.3999999999999995,7.191666666666666,158.0,153.83333333333334,12.183333333333332,0.19666666666666666,0.5166666666666667,27.21666666666667,27.0,26.7,26.3,0.4249583333333333,0.42558333333333337,0.41254166666666664,0.439
2022-04-25,lh,26.5625,87.66666666666667,24.245833333333334,33.612500000000004,1007.4583333333334,1009.1583333333333,0.0,46.958333333333336,15.125,8.0,95.16666666666667,235.66666666666666,144.29166666666666,91.375,195.5625,4.420833333333333,5.204166666666667,220.83333333333334,197.58333333333334,10.354166666666666,0.17458333333333334,0.46291666666666664,27.125,27.05,26.71666666666667,26.3,0.42416666666666664,0.4192916666666666,0.41062499999999996,0.438625
2022-04-26,lh,25.979166666666668,89.25,24.008333333333336,33.24166666666667,1008.5083333333333,1010.2083333333334,0.0,58.291666666666664,16.458333333333332,29.25,86.58333333333333,248.125,168.58333333333334,79.54166666666667,202.73333333333335,5.5249999999999995,7.816666666666666,186.79166666666666,158.58333333333334,11.5375,0.18333333333333335,0.38875,27.083333333333332,27.025000000000002,26.766666666666666,26.3,0.433125,0.42849999999999994,0.40995833333333326,0.438
2022-04-27,lh,26.733333333333334,86.45833333333333,24.179166666666664,34.24166666666667,1007.6708333333332,1009.3708333333334,0.0,48.5,22.25,8.416666666666666,78.29166666666667,261.3333333333333,186.54166666666666,74.79166666666667,249.39166666666665,5.595833333333334,7.925,176.16666666666666,168.33333333333334,13.291666666666666,0.1970833333333333,0.5225000000000001,27.45,27.129166666666666,26.8,26.3,0.43041666666666667,0.4327916666666667,0.41124999999999995,0.438
2022-04-28,lh,27.28333333333333,85.125,24.462500000000002,34.208333333333336,1007.7583333333333,1009.4583333333334,0.0,37.916666666666664,7.916666666666667,11.208333333333334,79.83333333333333,248.45833333333334,149.66666666666666,98.79166666666667,206.3125,6.891666666666667,9.379166666666666,166.41666666666666,160.125,12.762500000000001,0.19000000000000003,0.5754166666666667,27.75,27.441666666666666,26.816666666666666,26.3,0.42274999999999996,0.42370833333333335,0.41054166666666664,0.4375
2022-04-29,lh,26.47083333333333,87.54166666666667,24.183333333333334,33.520833333333336,1008.4208333333332,1010.1208333333334,0.0,43.708333333333336,20.958333333333332,12.0,58.916666666666664,246.75,179.75,67.0,235.24166666666667,8.429166666666667,11.85,144.79166666666666,135.33333333333334,15.470833333333333,0.18541666666666667,0.45291666666666663,27.204166666666666,27.275000000000002,26.899999999999995,26.3,0.42687499999999995,0.4194583333333333,0.40920833333333334,0.437
2022-04-30,lh,26.579166666666666,90.5,24.8625,33.987500000000004,1007.5375,1009.2375000000001,0.0,45.625,11.583333333333334,15.458333333333334,86.5,227.29166666666666,143.125,84.16666666666667,194.6208333333333,7.1125,9.549999999999999,159.29166666666666,144.41666666666666,13.933333333333332,0.16624999999999998,0.3454166666666667,27.162499999999998,27.1125,26.899999999999995,26.375,0.42816666666666664,0.41970833333333335,0.4076666666666666,0.437
2022-05-01,lh,26.52916666666667,89.54166666666667,24.620833333333334,34.00833333333333,1007.025,1008.725,0.0,38.0,10.5,11.083333333333334,73.08333333333333,252.70833333333334,182.625,70.08333333333333,244.77916666666667,5.0249999999999995,6.729166666666667,190.66666666666666,193.0,12.041666666666666,0.18708333333333335,0.3825,27.266666666666666,27.183333333333334,26.899999999999995,26.399999999999995,0.425,0.4230833333333333,0.4068333333333333,0.4362916666666667
2022-05-02,lh,25.849999999999998,91.95833333333333,24.425,33.74166666666667,1007.3833333333333,1009.0833333333334,0.0,77.5,17.0,60.958333333333336,98.83333333333333,208.125,120.41666666666667,87.70833333333333,161.43333333333334,3.5749999999999997,5.066666666666666,203.83333333333334,195.625,9.3875,0.15583333333333335,0.27875,26.870833333333334,27.0625,26.899999999999995,26.399999999999995,0.4434166666666666,0.4400833333333333,0.4107083333333333,0.436
2022-05-03,lh,26.317391304347826,91.04347826086956,24.64782608695652,33.51304347826087,1008.3217391304348,1010.0217391304348,0.0,74.8695652173913,2.8260869565217392,72.21739130434783,96.43478260869566,236.95652173913044,150.7391304347826,86.21739130434783,196.02173913043478,5.0826086956521745,6.791304347826086,277.82608695652175,249.82608695652175,10.634782608695652,0.17391304347826086,0.3317391304347826,27.08695652173913,26.934782608695652,26.9,26.4,0.4423478260869565,0.44908695652173913,0.43743478260869567,0.436
2022-05-04,lh,26.150000000000002,88.875,24.1125,34.237500000000004,1008.225,1009.9250000000001,0.0,61.958333333333336,6.041666666666667,53.875,80.33333333333333,233.75,157.41666666666666,76.33333333333333,204.49166666666667,4.183333333333334,5.75,251.79166666666666,262.5,10.129166666666666,0.17833333333333334,0.40166666666666667,26.916666666666668,26.916666666666668,26.899999999999995,26.399999999999995,0.44883333333333336,0.4526666666666667,0.44650000000000006,0.43625
2022-05-06,lh,25.633333333333336,94.41666666666667,24.633333333333336,32.954166666666666,1005.725,1007.4250000000001,0.0,86.33333333333333,16.791666666666668,69.79166666666667,99.91666666666667,101.70833333333333,15.0,86.70833333333333,22.9375,4.770833333333333,6.670833333333333,149.5,137.66666666666666,8.820833333333333,0.08,0.18916666666666668,26.1125,26.537499999999998,26.816666666666666,26.399999999999995,0.44804166666666667,0.44308333333333333,0.456625,0.4427916666666667
2022-05-07,lh,26.183333333333334,90.0,24.358333333333334,33.545833333333334,1005.5416666666666,1007.2416666666667,0.0,81.25,24.5,56.291666666666664,99.91666666666667,161.75,44.333333333333336,117.41666666666667,55.270833333333336,5.841666666666666,7.7250000000000005,242.83333333333334,275.0,12.395833333333334,0.12708333333333333,0.36624999999999996,26.483333333333334,26.40416666666667,26.733333333333334,26.399999999999995,0.44675,0.4406666666666667,0.45675,0.44779166666666664
2022-05-08,lh,26.395833333333332,88.25,24.25,33.75,1005.8083333333334,1007.5083333333333,0.0,70.70833333333333,9.958333333333334,54.166666666666664,99.875,158.79166666666666,34.958333333333336,123.83333333333333,46.20416666666667,4.745833333333334,6.7625,250.41666666666666,255.5,11.408333333333333,0.1225,0.4245833333333333,26.854166666666668,26.708333333333332,26.7,26.399999999999995,0.44579166666666664,0.4477083333333334,0.45304166666666673,0.4495416666666667
2022-05-09,lh,26.666666666666668,89.66666666666667,24.77916666666667,34.1,1006.8208333333333,1008.5208333333334,0.0,44.0,9.0,9.708333333333334,100.0,184.79166666666666,66.125,118.66666666666667,93.57499999999999,4.7875000000000005,6.058333333333334,228.20833333333334,249.58333333333334,12.033333333333333,0.13958333333333334,0.38083333333333336,27.116666666666664,26.933333333333334,26.7,26.399999999999995,0.44212500000000005,0.4414166666666666,0.4482916666666667,0.45
2022-05-10,lh,26.78333333333333,90.875,25.099999999999998,34.170833333333334,1007.1,1008.8000000000001,0.0,49.333333333333336,16.25,11.25,93.04166666666667,209.58333333333334,116.29166666666667,93.29166666666667,156.2875,4.5249999999999995,6.241666666666667,225.66666666666666,223.58333333333334,11.283333333333333,0.15791666666666668,0.3441666666666667,27.308333333333334,27.129166666666666,26.724999999999998,26.399999999999995,0.436625,0.44175000000000003,0.44566666666666666,0.45
2022-05-11,lh,26.183333333333334,91.66666666666667,24.670833333333334,32.75416666666667,1008.5,1010.1999999999999,0.0,61.291666666666664,17.541666666666668,30.75,91.25,142.70833333333334,51.458333333333336,91.25,71.75833333333334,3.533333333333333,4.825,221.41666666666666,166.91666666666666,9.725,0.10833333333333334,0.29791666666666666,26.641666666666666,26.8625,26.8,26.399999999999995,0.4450416666666667,0.4499583333333333,0.4477083333333334,0.4500416666666667
2022-05-12,lh,26.804166666666664,86.75,24.333333333333332,34.40416666666667,1008.9333333333334,1010.6333333333333,0.0,60.708333333333336,4.708333333333333,60.333333333333336,67.66666666666667,245.20833333333334,172.54166666666666,72.66666666666667,226.1291666666667,2.6958333333333333,3.170833333333333,180.5,149.5,9.704166666666667,0.18291666666666664,0.5016666666666667,27.270833333333332,26.945833333333336,26.758333333333336,26.44583333333333,0.43320833333333336,0.44545833333333335,0.44779166666666664,0.451
2022-05-13,lh,27.3625,84.08333333333333,24.320833333333336,34.645833333333336,1008.8208333333333,1010.5208333333334,0.0,47.25,8.375,21.458333333333332,88.91666666666667,249.125,177.20833333333334,71.91666666666667,239.0,5.133333333333334,7.179166666666667,211.08333333333334,216.875,14.083333333333334,0.18583333333333332,0.6175,27.583333333333332,27.308333333333334,26.8,26.5,0.41629166666666667,0.43091666666666667,0.4470416666666667,0.451
2022-05-14,lh,26.9875,86.91666666666667,24.541666666666668,34.6625,1008.9499999999999,1010.65,0.0,40.708333333333336,11.791666666666666,11.291666666666666,77.58333333333333,256.25,196.95833333333334,59.291666666666664,271.44166666666666,4.595833333333333,5.983333333333333,207.75,224.95833333333334,11.075000000000001,0.19125,0.505,27.608333333333334,27.400000000000002,26.837500000000002,26.5,0.4211666666666667,0.422,0.4419166666666667,0.45008333333333334
2022-05-15,lh,27.22083333333333,86.375,24.691666666666666,34.55416666666667,1010.0041666666666,1011.7041666666668,0.0,39.291666666666664,7.666666666666667,11.25,85.33333333333333,214.91666666666666,108.25,106.66666666666667,143.82500000000002,5.295833333333333,6.8,190.95833333333334,187.5,12.091666666666667,0.16416666666666666,0.5158333333333334,27.65833333333333,27.495833333333334,26.90833333333333,26.5,0.4247083333333333,0.41841666666666666,0.43695833333333334,0.45
2022-05-16,lh,26.825,86.16666666666667,24.291666666666668,33.104166666666664,1010.3166666666666,1012.0166666666668,0.0,61.75,9.125,40.25,98.0,118.16666666666667,18.291666666666668,99.875,23.608333333333334,7.454166666666667,10.554166666666667,264.625,263.0833333333333,14.545833333333334,0.09375,0.5004166666666666,27.212500000000002,27.3125,27.0,26.5,0.42425,0.419375,0.43254166666666666,0.4499166666666667
2022-05-17,lh,27.099999999999998,84.29166666666667,24.1375,33.733333333333334,1009.3416666666667,1011.0416666666666,0.0,67.20833333333333,16.916666666666668,42.708333333333336,87.83333333333333,195.66666666666666,104.41666666666667,91.25,155.76250000000002,6.266666666666667,8.458333333333334,239.70833333333334,234.54166666666666,14.0875,0.15041666666666667,0.5954166666666666,27.40416666666667,27.208333333333332,27.0,26.5,0.41100000000000003,0.4143333333333333,0.42825,0.449
2022-05-18,lh,27.295833333333334,84.5,24.333333333333332,34.94166666666667,1010.275,1011.975,0.0,50.166666666666664,12.166666666666666,21.083333333333332,88.5,269.9166666666667,202.58333333333334,67.33333333333333,275.0833333333333,5.1125,7.2625,233.5,225.95833333333334,12.416666666666666,0.1991666666666667,0.6062500000000001,27.920833333333334,27.516666666666666,27.0,26.5,0.39962500000000006,0.40570833333333334,0.423375,0.44875
2022-05-19,lh,27.1875,82.66666666666667,23.816666666666666,34.420833333333334,1010.8791666666666,1012.5791666666668,0.0,41.666666666666664,4.458333333333333,29.875,65.5,265.0416666666667,206.58333333333334,58.458333333333336,273.37916666666666,3.7583333333333333,4.566666666666667,189.16666666666666,181.625,10.683333333333335,0.19999999999999998,0.68125,27.77916666666667,27.633333333333336,27.037499999999998,26.5,0.38883333333333336,0.3965,0.41841666666666666,0.448
2022-05-20,lh,27.058333333333334,84.625,24.108333333333334,34.1875,1010.0166666666668,1011.7166666666667,0.0,43.458333333333336,6.583333333333333,14.166666666666666,96.375,268.5,201.375,67.125,281.45416666666665,4.766666666666667,6.158333333333334,187.33333333333334,195.125,11.6875,0.20083333333333334,0.6,27.837500000000002,27.650000000000002,27.100000000000005,26.5,0.3797916666666667,0.3885,0.41358333333333336,0.44741666666666663
2022-05-21,lh,27.083333333333332,82.08333333333333,23.608333333333334,34.020833333333336,1008.6083333333332,1010.3083333333334,0.0,40.666666666666664,8.416666666666666,7.916666666666667,93.95833333333333,277.6666666666667,218.54166666666666,59.125,300.83750000000003,4.808333333333334,7.054166666666667,197.5,206.41666666666666,11.308333333333332,0.21,0.69875,27.650000000000002,27.55,27.120833333333334,26.5,0.3682916666666667,0.3804166666666667,0.4088333333333333,0.4466666666666667
2022-05-22,lh,27.09166666666667,82.375,23.7,33.97083333333333,1007.0208333333334,1008.7208333333333,0.0,35.416666666666664,6.916666666666667,7.75,81.75,261.9583333333333,188.08333333333334,73.875,261.7666666666667,4.2625,6.116666666666667,187.95833333333334,194.875,10.304166666666667,0.19708333333333336,0.6779166666666666,27.679166666666664,27.545833333333334,27.183333333333334,26.537499999999998,0.366875,0.3730833333333334,0.4042916666666667,0.446
2022-05-23,lh,27.6125,82.875,24.28333333333333,34.875,1007.0666666666666,1008.7666666666668,0.0,34.125,5.291666666666667,6.958333333333333,83.91666666666667,246.91666666666666,156.5,90.41666666666667,207.6625,5.041666666666667,7.120833333333334,220.20833333333334,227.625,11.804166666666667,0.19166666666666668,0.6829166666666667,28.004166666666666,27.704166666666666,27.2,26.600000000000005,0.366875,0.3682916666666667,0.400125,0.4450416666666667
2022-05-24,lh,27.670833333333334,83.08333333333333,24.3625,35.670833333333334,1009.2624999999999,1010.9625,0.0,44.666666666666664,12.833333333333334,12.541666666666666,85.29166666666667,266.7083333333333,205.79166666666666,60.916666666666664,275.32916666666665,4.383333333333334,5.6125,204.375,210.20833333333334,11.424999999999999,0.20375,0.6879166666666667,28.287499999999998,27.958333333333332,27.229166666666668,26.600000000000005,0.35512499999999997,0.3617916666666667,0.39595833333333336,0.444375
2022-05-25,lh,26.741666666666664,86.125,24.141666666666666,32.891666666666666,1011.15,1012.85,0.0,70.16666666666667,3.625,61.75,99.25,144.58333333333334,46.0,98.58333333333333,54.45416666666667,6.979166666666667,10.05,266.5416666666667,253.58333333333334,14.145833333333334,0.11625,0.51875,27.40416666666667,27.683333333333334,27.3,26.600000000000005,0.36966666666666664,0.35841666666666666,0.39233333333333337,0.44354166666666667
2022-05-26,lh,27.020833333333332,84.79166666666667,24.145833333333332,33.675000000000004,1009.6666666666666,1011.3666666666667,0.0,46.541666666666664,15.875,10.958333333333334,86.375,241.125,160.375,80.75,219.35,6.304166666666667,8.625,176.41666666666666,167.29166666666666,13.375,0.1829166666666667,0.57875,27.604166666666668,27.445833333333336,27.3,26.600000000000005,0.36120833333333335,0.35641666666666666,0.38933333333333336,0.4427916666666667
2022-05-27,lh,27.170833333333334,83.79166666666667,24.02916666666667,33.275,1008.5208333333334,1010.2208333333333,0.0,33.625,4.916666666666667,3.7083333333333335,89.91666666666667,248.70833333333334,163.70833333333334,85.0,234.76250000000002,9.108333333333333,12.183333333333332,184.04166666666666,188.83333333333334,16.587500000000002,0.19125,0.6333333333333333,27.729166666666668,27.570833333333336,27.3,26.600000000000005,0.35379166666666667,0.35179166666666667,0.3859166666666667,0.442
2022-05-28,lh,26.979166666666668,80.95833333333333,23.2,33.637499999999996,1008.3166666666666,1010.0166666666668,0.0,26.541666666666668,2.3333333333333335,6.25,68.625,264.4583333333333,209.20833333333334,55.25,279.25416666666666,5.1000000000000005,6.554166666666667,200.58333333333334,204.04166666666666,11.5875,0.19958333333333333,0.7487499999999999,27.508333333333336,27.52916666666667,27.3,26.600000000000005,0.3451666666666667,0.34637500000000004,0.3826666666666667,0.4410416666666667
2022-05-29,lh,26.558333333333334,85.45833333333333,23.8125,33.02916666666667,1008.2583333333333,1009.9583333333334,0.0,40.833333333333336,4.666666666666667,11.875,98.33333333333333,224.5,131.375,93.125,183.53333333333333,6.054166666666667,8.225,200.79166666666666,209.20833333333334,12.762500000000001,0.16749999999999998,0.5395833333333333,27.22083333333333,27.358333333333334,27.3,26.600000000000005,0.35791666666666666,0.34237500000000004,0.3799166666666667,0.4402916666666667
2022-05-30,lh,26.5125,84.83333333333333,23.65833333333333,32.608333333333334,1007.8666666666667,1009.5666666666666,0.0,39.583333333333336,4.083333333333333,11.708333333333334,95.875,240.70833333333334,158.54166666666666,82.16666666666667,214.13750000000002,7.729166666666667,10.862499999999999,221.83333333333334,283.5416666666667,11.775,0.1825,0.5629166666666666,27.1125,27.179166666666664,27.233333333333334,26.666666666666668,0.3845,0.34554166666666664,0.37733333333333335,0.43954166666666666
2022-05-31,lh,26.625,85.375,23.90833333333333,32.59166666666667,1007.3958333333334,1009.0958333333333,0.0,36.958333333333336,5.666666666666667,10.791666666666666,84.29166666666667,229.875,144.0,85.875,198.29583333333332,9.404166666666667,11.058333333333332,183.25,182.25,11.9625,0.17916666666666667,0.5383333333333333,27.266666666666666,27.224999999999998,27.2,26.7,0.3873333333333333,0.3509166666666666,0.37516666666666665,0.43883333333333335
2022-06-01,lh,26.141666666666666,88.75,24.079166666666666,33.050000000000004,1008.15,1009.85,0.0,59.708333333333336,15.125,29.416666666666668,96.58333333333333,204.20833333333334,98.91666666666667,105.29166666666667,131.72916666666666,5.783333333333334,15.091666666666667,83.45833333333333,139.20833333333334,12.75,0.15583333333333332,0.4041666666666666,27.208333333333332,27.27916666666667,27.2,26.7,0.4154583333333333,0.37125,0.3735833333333333,0.438
2022-06-02,lh,26.3125,87.08333333333333,23.916666666666668,32.725,1008.4458333333333,1010.1458333333334,0.0,60.416666666666664,2.4166666666666665,48.5,96.83333333333333,167.16666666666666,80.0,87.16666666666667,107.7,6.070833333333333,10.020833333333334,199.5,217.70833333333334,13.783333333333333,0.13,0.47125,26.8875,27.016666666666666,27.170833333333334,26.7,0.417,0.4084583333333333,0.3735833333333333,0.437375
2022-06-03,lh,26.491666666666664,85.58333333333333,23.84583333333333,33.65833333333333,1008.9499999999999,1010.65,0.0,57.833333333333336,6.083333333333333,39.666666666666664,95.08333333333333,210.79166666666666,132.875,77.91666666666667,180.00833333333333,5.208333333333333,7.7875000000000005,229.375,222.29166666666666,12.025,0.16166666666666665,0.5158333333333334,26.95,26.983333333333334,27.100000000000005,26.7,0.42683333333333334,0.4170833333333333,0.3740833333333333,0.4367916666666667
2022-06-04,lh,26.458333333333332,86.08333333333333,23.84583333333333,33.55833333333333,1009.3833333333333,1011.0833333333334,0.0,60.916666666666664,12.916666666666666,33.125,98.95833333333333,223.16666666666666,118.375,104.79166666666667,159.04583333333332,5.454166666666667,7.7875000000000005,230.20833333333334,231.75,13.887500000000001,0.16666666666666666,0.5145833333333333,26.945833333333336,26.97083333333333,27.100000000000005,26.7,0.4275,0.427625,0.37595833333333334,0.436
2022-06-05,lh,25.804166666666664,88.79166666666667,23.7625,32.104166666666664,1009.125,1010.8249999999999,0.0,69.91666666666667,10.541666666666666,52.833333333333336,98.375,147.25,44.458333333333336,102.79166666666667,57.0875,5.5625,8.020833333333334,229.75,232.625,11.508333333333333,0.11375,0.3925,26.525000000000002,26.816666666666666,27.03333333333333,26.7,0.4330833333333333,0.43575,0.381125,0.4355
2022-06-06,lh,25.883333333333336,90.08333333333333,24.099999999999998,33.11666666666667,1008.6958333333333,1010.3958333333334,0.0,55.208333333333336,15.541666666666666,25.208333333333332,86.91666666666667,174.95833333333334,64.41666666666667,110.54166666666667,96.02499999999999,4.791666666666667,6.816666666666666,206.91666666666666,206.20833333333334,11.424999999999999,0.13,0.3458333333333334,26.458333333333332,26.608333333333334,27.0,26.7,0.41629166666666667,0.425125,0.38837499999999997,0.435
2022-06-07,lh,26.391666666666666,84.91666666666667,23.599999999999998,31.858333333333334,1009.3166666666666,1011.0166666666668,0.0,63.791666666666664,5.083333333333333,49.625,98.54166666666667,148.91666666666666,47.375,101.54166666666667,69.44166666666666,4.9624999999999995,6.8999999999999995,249.08333333333334,224.79166666666666,10.120833333333334,0.11208333333333333,0.5345833333333333,26.34166666666667,26.558333333333334,26.90833333333333,26.7,0.41933333333333334,0.41874999999999996,0.3894583333333333,0.4345833333333333
2022-06-08,lh,26.433333333333334,83.25,23.233333333333334,32.725,1009.2041666666668,1010.9041666666667,0.0,44.875,8.0,18.208333333333332,88.83333333333333,276.25,225.0,51.25,320.8041666666667,3.954166666666666,5.058333333333334,189.125,181.79166666666666,10.516666666666667,0.20333333333333334,0.6220833333333333,26.616666666666664,26.508333333333336,26.829166666666666,26.7,0.4123333333333333,0.40991666666666665,0.3895,0.434
2022-06-09,lh,26.604166666666668,83.83333333333333,23.504166666666666,33.8125,1008.9375,1010.6374999999999,0.0,48.583333333333336,4.041666666666667,33.75,81.83333333333333,256.0416666666667,204.29166666666666,51.75,277.09583333333336,3.8333333333333335,4.7,193.25,194.04166666666666,10.637500000000001,0.1925,0.6070833333333333,26.995833333333334,26.795833333333334,26.8,26.7,0.406625,0.4027083333333334,0.3880416666666667,0.4335833333333334
2022-06-10,lh,25.1125,91.875,23.65416666666667,32.27916666666667,1009.6875,1011.3874999999999,0.0,68.08333333333333,12.625,49.583333333333336,99.95833333333333,135.04166666666666,44.791666666666664,90.25,58.237500000000004,4.295833333333333,5.895833333333333,169.41666666666666,163.45833333333334,10.108333333333333,0.09875,0.27166666666666667,26.191666666666666,26.71666666666667,26.8,26.7,0.4350833333333333,0.41958333333333336,0.38762500000000005,0.433
2022-06-11,lh,25.6875,87.54166666666667,23.366666666666664,32.4125,1009.8666666666667,1011.5666666666666,0.0,43.958333333333336,6.375,15.166666666666666,97.0,244.95833333333334,177.375,67.58333333333333,237.50833333333333,4.391666666666667,5.7,185.20833333333334,167.875,12.012500000000001,0.18125,0.45249999999999996,26.3875,26.337500000000002,26.745833333333334,26.7,0.4367916666666667,0.43616666666666665,0.39266666666666666,0.43287499999999995
2022-06-12,lh,25.52916666666667,88.41666666666667,23.412499999999998,31.65416666666667,1010.4250000000001,1012.125,0.0,76.125,11.916666666666666,63.083333333333336,97.875,137.54166666666666,52.75,84.79166666666667,68.85416666666667,4.6499999999999995,5.770833333333333,218.25,208.33333333333334,10.424999999999999,0.10458333333333335,0.40208333333333335,26.25,26.433333333333334,26.7,26.7,0.43649999999999994,0.43041666666666667,0.39483333333333337,0.432
2022-06-13,lh,26.4875,81.70833333333333,22.95,32.979166666666664,1009.3083333333334,1011.0083333333333,0.0,34.0,3.9583333333333335,12.125,77.20833333333333,267.5416666666667,206.20833333333334,61.333333333333336,286.67083333333335,4.754166666666666,5.5125,168.5,163.54166666666666,11.254166666666668,0.19875,0.6845833333333333,26.920833333333334,26.599999999999998,26.7,26.7,0.42775,0.4275,0.39620833333333333,0.432
2022-06-14,lh,26.204166666666666,85.83333333333333,23.599999999999998,32.875,1009.1041666666666,1010.8041666666667,0.0,49.708333333333336,11.75,23.375,83.41666666666667,216.58333333333334,137.125,79.45833333333333,189.5041666666667,4.9125000000000005,5.933333333333334,244.29166666666666,245.54166666666666,12.233333333333334,0.16,0.49875,26.820833333333336,26.866666666666664,26.7,26.7,0.42854166666666665,0.420375,0.3960000000000001,0.431625
2022-06-15,lh,25.224999999999998,90.5,23.55,32.05833333333333,1009.625,1011.3249999999999,0.0,73.16666666666667,26.5,34.708333333333336,97.66666666666667,186.75,96.58333333333333,90.16666666666667,132.72916666666666,5.216666666666667,7.2,184.125,181.5,12.520833333333334,0.13833333333333334,0.30875,25.84583333333333,26.379166666666666,26.7,26.7,0.443375,0.4360833333333333,0.3999166666666667,0.431
2022-06-16,lh,25.537499999999998,88.83333333333333,23.520833333333332,32.00416666666667,1009.8166666666666,1011.5166666666668,0.0,79.70833333333333,22.083333333333332,54.208333333333336,99.79166666666667,164.83333333333334,80.70833333333333,84.125,117.06666666666666,7.091666666666666,9.741666666666667,251.33333333333334,241.91666666666666,12.954166666666666,0.12291666666666667,0.38958333333333334,25.900000000000002,26.041666666666668,26.620833333333334,26.7,0.44408333333333333,0.44754166666666667,0.4123333333333333,0.431
2022-06-17,lh,26.21666666666667,86.16666666666667,23.59583333333333,32.84583333333334,1010.1666666666666,1011.8666666666667,0.0,42.291666666666664,7.5,13.083333333333334,91.875,251.20833333333334,179.08333333333334,72.125,244.79166666666666,5.045833333333333,6.720833333333334,172.08333333333334,159.75,11.183333333333332,0.18708333333333335,0.51125,26.854166666666668,26.479166666666668,26.600000000000005,26.7,0.42570833333333336,0.4340833333333333,0.4206666666666667,0.431
2022-06-18,lh,26.27916666666667,86.5,23.78333333333333,32.925000000000004,1010.3874999999999,1012.0875000000001,0.0,51.041666666666664,10.375,33.125,73.66666666666667,248.75,187.54166666666666,61.208333333333336,251.24166666666667,5.2625,7.3374999999999995,196.83333333333334,196.375,12.525,0.18166666666666667,0.48583333333333334,27.083333333333332,26.900000000000002,26.600000000000005,26.7,0.4339583333333333,0.42825,0.42062499999999997,0.431
2022-06-19,lh,25.933333333333334,87.66666666666667,23.65833333333333,32.28333333333333,1009.75,1011.4499999999999,0.0,58.291666666666664,7.0,38.791666666666664,95.79166666666667,172.08333333333334,72.875,99.20833333333333,101.62083333333334,3.7083333333333335,4.458333333333333,181.0,175.08333333333334,9.054166666666667,0.12916666666666668,0.4370833333333333,26.354166666666668,26.645833333333332,26.600000000000005,26.7,0.43012500000000004,0.4265833333333333,0.4204583333333333,0.43054166666666666
2022-06-20,lh,26.320833333333336,84.41666666666667,23.320833333333336,32.75416666666667,1008.025,1009.725,0.0,44.458333333333336,9.958333333333334,12.291666666666666,93.45833333333333,242.08333333333334,167.16666666666666,74.91666666666667,235.95000000000002,4.8625,6.25,188.29166666666666,182.25,10.891666666666666,0.1775,0.5825,26.745833333333334,26.5625,26.600000000000005,26.7,0.420375,0.42091666666666666,0.41916666666666663,0.43
2022-06-21,lh,24.891666666666666,92.41666666666667,23.541666666666668,31.96666666666667,1008.0541666666667,1009.7541666666666,0.0,73.29166666666667,18.291666666666668,54.708333333333336,90.45833333333333,135.70833333333334,38.041666666666664,97.66666666666667,49.666666666666664,4.8625,7.004166666666666,167.91666666666666,170.83333333333334,11.1625,0.10541666666666666,0.2525,25.879166666666666,26.3875,26.600000000000005,26.7,0.43050000000000005,0.42404166666666665,0.418,0.43
2022-06-22,lh,25.59583333333333,87.66666666666667,23.291666666666668,32.541666666666664,1009.4875000000001,1011.1875,0.0,69.66666666666667,10.458333333333334,51.583333333333336,97.58333333333333,200.54166666666666,100.29166666666667,100.25,137.79166666666666,4.654166666666667,6.25,207.54166666666666,212.375,10.875,0.15125,0.43250000000000005,26.175,26.141666666666666,26.600000000000005,26.7,0.43170833333333336,0.4339166666666667,0.41891666666666666,0.43
2022-06-23,lh,25.254166666666666,89.70833333333333,23.420833333333334,32.12916666666667,1010.4625,1012.1625,0.0,81.79166666666667,8.458333333333334,74.125,98.95833333333333,135.625,36.125,99.5,56.6,4.020833333333333,5.508333333333333,213.125,199.08333333333334,10.166666666666666,0.10125,0.33874999999999994,25.883333333333336,26.141666666666666,26.5125,26.7,0.4374166666666666,0.4344166666666667,0.41916666666666663,0.43
2022-06-24,lh,25.59583333333333,85.70833333333333,22.941666666666666,31.72083333333333,1009.6291666666666,1011.3291666666668,0.0,74.45833333333333,4.708333333333333,68.70833333333333,96.875,147.66666666666666,33.5,114.16666666666667,45.583333333333336,3.9333333333333336,5.120833333333334,204.79166666666666,198.83333333333334,10.279166666666667,0.11291666666666667,0.49124999999999996,25.829166666666666,26.041666666666668,26.5,26.7,0.43124999999999997,0.437875,0.42170833333333335,0.43
2022-06-25,lh,26.270833333333332,83.66666666666667,23.1875,32.35,1007.8416666666667,1009.5416666666666,0.0,43.666666666666664,7.375,30.208333333333332,63.0,259.625,206.41666666666666,53.208333333333336,291.1125,7.129166666666666,10.241666666666667,272.0833333333333,275.0,14.700000000000001,0.19083333333333333,0.59375,26.441666666666666,26.150000000000002,26.40833333333333,26.7,0.42049999999999993,0.42616666666666664,0.4212916666666666,0.43
2022-06-26,lh,26.133333333333336,86.79166666666667,23.695833333333336,33.074999999999996,1008.5458333333332,1010.2458333333334,0.0,45.0,8.208333333333334,29.166666666666668,66.75,252.66666666666666,197.66666666666666,55.0,285.20416666666665,3.029166666666667,3.8541666666666665,226.83333333333334,218.45833333333334,10.5875,0.18375,0.4779166666666667,26.7,26.566666666666666,26.416666666666668,26.7,0.42324999999999996,0.4230416666666667,0.41958333333333336,0.4294166666666666
2022-06-27,lh,25.958333333333332,87.5,23.65833333333333,33.1,1009.0041666666666,1010.7041666666668,0.0,55.833333333333336,10.458333333333334,28.875,96.70833333333333,208.41666666666666,112.375,96.04166666666667,153.2125,4.679166666666666,6.229166666666667,221.5,236.875,12.229166666666666,0.155,0.4458333333333333,26.52916666666667,26.583333333333332,26.5,26.7,0.43850000000000006,0.43654166666666666,0.4200833333333333,0.429
2022-06-28,lh,25.604166666666668,90.83333333333333,23.962500000000002,33.00833333333333,1008.6374999999999,1010.3375,0.0,49.25,10.416666666666666,25.083333333333332,82.5,220.54166666666666,136.29166666666666,84.25,188.07083333333333,4.529166666666667,5.595833333333334,184.25,170.91666666666666,11.924999999999999,0.15833333333333333,0.31708333333333333,26.558333333333334,26.570833333333336,26.5,26.7,0.4419166666666667,0.444375,0.4250833333333333,0.429
2022-06-29,lh,26.370833333333334,87.5,24.058333333333334,33.862500000000004,1007.3083333333334,1009.0083333333333,0.0,38.25,7.541666666666667,20.083333333333332,64.54166666666667,255.08333333333334,196.0,59.083333333333336,264.03333333333336,3.970833333333333,4.6625000000000005,196.45833333333334,195.25,11.166666666666666,0.18791666666666665,0.46208333333333335,26.962500000000002,26.7,26.5,26.7,0.44258333333333333,0.44554166666666667,0.43404166666666666,0.429
2022-06-30,lh,26.6375,84.625,23.77916666666667,33.800000000000004,1006.8041666666667,1008.5041666666666,0.0,51.791666666666664,3.0,32.625,97.95833333333333,213.08333333333334,125.41666666666667,87.66666666666667,173.11249999999998,5.133333333333334,7.645833333333333,194.45833333333334,183.45833333333334,11.679166666666667,0.1625,0.55875,27.054166666666664,26.875,26.587500000000002,26.7,0.43324999999999997,0.44320833333333337,0.4399166666666667,0.42970833333333336
2022-07-01,lh,26.71666666666667,83.125,23.541666666666668,33.84583333333333,1006.6416666666668,1008.3416666666667,0.0,45.833333333333336,7.5,26.916666666666668,76.66666666666667,245.29166666666666,182.5,62.791666666666664,249.54999999999998,5.1875,7.458333333333333,228.625,233.66666666666666,11.35,0.18375,0.6233333333333334,26.995833333333334,26.8875,26.600000000000005,26.7,0.42816666666666664,0.43516666666666665,0.4390833333333333,0.43
2022-07-02,lh,26.079166666666666,86.75,23.599999999999998,33.579166666666666,1006.375,1008.0749999999999,0.0,70.125,5.541666666666667,60.208333333333336,99.54166666666667,188.20833333333334,91.45833333333333,96.75,116.79583333333333,5.141666666666667,7.420833333333333,183.125,172.08333333333334,11.200000000000001,0.14583333333333334,0.47875,26.599999999999998,26.7625,26.65416666666667,26.7,0.43074999999999997,0.43116666666666664,0.43724999999999997,0.43
2022-07-04,lh,25.995833333333334,87.41666666666667,23.683333333333334,33.275,1007.7208333333333,1009.4208333333332,0.0,70.08333333333333,9.666666666666666,53.416666666666664,97.41666666666667,125.29166666666667,31.291666666666668,94.0,44.10833333333333,2.891666666666667,4.125,185.08333333333334,136.41666666666666,9.575000000000001,0.09791666666666667,0.4458333333333333,26.383333333333336,26.6375,26.7,26.7,0.4427916666666667,0.44325,0.436375,0.431
2022-07-05,lh,26.741666666666664,84.66666666666667,23.84166666666667,34.37083333333333,1007.6541666666667,1009.3541666666666,0.0,53.541666666666664,10.0,36.833333333333336,74.58333333333333,250.54166666666666,181.91666666666666,68.625,245.64999999999998,6.325,8.941666666666666,295.1666666666667,300.2916666666667,14.075000000000001,0.18500000000000003,0.5720833333333334,26.9375,26.679166666666664,26.65416666666667,26.7,0.437,0.43887499999999996,0.43695833333333334,0.431
2022-07-06,lh,26.870833333333334,84.16666666666667,23.84583333333333,34.15833333333333,1009.0791666666668,1010.7791666666667,0.0,51.5,10.041666666666666,39.083333333333336,63.583333333333336,258.2916666666667,202.66666666666666,55.625,285.7291666666667,6.383333333333333,8.933333333333334,292.5416666666667,299.4583333333333,14.554166666666667,0.19291666666666665,0.6025,27.275000000000002,27.0,26.7,26.7,0.42604166666666665,0.431,0.43533333333333335,0.431
2022-07-07,lh,26.879166666666666,83.0,23.641666666666666,34.00833333333333,1009.0,1010.6999999999999,0.0,27.416666666666668,5.416666666666667,9.333333333333334,56.291666666666664,275.9583333333333,228.16666666666666,47.791666666666664,323.7708333333333,3.970833333333333,5.3999999999999995,204.0,211.41666666666666,9.708333333333334,0.2070833333333333,0.64875,27.40416666666667,27.1875,26.724999999999998,26.7,0.42166666666666663,0.421375,0.4331666666666667,0.431
2022-07-08,lh,26.77916666666667,82.70833333333333,23.474999999999998,34.15833333333333,1008.6750000000001,1010.375,0.0,46.583333333333336,8.708333333333334,24.208333333333332,80.54166666666667,259.0833333333333,203.375,55.708333333333336,289.03333333333336,4.6000000000000005,5.987500000000001,204.5,207.04166666666666,10.329166666666667,0.19458333333333333,0.6575,27.162499999999998,27.166666666666668,26.8,26.7,0.42370833333333335,0.41766666666666663,0.4310416666666667,0.431
2022-07-09,lh,27.075,83.45833333333333,23.9375,34.291666666666664,1007.5124999999999,1009.2125,0.0,48.25,3.875,27.458333333333332,94.20833333333333,214.54166666666666,120.375,94.16666666666667,161.93333333333334,4.304166666666666,5.641666666666667,202.20833333333334,224.83333333333334,9.700000000000001,0.16541666666666668,0.6291666666666667,27.21666666666667,27.104166666666668,26.8125,26.7,0.41425,0.41512499999999997,0.429,0.431
2022-07-10,lh,27.099999999999998,83.30434782608695,23.952173913043477,34.91304347826087,1007.8260869565217,1009.5260869565217,0.0,48.73913043478261,4.565217391304348,25.73913043478261,97.1304347826087,216.30434782608697,128.43478260869566,87.8695652173913,155.22173913043477,2.960869565217391,3.243478260869565,191.2608695652174,183.47826086956522,8.830434782608695,0.16608695652173913,0.6252173913043478,27.20434782608696,27.17391304347826,26.9,26.7,0.4047826086956522,0.4083478260869565,0.4265652173913043,0.431
2022-07-11,lh,26.983333333333334,82.66666666666667,23.691666666666666,34.1875,1008.5791666666668,1010.2791666666667,0.0,46.625,5.75,21.5,94.79166666666667,205.29166666666666,109.54166666666667,95.75,145.50416666666666,4.029166666666667,5.720833333333334,213.66666666666666,218.33333333333334,11.441666666666668,0.1575,0.6525,27.21666666666667,27.141666666666666,26.899999999999995,26.7,0.3962916666666667,0.40175000000000005,0.4240833333333333,0.43054166666666666
2022-07-12,lh,26.025000000000002,87.625,23.791666666666668,33.15416666666667,1008.9041666666667,1010.6041666666666,0.0,73.16666666666667,4.916666666666667,65.79166666666667,99.29166666666667,160.33333333333334,50.083333333333336,110.25,71.66666666666667,4.925,6.933333333333334,236.29166666666666,246.33333333333334,11.404166666666667,0.12375000000000001,0.4291666666666667,26.604166666666668,26.941666666666666,26.899999999999995,26.7,0.40375,0.3974166666666667,0.42158333333333337,0.43
2022-07-13,lh,26.59166666666667,84.875,23.733333333333334,33.608333333333334,1007.5208333333334,1009.2208333333333,0.0,40.333333333333336,6.625,10.208333333333334,94.20833333333333,229.16666666666666,134.75,94.41666666666667,186.45416666666665,4.641666666666667,6.058333333333334,183.375,177.75,11.033333333333333,0.17166666666666666,0.5654166666666667,27.05,26.808333333333334,26.899999999999995,26.7,0.40875,0.400375,0.41933333333333334,0.43
2022-07-14,lh,26.629166666666666,85.125,23.820833333333336,33.949999999999996,1007.1875,1008.8874999999999,0.0,30.125,6.791666666666667,8.416666666666666,63.125,249.04166666666666,188.25,60.791666666666664,268.62916666666666,5.241666666666666,7.6625000000000005,210.41666666666666,218.66666666666666,13.862499999999999,0.18916666666666668,0.5629166666666666,27.21666666666667,27.066666666666666,26.899999999999995,26.7,0.39620833333333333,0.39595833333333336,0.417,0.43
2022-07-15,lh,27.058333333333334,82.70833333333333,23.72083333333333,33.92916666666667,1007.6958333333333,1009.3958333333334,0.0,36.208333333333336,8.833333333333334,10.833333333333334,72.66666666666667,261.2083333333333,192.33333333333334,68.875,273.5625,4.845833333333333,6.516666666666667,254.25,261.0,13.320833333333333,0.1975,0.67625,27.3625,27.15833333333333,26.899999999999995,26.7,0.3854583333333333,0.3894166666666667,0.41395833333333326,0.43
2022-07-16,lh,26.854166666666668,84.41666666666667,23.895833333333332,33.43333333333333,1008.5458333333332,1010.2458333333334,0.0,34.291666666666664,13.208333333333334,10.875,52.583333333333336,266.125,216.70833333333334,49.416666666666664,300.9875,4.6375,6.6375,238.45833333333334,237.70833333333334,11.758333333333333,0.19541666666666668,0.5925,27.616666666666664,27.441666666666666,26.9375,26.7,0.385125,0.382625,0.4110416666666667,0.4290833333333333
2022-07-17,lh,26.287499999999998,88.125,24.099999999999998,33.99583333333333,1009.2458333333334,1010.9458333333333,0.0,46.208333333333336,10.833333333333334,12.166666666666666,96.83333333333333,245.08333333333334,171.91666666666666,73.16666666666667,226.97083333333333,4.354166666666667,5.308333333333334,175.625,171.0,10.5,0.18458333333333332,0.43625,27.358333333333334,27.304166666666664,27.0,26.7,0.389875,0.3798333333333333,0.4082083333333333,0.429
2022-07-18,lh,26.854166666666668,85.45833333333333,24.083333333333332,34.295833333333334,1008.3708333333334,1010.0708333333333,0.0,37.625,16.125,11.375,54.208333333333336,274.9166666666667,226.41666666666666,48.5,316.4291666666667,5.4750000000000005,7.008333333333333,153.04166666666666,141.16666666666666,11.625,0.2075,0.5579166666666667,27.583333333333332,27.3625,27.004166666666666,26.7,0.3845416666666667,0.37729166666666664,0.4054583333333333,0.429
2022-07-19,lh,26.287499999999998,88.70833333333333,24.21666666666667,33.47083333333333,1008.2708333333334,1009.9708333333333,0.0,63.458333333333336,27.0,17.416666666666668,96.66666666666667,173.45833333333334,59.791666666666664,113.66666666666667,89.82916666666667,6.370833333333334,8.991666666666667,155.16666666666666,153.625,13.887500000000001,0.12958333333333333,0.40458333333333335,26.816666666666666,27.141666666666666,27.03333333333333,26.7,0.38025,0.37424999999999997,0.40295833333333336,0.42849999999999994
2022-07-20,lh,26.566666666666666,84.04166666666667,23.525000000000002,33.9625,1008.1291666666666,1009.8291666666668,0.0,44.25,9.125,13.083333333333334,93.70833333333333,278.8333333333333,231.79166666666666,47.041666666666664,325.40416666666664,5.066666666666666,6.754166666666666,207.25,206.58333333333334,11.4625,0.21291666666666667,0.6066666666666667,27.195833333333336,27.0125,27.0,26.7,0.37762500000000004,0.37116666666666664,0.40045833333333336,0.428
2022-07-21,lh,26.21666666666667,84.08333333333333,23.21666666666667,33.737500000000004,1008.8458333333333,1010.5458333333332,0.0,51.166666666666664,11.958333333333334,19.125,99.08333333333333,225.16666666666666,135.79166666666666,89.375,183.4416666666667,4.654166666666667,6.8625,254.25,261.8333333333333,10.975,0.17625,0.57625,26.916666666666668,27.041666666666668,27.0,26.7,0.3781666666666667,0.3682083333333333,0.39795833333333336,0.428
2022-07-22,lh,26.170833333333334,87.33333333333333,23.84583333333333,33.38333333333333,1009.9916666666667,1011.6916666666666,0.0,65.16666666666667,15.583333333333334,42.875,86.375,185.125,69.33333333333333,115.79166666666667,91.17083333333333,3.4583333333333335,4.5125,168.54166666666666,172.29166666666666,10.475,0.14083333333333334,0.45541666666666664,26.870833333333334,26.929166666666664,27.0,26.7,0.3954166666666667,0.369375,0.3958333333333333,0.42754166666666665
2022-07-23,lh,25.766666666666666,89.79166666666667,23.8875,33.175000000000004,1009.5,1011.1999999999999,0.0,69.25,5.666666666666667,61.291666666666664,91.04166666666667,210.625,125.41666666666667,85.20833333333333,157.04583333333332,5.075,7.029166666666666,150.41666666666666,146.5,11.395833333333334,0.1679166666666667,0.36874999999999997,26.84166666666667,26.875,27.0,26.7,0.41591666666666666,0.384875,0.394125,0.427
2022-07-24,lh,25.712500000000002,90.25,23.958333333333332,32.8375,1008.3333333333334,1010.0333333333333,0.0,74.66666666666667,26.291666666666668,43.166666666666664,96.58333333333333,210.83333333333334,120.95833333333333,89.875,166.98749999999998,5.791666666666667,8.579166666666667,138.04166666666666,129.375,12.012500000000001,0.16041666666666668,0.3408333333333333,26.691666666666666,26.837500000000002,26.9375,26.754166666666666,0.42016666666666663,0.40720833333333334,0.393,0.427
2022-07-25,lh,25.366666666666664,90.04166666666667,23.554166666666664,32.145833333333336,1008.0291666666667,1009.7291666666666,0.0,59.708333333333336,15.25,33.375,96.875,206.83333333333334,125.08333333333333,81.75,172.40416666666667,5.116666666666666,6.800000000000001,235.66666666666666,224.125,13.495833333333332,0.15541666666666668,0.3441666666666667,26.370833333333334,26.6375,26.899999999999995,26.8,0.42849999999999994,0.41920833333333335,0.393125,0.4267916666666667
2022-07-26,lh,25.452173913043477,90.47826086956522,23.743478260869566,32.6,1007.8956521739129,1009.5956521739131,0.0,62.04347826086956,18.869565217391305,26.956521739130434,96.0,227.69565217391303,131.7826086956522,95.91304347826087,181.72608695652173,3.747826086956522,4.921739130434783,200.0,211.43478260869566,9.826086956521738,0.16695652173913042,0.32652173913043475,26.769565217391307,26.656521739130437,26.86521739130435,26.8,0.4315652173913044,0.43326086956521737,0.39704347826086955,0.426
2022-07-27,lh,25.40833333333333,92.58333333333333,24.09166666666667,32.30416666666667,1007.6791666666667,1009.3791666666666,0.0,70.875,16.125,46.166666666666664,95.58333333333333,182.125,77.29166666666667,104.83333333333333,105.77083333333333,4.2,5.875,206.16666666666666,181.33333333333334,9.308333333333334,0.13708333333333333,0.2504166666666667,26.55,26.675,26.816666666666666,26.8,0.44045833333333334,0.4422916666666667,0.406125,0.426
2022-07-28,lh,25.504166666666666,91.33333333333333,23.929166666666664,33.050000000000004,1007.6875,1009.3874999999999,0.0,57.0,11.083333333333334,41.125,74.33333333333333,227.375,152.95833333333334,74.41666666666667,205.0875,4.1625000000000005,5.470833333333334,165.0,153.04166666666666,10.5625,0.16874999999999998,0.3045833333333334,26.47083333333333,26.570833333333336,26.8,26.8,0.4347916666666667,0.4426666666666667,0.41924999999999996,0.426
2022-07-29,lh,25.474999999999998,91.125,23.883333333333336,32.84166666666666,1007.8916666666668,1009.5916666666667,0.0,65.58333333333333,10.458333333333334,54.208333333333336,78.41666666666667,125.75,43.75,82.0,73.46666666666667,5.991666666666667,8.270833333333334,166.75,158.25,9.625,0.10125,0.30583333333333335,26.083333333333332,26.358333333333334,26.75,26.8,0.4435,0.44258333333333333,0.4292916666666666,0.426
2022-07-30,lh,26.433333333333334,85.91666666666667,23.77916666666667,33.229166666666664,1007.8333333333334,1009.5333333333333,0.0,62.166666666666664,20.416666666666668,28.333333333333332,89.20833333333333,230.0,156.0,74.0,204.17083333333335,6.520833333333333,9.025,284.625,277.75,14.25,0.1708333333333333,0.5208333333333334,26.670833333333334,26.483333333333334,26.7,26.8,0.433375,0.43812500000000004,0.43170833333333336,0.4260833333333333
2022-07-31,lh,26.1875,88.625,24.099999999999998,33.791666666666664,1007.025,1008.725,0.0,64.20833333333333,23.375,28.291666666666668,87.54166666666667,238.16666666666666,154.91666666666666,83.25,215.22083333333333,4.395833333333333,6.220833333333334,216.41666666666666,221.33333333333334,12.15,0.17666666666666667,0.40875,26.7375,26.71666666666667,26.7,26.8,0.43520833333333336,0.44208333333333333,0.4339166666666667,0.427
2022-08-01,lh,25.954166666666666,89.79166666666667,24.125,32.775,1007.6125000000001,1009.3125,0.0,56.5,10.416666666666666,28.75,99.41666666666667,129.16666666666666,28.125,101.04166666666667,43.84583333333333,3.4875000000000003,5.0874999999999995,280.2083333333333,289.0416666666667,11.179166666666667,0.09666666666666668,0.3529166666666667,26.295833333333334,26.525000000000002,26.7,26.8,0.43445833333333334,0.4378333333333333,0.4394166666666666,0.4275
2022-08-02,lh,25.65416666666667,91.41666666666667,24.125,33.2125,1008.1208333333334,1009.8208333333333,0.0,67.5,7.458333333333333,51.208333333333336,99.875,163.45833333333334,67.0,96.45833333333333,91.0625,4.3374999999999995,5.4624999999999995,210.375,201.04166666666666,10.466666666666667,0.12541666666666668,0.29875,26.375,26.479166666666668,26.7,26.8,0.4379583333333333,0.43954166666666666,0.44125,0.4282916666666667
2022-08-03,lh,26.3125,84.5,23.383333333333336,32.5375,1009.3666666666667,1011.0666666666666,0.0,85.33333333333333,9.208333333333334,80.79166666666667,99.625,228.125,129.04166666666666,99.08333333333333,169.36666666666667,7.266666666666667,10.541666666666666,247.70833333333334,252.66666666666666,13.291666666666666,0.1725,0.5650000000000001,26.775000000000002,26.55,26.637500000000003,26.8,0.4160833333333333,0.427875,0.4482916666666667,0.43175
2022-08-04,lh,26.866666666666664,79.41666666666667,22.883333333333336,32.22083333333333,1009.5833333333334,1011.2833333333333,0.0,72.33333333333333,3.4166666666666665,69.08333333333333,92.91666666666667,237.29166666666666,157.875,79.41666666666667,205.10416666666666,6.520833333333333,9.558333333333334,221.125,226.04166666666666,14.783333333333333,0.17333333333333334,0.7645833333333334,26.9375,26.766666666666666,26.65833333333333,26.77916666666667,0.40549999999999997,0.4162083333333333,0.443875,0.4327916666666667
2022-08-05,lh,27.004166666666666,78.58333333333333,22.795833333333334,33.63333333333333,1009.4583333333334,1011.1583333333333,0.0,70.5,1.8333333333333333,72.16666666666667,84.79166666666667,257.7916666666667,188.04166666666666,69.75,239.46666666666667,4.6000000000000005,6.0874999999999995,199.0,218.25,10.391666666666667,0.19874999999999998,0.8158333333333333,27.266666666666666,27.004166666666666,26.7,26.704166666666666,0.39375000000000004,0.40595833333333337,0.43916666666666665,0.433
2022-08-06,lh,26.579166666666666,82.08333333333333,23.191666666666666,32.9625,1008.8000000000001,1010.5,0.0,53.916666666666664,3.7083333333333335,41.333333333333336,86.125,243.625,175.33333333333334,68.29166666666667,242.54166666666666,5.6875,8.720833333333333,240.29166666666666,246.25,15.570833333333333,0.19083333333333333,0.6516666666666667,27.025000000000002,27.066666666666666,26.729166666666668,26.7,0.39841666666666664,0.39891666666666664,0.434625,0.433
2022-08-07,lh,26.879166666666666,81.29166666666667,23.258333333333336,33.887499999999996,1007.6166666666667,1009.3166666666666,0.0,42.541666666666664,2.5,33.083333333333336,68.33333333333333,262.0,194.70833333333334,67.29166666666667,249.90833333333333,4.816666666666666,6.758333333333333,220.0,216.5,11.083333333333334,0.2020833333333333,0.7116666666666668,27.270833333333332,27.045833333333334,26.8,26.7,0.4027083333333333,0.3990416666666667,0.4307916666666667,0.433
2022-08-08,lh,26.53333333333333,81.29166666666667,22.916666666666668,33.69583333333333,1008.1416666666668,1009.8416666666667,0.0,24.541666666666668,2.75,8.5,55.708333333333336,280.6666666666667,233.95833333333334,46.708333333333336,319.78749999999997,5.670833333333333,7.120833333333334,176.08333333333334,169.45833333333334,12.483333333333334,0.21791666666666668,0.7033333333333333,27.1375,27.041666666666668,26.8,26.7,0.38658333333333333,0.3915,0.4266666666666667,0.433
2022-08-09,lh,26.75,82.04166666666667,23.329166666666666,33.583333333333336,1008.3208333333333,1010.0208333333334,0.0,36.583333333333336,3.2083333333333335,7.208333333333333,97.58333333333333,219.41666666666666,96.33333333333333,123.08333333333333,127.925,4.7875000000000005,6.45,200.75,202.41666666666666,11.104166666666666,0.17208333333333334,0.67125,27.195833333333336,27.1375,26.829166666666666,26.775000000000002,0.377125,0.38445833333333335,0.4225833333333333,0.432625
2022-08-10,lh,26.695833333333336,81.95833333333333,23.141666666666666,33.7875,1008.0875,1009.7875,0.0,27.625,5.875,6.958333333333333,60.666666666666664,270.75,190.875,79.875,271.46250000000003,4.516666666666667,5.1499999999999995,195.16666666666666,188.75,11.683333333333332,0.20666666666666667,0.7025,27.295833333333334,27.1125,26.899999999999995,26.8,0.3662916666666667,0.37766666666666665,0.41841666666666666,0.432
2022-08-11,lh,26.945833333333336,81.75,23.425,33.829166666666666,1008.4166666666666,1010.1166666666667,0.0,51.166666666666664,14.625,14.875,96.875,263.7916666666667,179.58333333333334,84.20833333333333,243.57083333333333,5.791666666666667,7.879166666666666,200.83333333333334,199.0,13.183333333333332,0.20541666666666666,0.6920833333333333,27.391666666666666,27.266666666666666,26.899999999999995,26.8,0.35666666666666663,0.3706666666666667,0.414125,0.432
2022-08-12,lh,26.791666666666668,82.625,23.441666666666666,33.925000000000004,1008.6750000000001,1010.375,0.0,44.291666666666664,13.875,14.458333333333334,76.83333333333333,271.2916666666667,203.95833333333334,67.33333333333333,270.9166666666667,5.020833333333333,6.845833333333334,173.08333333333334,160.25,12.4125,0.20833333333333334,0.6595833333333333,27.47083333333333,27.291666666666668,26.9375,26.8,0.35120833333333334,0.36437499999999995,0.40995833333333326,0.43166666666666664
2022-08-13,lh,26.641666666666666,83.375,23.5125,32.80416666666667,1008.8958333333334,1010.5958333333333,0.0,46.541666666666664,19.333333333333332,18.666666666666668,60.125,251.16666666666666,179.125,72.04166666666667,236.65,6.675,9.0,222.66666666666666,225.95833333333334,15.2875,0.19041666666666668,0.6141666666666666,27.34583333333333,27.308333333333334,27.0,26.8,0.3487916666666666,0.3589583333333333,0.4059166666666667,0.431
2022-08-14,lh,26.641666666666666,84.875,23.804166666666664,33.708333333333336,1009.3041666666667,1011.0041666666666,0.0,37.375,12.541666666666666,14.0,58.791666666666664,267.625,214.0,53.625,281.48333333333335,5.483333333333333,6.904166666666666,190.04166666666666,183.875,12.908333333333333,0.2025,0.5595833333333333,27.599999999999998,27.441666666666666,27.016666666666666,26.8,0.365,0.355875,0.402375,0.431
2022-08-15,lh,25.900000000000002,88.25,23.758333333333336,32.704166666666666,1010.3625000000001,1012.0625,0.0,60.458333333333336,20.583333333333332,32.791666666666664,73.95833333333333,248.79166666666666,174.83333333333334,73.95833333333333,228.77499999999998,5.541666666666667,7.704166666666667,161.04166666666666,147.0,13.258333333333333,0.1875,0.41875,27.370833333333334,27.375,27.09166666666667,26.8,0.41358333333333336,0.38808333333333334,0.39975000000000005,0.430625
2022-08-16,lh,26.041666666666668,86.0,23.420833333333334,33.025,1009.7583333333333,1011.4583333333334,0.0,43.666666666666664,7.125,14.958333333333334,94.04166666666667,235.0,125.25,109.75,171.1875,5.366666666666667,7.6125,237.95833333333334,232.83333333333334,12.966666666666667,0.17791666666666664,0.5070833333333333,26.820833333333336,27.020833333333332,27.100000000000005,26.8,0.41029166666666667,0.39683333333333337,0.398125,0.43
2022-08-17,lh,25.991666666666664,85.79166666666667,23.3625,32.99583333333333,1009.3874999999999,1011.0875,0.0,43.75,9.791666666666666,14.625,87.25,253.75,175.75,78.0,233.5,5.183333333333334,6.891666666666667,240.91666666666666,242.45833333333334,12.091666666666667,0.19041666666666668,0.5104166666666666,26.833333333333332,26.870833333333334,27.025000000000002,26.8,0.41754166666666664,0.39770833333333333,0.39654166666666674,0.43
2022-08-18,lh,26.1375,86.125,23.53333333333333,32.6,1009.0124999999999,1010.7125,0.0,41.125,8.583333333333334,19.458333333333332,72.33333333333333,259.6666666666667,192.16666666666666,67.5,253.975,6.729166666666667,9.079166666666667,253.58333333333334,255.45833333333334,13.8125,0.19291666666666665,0.5066666666666667,26.962500000000002,26.916666666666668,27.0,26.8,0.4227083333333333,0.405,0.395125,0.42954166666666665
2022-08-19,lh,26.179166666666664,84.70833333333333,23.329166666666666,33.25,1009.1041666666666,1010.8041666666667,0.0,49.791666666666664,6.416666666666667,31.166666666666668,84.04166666666667,277.875,218.91666666666666,58.958333333333336,297.2,4.395833333333333,5.916666666666667,157.08333333333334,146.29166666666666,11.654166666666667,0.20875,0.5470833333333333,27.120833333333334,27.0625,27.0,26.8,0.43175,0.4125833333333333,0.39366666666666666,0.429
2022-08-20,lh,26.3875,84.375,23.40833333333333,32.800000000000004,1009.2708333333334,1010.9708333333333,0.0,41.166666666666664,8.375,19.083333333333332,73.79166666666667,257.0833333333333,195.0,62.083333333333336,263.67083333333335,8.058333333333334,11.195833333333333,158.04166666666666,142.0,14.075000000000001,0.205,0.58,27.054166666666664,27.066666666666666,27.0,26.8,0.4299583333333333,0.4215,0.39358333333333334,0.429
2022-08-21,lh,26.204166666666666,86.29166666666667,23.645833333333332,32.38333333333333,1008.9499999999999,1010.65,0.0,70.625,7.166666666666667,57.583333333333336,98.70833333333333,219.41666666666666,120.16666666666667,99.25,168.5875,5.070833333333334,7.591666666666666,301.2916666666667,301.7083333333333,16.212500000000002,0.17125,0.4975,26.883333333333336,26.954166666666666,27.0,26.8,0.42724999999999996,0.4180833333333333,0.39329166666666665,0.42816666666666664
2022-08-22,lh,25.883333333333336,87.375,23.5625,32.25416666666667,1009.1708333333332,1010.8708333333334,0.0,72.0,8.583333333333334,58.583333333333336,99.375,196.20833333333334,95.91666666666667,100.29166666666667,119.97500000000001,6.095833333333334,9.075000000000001,191.79166666666666,191.375,14.254166666666668,0.155,0.44125,26.787499999999998,26.90833333333333,27.0,26.8,0.42945833333333333,0.43095833333333333,0.39458333333333334,0.428
2022-08-23,lh,25.90416666666667,88.25,23.766666666666666,32.145833333333336,1009.4875000000001,1011.1875,0.0,66.66666666666667,11.666666666666666,46.916666666666664,93.70833333333333,177.41666666666666,85.29166666666667,92.125,106.35833333333333,5.970833333333334,7.820833333333333,273.25,275.875,14.8375,0.14041666666666666,0.41500000000000004,26.462500000000002,26.691666666666666,26.929166666666664,26.8,0.4354166666666666,0.4327083333333333,0.39633333333333337,0.428
2022-08-24,lh,25.866666666666664,87.45833333333333,23.541666666666668,32.85,1008.9,1010.6,0.0,59.333333333333336,8.083333333333334,40.791666666666664,91.875,262.4583333333333,197.16666666666666,65.29166666666667,266.31666666666666,4.491666666666666,6.054166666666667,195.16666666666666,181.875,13.870833333333332,0.19874999999999998,0.4570833333333333,26.795833333333334,26.670833333333334,26.899999999999995,26.8,0.4325833333333333,0.4335,0.3997916666666667,0.4275
2022-08-25,lh,25.304166666666664,91.70833333333333,23.829166666666666,32.17916666666667,1007.8416666666667,1009.5416666666666,0.0,79.29166666666667,15.791666666666666,66.83333333333333,96.58333333333333,152.70833333333334,65.20833333333333,87.5,92.09583333333335,4.033333333333333,6.045833333333333,192.70833333333334,209.16666666666666,10.616666666666667,0.12041666666666667,0.27958333333333335,26.400000000000002,26.670833333333334,26.899999999999995,26.8,0.4410833333333333,0.443875,0.4071666666666667,0.427
2022-08-26,lh,25.483333333333334,89.95833333333333,23.650000000000002,32.079166666666666,1008.3541666666666,1010.0541666666667,0.0,76.5,9.333333333333334,63.625,100.0,121.70833333333333,19.791666666666668,101.91666666666667,25.183333333333334,4.6625000000000005,5.841666666666666,270.7916666666667,280.9166666666667,11.416666666666666,0.09666666666666666,0.35083333333333333,26.02916666666667,26.333333333333332,26.8125,26.8,0.447125,0.4495,0.435375,0.427125
2022-08-27,lh,25.712500000000002,88.625,23.65833333333333,32.208333333333336,1008.8083333333334,1010.5083333333333,0.0,75.0,13.458333333333334,57.0,99.54166666666667,145.41666666666666,32.125,113.29166666666667,43.9125,4.491666666666666,6.491666666666666,218.54166666666666,180.54166666666666,9.966666666666667,0.11583333333333334,0.38875,26.162499999999998,26.295833333333334,26.729166666666668,26.8,0.4415833333333334,0.44683333333333336,0.4411666666666667,0.428
2022-08-28,lh,25.78333333333333,88.33333333333333,23.641666666666666,31.7375,1008.725,1010.4250000000001,0.0,86.91666666666667,9.458333333333334,85.58333333333333,97.41666666666667,143.08333333333334,53.708333333333336,89.375,65.72083333333333,7.108333333333333,10.158333333333333,269.375,269.375,14.237499999999999,0.11625,0.4075,26.02916666666667,26.241666666666664,26.7,26.8,0.4265833333333333,0.4382916666666667,0.445625,0.4287916666666667
2022-08-29,lh,26.40833333333333,84.375,23.474999999999998,33.2875,1008.5583333333334,1010.2583333333333,0.0,59.666666666666664,7.0,49.875,78.125,240.0,161.54166666666666,78.45833333333333,219.31666666666663,4.754166666666666,6.570833333333333,238.66666666666666,262.7083333333333,11.737499999999999,0.18708333333333335,0.5683333333333334,26.72083333333333,26.462500000000002,26.61666666666667,26.8,0.43183333333333335,0.4295833333333334,0.4434166666666666,0.4297916666666666
2022-08-30,lh,24.900000000000002,91.95833333333333,23.45,31.6125,1009.0749999999999,1010.775,0.0,72.125,14.458333333333334,52.583333333333336,96.91666666666667,142.54166666666666,55.541666666666664,87.0,85.7625,7.716666666666666,10.995833333333332,302.7916666666667,305.125,14.4,0.10958333333333332,0.2708333333333333,25.741666666666664,26.245833333333334,26.600000000000005,26.8,0.44475,0.4400833333333333,0.44204166666666667,0.43004166666666666
2022-08-31,lh,25.566666666666666,89.0,23.55,33.237500000000004,1008.1708333333332,1009.8708333333334,0.0,53.75,5.416666666666667,32.25,98.25,234.20833333333334,142.04166666666666,92.16666666666667,184.72083333333333,3.766666666666667,4.770833333333333,185.45833333333334,197.125,9.470833333333333,0.17666666666666667,0.39083333333333337,26.287499999999998,26.183333333333334,26.5625,26.8,0.43954166666666666,0.4469166666666667,0.44533333333333336,0.4310416666666667
2022-09-01,lh,25.775000000000002,89.20833333333333,23.829166666666666,32.358333333333334,1009.3208333333333,1011.0208333333334,0.0,70.79166666666667,7.0,59.458333333333336,96.16666666666667,219.08333333333334,135.375,83.70833333333333,180.30416666666667,4.7625,7.095833333333334,187.0,171.70833333333334,10.445833333333333,0.1625,0.3779166666666667,26.40833333333333,26.412499999999998,26.520833333333332,26.8,0.4447083333333333,0.447375,0.4492083333333334,0.4322916666666667
2022-09-02,lh,26.0125,84.625,23.116666666666664,31.941666666666666,1009.9,1011.6,0.0,64.875,1.9166666666666667,58.875,92.625,165.16666666666666,58.333333333333336,106.83333333333333,86.6875,4.745833333333334,6.325,234.375,232.0,10.133333333333335,0.12958333333333333,0.5495833333333333,26.204166666666666,26.34166666666667,26.5125,26.8,0.4424166666666667,0.4442916666666667,0.44854166666666667,0.4335833333333334
2022-09-03,lh,25.754166666666666,88.29166666666667,23.629166666666666,32.84583333333333,1009.2791666666667,1010.9791666666666,0.0,56.708333333333336,8.25,33.708333333333336,96.75,204.41666666666666,103.95833333333333,100.45833333333333,140.34166666666667,4.6000000000000005,6.504166666666666,205.5,217.04166666666666,11.320833333333333,0.1575,0.40166666666666667,26.083333333333332,26.208333333333332,26.5,26.8,0.43970833333333337,0.44475,0.4487083333333333,0.4345833333333333
2022-09-04,lh,25.5,87.875,23.287499999999998,32.887499999999996,1009.9541666666668,1011.6541666666667,0.0,61.25,10.875,38.958333333333336,93.66666666666667,203.33333333333334,99.29166666666667,104.04166666666667,116.20833333333333,5.058333333333334,6.875,190.95833333333334,198.79166666666666,12.0625,0.16041666666666668,0.4166666666666667,25.883333333333336,26.083333333333332,26.5,26.8,0.4447083333333333,0.443375,0.45166666666666666,0.43649999999999994
2022-09-05,lh,26.458333333333332,83.91666666666667,23.40833333333333,33.36666666666667,1009.9166666666666,1011.6166666666667,0.0,50.791666666666664,11.833333333333334,17.041666666666668,99.54166666666667,252.45833333333334,148.95833333333334,103.5,197.8708333333333,5.55,7.541666666666667,265.25,263.3333333333333,12.883333333333333,0.19000000000000003,0.59375,26.65416666666667,26.354166666666668,26.44583333333333,26.8,0.4338333333333333,0.43524999999999997,0.44904166666666673,0.43779166666666663
2022-09-06,lh,26.1875,85.41666666666667,23.383333333333336,33.291666666666664,1009.9583333333334,1011.6583333333333,0.0,49.5,9.291666666666666,19.291666666666668,98.625,263.75,182.375,81.375,239.23333333333335,5.791666666666667,7.445833333333333,192.91666666666666,192.75,12.345833333333333,0.20458333333333334,0.5420833333333334,26.837500000000002,26.708333333333332,26.5,26.8,0.42074999999999996,0.424,0.4452083333333334,0.438
2022-09-07,lh,25.770833333333332,82.91666666666667,22.520833333333332,32.737500000000004,1010.3958333333334,1012.0958333333333,0.0,53.666666666666664,2.25,37.333333333333336,97.41666666666667,197.66666666666666,88.54166666666667,109.125,114.70416666666667,4.8625,6.8,196.33333333333334,199.5,10.258333333333333,0.16083333333333333,0.6062500000000001,26.058333333333334,26.34583333333333,26.5,26.8,0.4083333333333334,0.4152916666666666,0.44129166666666664,0.438
2022-09-08,lh,26.495833333333334,83.79166666666667,23.458333333333332,32.858333333333334,1011.1208333333334,1012.8208333333333,0.0,71.83333333333333,10.583333333333334,55.583333333333336,99.25,197.79166666666666,106.41666666666667,91.375,135.9375,5.404166666666666,7.3875,263.7916666666667,244.33333333333334,11.8375,0.15166666666666667,0.5870833333333333,26.804166666666664,26.570833333333336,26.5,26.791666666666668,0.4020416666666667,0.407875,0.43729166666666663,0.43825000000000003
2022-09-09,lh,26.520833333333332,81.66666666666667,22.991666666666664,33.52916666666667,1010.8833333333333,1012.5833333333334,0.0,32.583333333333336,8.916666666666666,9.333333333333334,62.833333333333336,294.7083333333333,244.66666666666666,50.041666666666664,336.6083333333333,5.554166666666667,7.879166666666666,208.04166666666666,227.83333333333334,15.4375,0.22791666666666666,0.6891666666666666,26.991666666666664,26.666666666666668,26.5125,26.708333333333332,0.3897916666666667,0.4000416666666667,0.4330416666666667,0.438
2022-09-11,lh,26.599999999999998,82.91666666666667,23.40416666666667,32.604166666666664,1010.5124999999999,1012.2125,0.0,78.16666666666667,5.416666666666667,80.45833333333333,83.625,151.95833333333334,53.041666666666664,98.91666666666667,73.48333333333333,3.6458333333333335,4.720833333333333,228.75,209.79166666666666,12.1625,0.11958333333333333,0.6166666666666667,26.90833333333333,27.02916666666667,26.7,26.7,0.385125,0.38729166666666665,0.42416666666666664,0.438
2022-09-12,lh,26.34583333333333,82.83333333333333,22.995833333333334,32.670833333333334,1009.8791666666666,1011.5791666666668,0.0,47.875,1.1666666666666667,39.791666666666664,75.95833333333333,276.5833333333333,208.83333333333334,67.75,281.5083333333333,7.295833333333333,9.908333333333333,165.875,158.33333333333334,14.770833333333334,0.22166666666666668,0.6416666666666667,27.179166666666664,26.929166666666664,26.7,26.7,0.37925000000000003,0.38362500000000005,0.42025,0.43754166666666666
2022-09-13,lh,26.525000000000002,81.83333333333333,23.0625,32.770833333333336,1010.9583333333334,1012.6583333333333,0.0,40.958333333333336,4.958333333333333,25.291666666666668,70.91666666666667,265.625,189.0,76.625,244.04166666666666,6.216666666666666,8.262500000000001,159.375,151.66666666666666,12.670833333333334,0.21083333333333332,0.6695833333333333,27.129166666666666,27.03333333333333,26.729166666666668,26.7,0.3645,0.3765833333333333,0.41591666666666666,0.437
2022-09-14,lh,26.2,82.0,22.816666666666666,32.80833333333333,1012.4083333333333,1014.1083333333332,0.0,57.75,7.583333333333333,39.166666666666664,91.16666666666667,250.04166666666666,182.75,67.29166666666667,241.79583333333335,4.6125,6.845833333333334,246.29166666666666,245.83333333333334,13.545833333333334,0.19583333333333333,0.6408333333333333,26.854166666666668,26.933333333333334,26.8,26.7,0.36441666666666667,0.37045833333333333,0.4116666666666666,0.437
2022-09-15,lh,25.787499999999998,85.16666666666667,23.037499999999998,32.44583333333333,1012.0041666666666,1013.7041666666668,0.0,54.041666666666664,12.375,25.208333333333332,94.66666666666667,212.54166666666666,104.5,108.04166666666667,130.075,5.170833333333333,6.804166666666667,189.875,189.125,13.879166666666668,0.17416666666666666,0.52,26.629166666666666,26.787499999999998,26.8,26.7,0.39037499999999997,0.36999999999999994,0.4081666666666666,0.43612500000000004
2022-09-16,lh,25.820833333333336,87.29166666666667,23.479166666666668,33.03333333333333,1010.2166666666667,1011.9166666666666,0.0,44.041666666666664,8.0,13.708333333333334,95.16666666666667,252.58333333333334,167.54166666666666,85.04166666666667,212.41666666666666,5.995833333333334,7.879166666666666,180.29166666666666,180.33333333333334,14.116666666666667,0.19999999999999998,0.4475,26.6875,26.72083333333333,26.8,26.7,0.40208333333333335,0.374125,0.4050833333333334,0.436
2022-09-17,lh,25.733333333333334,86.45833333333333,23.175,33.09166666666667,1009.5583333333334,1011.2583333333333,0.0,48.791666666666664,21.708333333333332,23.541666666666668,73.20833333333333,275.375,214.95833333333334,60.416666666666664,290.9291666666667,4.833333333333333,6.279166666666666,203.58333333333334,212.58333333333334,13.7875,0.21458333333333335,0.4970833333333333,26.583333333333332,26.620833333333334,26.7625,26.7,0.4170833333333333,0.38845833333333335,0.402125,0.4355833333333334
2022-09-18,lh,25.870833333333334,86.29166666666667,23.325,32.625,1010.4541666666668,1012.1541666666667,0.0,49.416666666666664,7.208333333333333,22.25,98.375,234.29166666666666,145.75,88.54166666666667,189.41666666666666,5.141666666666667,7.220833333333334,307.5,318.5416666666667,13.933333333333332,0.18083333333333332,0.49541666666666667,26.650000000000002,26.645833333333332,26.724999999999998,26.7,0.42087499999999994,0.41162499999999996,0.4004166666666667,0.435
2022-09-20,lh,25.804166666666664,85.29166666666667,23.09166666666667,32.78333333333333,1010.4583333333334,1012.1583333333333,0.0,49.583333333333336,12.541666666666666,28.708333333333332,70.375,269.0416666666667,208.20833333333334,60.833333333333336,279.6708333333333,5.1125,6.520833333333333,168.08333333333334,162.54166666666666,12.333333333333334,0.2091666666666667,0.5225,26.741666666666664,26.695833333333336,26.7,26.7,0.41912499999999997,0.41124999999999995,0.39762500000000006,0.434
2022-09-21,lh,25.766666666666666,87.5,23.495833333333334,32.875,1009.7916666666666,1011.4916666666667,0.0,44.916666666666664,8.583333333333334,19.208333333333332,85.41666666666667,238.29166666666666,167.5,70.79166666666667,207.46666666666667,5.158333333333333,6.4375,186.54166666666666,190.54166666666666,13.916666666666666,0.19041666666666668,0.4345833333333333,26.6125,26.691666666666666,26.7,26.7,0.418125,0.40841666666666665,0.3965,0.434
2022-09-22,lh,25.575,88.41666666666667,23.433333333333334,32.09583333333333,1009.9083333333333,1011.6083333333332,0.0,62.083333333333336,5.75,47.541666666666664,94.16666666666667,193.08333333333334,98.375,94.70833333333333,135.7375,5.2250000000000005,6.8999999999999995,215.125,212.16666666666666,14.024999999999999,0.155,0.40875,26.40833333333333,26.55,26.7,26.7,0.42054166666666665,0.41312499999999996,0.3954583333333333,0.4334166666666666
2022-09-23,lh,25.537499999999998,87.875,23.291666666666668,32.229166666666664,1009.5416666666666,1011.2416666666667,0.0,50.958333333333336,4.333333333333333,28.875,98.91666666666667,241.875,148.95833333333334,92.91666666666667,190.38333333333333,7.354166666666667,9.566666666666666,177.75,170.54166666666666,15.112499999999999,0.19875,0.43250000000000005,26.370833333333334,26.433333333333334,26.7,26.7,0.427125,0.42366666666666664,0.39529166666666665,0.433
2022-09-24,lh,25.733333333333334,87.58333333333333,23.4375,32.229166666666664,1009.1458333333334,1010.8458333333333,0.0,62.166666666666664,3.7083333333333335,56.291666666666664,85.58333333333333,219.16666666666666,129.66666666666666,89.5,178.26250000000002,7.008333333333333,9.716666666666667,209.58333333333334,208.125,18.400000000000002,0.18375,0.43375,26.420833333333334,26.491666666666664,26.666666666666668,26.7,0.4378333333333333,0.42933333333333334,0.3960000000000001,0.4327916666666667
2022-09-25,lh,25.808333333333334,87.20833333333333,23.400000000000002,32.30416666666667,1008.8166666666666,1010.5166666666668,0.0,50.875,4.625,41.083333333333336,73.29166666666667,215.875,127.04166666666667,88.83333333333333,156.18333333333334,7.941666666666666,11.208333333333334,305.625,311.0,16.583333333333332,0.18458333333333332,0.46,26.4375,26.47083333333333,26.61666666666667,26.7,0.43425,0.4319583333333333,0.3974583333333333,0.432
2022-09-26,lh,25.729166666666668,87.5,23.370833333333334,33.108333333333334,1008.9416666666666,1010.6416666666668,0.0,49.041666666666664,7.458333333333333,22.166666666666668,96.91666666666667,253.79166666666666,144.58333333333334,109.20833333333333,187.68333333333337,5.3374999999999995,7.608333333333333,214.58333333333334,221.375,12.445833333333333,0.19833333333333333,0.46208333333333335,26.708333333333332,26.570833333333336,26.600000000000005,26.7,0.4404166666666667,0.43845833333333334,0.40091666666666664,0.432
2022-09-27,lh,25.962500000000002,86.79166666666667,23.541666666666668,32.75416666666667,1008.7083333333334,1010.4083333333333,0.0,58.791666666666664,11.791666666666666,31.208333333333332,97.75,230.91666666666666,137.70833333333334,93.20833333333333,175.5,5.1625000000000005,6.779166666666666,178.54166666666666,169.91666666666666,11.683333333333332,0.18125000000000002,0.46375000000000005,26.425,26.5625,26.600000000000005,26.7,0.43212500000000004,0.43754166666666666,0.4057916666666667,0.43183333333333335
2022-09-29,lh,25.84166666666667,87.66666666666667,23.583333333333332,33.141666666666666,1007.25,1008.9499999999999,0.0,67.66666666666667,13.291666666666666,46.958333333333336,97.91666666666667,219.625,137.95833333333334,81.66666666666667,187.97083333333333,3.225,3.891666666666667,199.5,203.29166666666666,10.779166666666667,0.16749999999999998,0.43124999999999997,26.40416666666667,26.3875,26.600000000000005,26.7,0.4459166666666667,0.44329166666666664,0.4169583333333333,0.431
2022-09-30,lh,25.558333333333334,90.0,23.724999999999998,32.94166666666667,1008.9333333333334,1010.6333333333333,0.0,68.29166666666667,7.5,56.0,95.33333333333333,174.20833333333334,70.875,103.33333333333333,88.35416666666667,5.591666666666666,7.391666666666667,252.83333333333334,255.0,11.645833333333334,0.13875,0.35250000000000004,26.375,26.483333333333334,26.600000000000005,26.7,0.4362916666666667,0.4407916666666667,0.4215,0.431
2022-10-01,lh,25.6375,89.33333333333333,23.679166666666664,32.62083333333333,1009.6416666666668,1011.3416666666667,0.0,82.16666666666667,6.166666666666667,81.95833333333333,91.29166666666667,203.45833333333334,119.20833333333333,84.25,147.62083333333334,5.4375,8.104166666666666,255.45833333333334,253.08333333333334,11.633333333333333,0.16083333333333333,0.37958333333333333,26.454166666666666,26.416666666666668,26.5625,26.7,0.4275,0.4335,0.4263333333333333,0.431
2022-10-02,lh,26.79565217391304,83.47826086956522,23.656521739130437,33.37391304347826,1008.7869565217391,1010.4869565217392,0.0,72.08695652173913,3.391304347826087,68.91304347826087,92.26086956521739,194.2173913043478,97.52173913043478,96.69565217391305,122.02608695652174,4.178260869565217,5.408695652173913,182.52173913043478,172.7391304347826,11.004347826086956,0.1643478260869565,0.6169565217391304,26.93913043478261,26.682608695652174,26.57826086956522,26.7,0.42708695652173917,0.42617391304347824,0.42621739130434777,0.431
2022-10-03,lh,25.645833333333332,87.79166666666667,23.395833333333332,32.87916666666667,1008.2583333333333,1009.9583333333334,0.0,67.25,5.958333333333333,57.291666666666664,94.625,181.08333333333334,82.625,98.45833333333333,104.25416666666666,4.625,5.845833333333334,303.2916666666667,302.0833333333333,12.4625,0.14583333333333334,0.43333333333333335,26.349999999999998,26.5625,26.600000000000005,26.7,0.433875,0.431375,0.4249583333333333,0.431
2022-10-04,lh,25.295833333333334,90.70833333333333,23.616666666666664,31.412499999999998,1008.5375,1010.2375000000001,0.0,71.79166666666667,25.625,56.5,92.70833333333333,164.125,76.41666666666667,87.70833333333333,93.75,8.9375,12.904166666666667,269.4166666666667,272.3333333333333,15.945833333333333,0.13,0.31625,26.008333333333336,26.25,26.600000000000005,26.7,0.44316666666666665,0.4484166666666667,0.4314166666666666,0.431
2022-10-05,lh,25.120833333333334,91.20833333333333,23.55,31.7,1009.6,1011.3000000000001,0.0,81.58333333333333,21.375,75.5,99.20833333333333,147.0,52.166666666666664,94.83333333333333,71.69166666666666,4.083333333333333,5.637499999999999,221.875,182.125,9.729166666666666,0.11083333333333334,0.29458333333333336,26.05,26.2,26.504166666666666,26.7,0.4482083333333333,0.44320833333333337,0.4529166666666667,0.43366666666666664
2022-10-06,lh,24.941666666666666,91.70833333333333,23.45,32.13333333333333,1009.1,1010.8000000000001,0.0,78.83333333333333,10.375,69.125,93.75,179.25,73.91666666666667,105.33333333333333,104.4375,3.3708333333333336,4.208333333333333,183.375,189.54166666666666,9.854166666666666,0.135,0.27708333333333335,25.90416666666667,26.075,26.5,26.7,0.44895833333333335,0.44941666666666663,0.4547083333333333,0.4364166666666667
2022-10-07,lh,24.724999999999998,93.66666666666667,23.625,31.633333333333336,1009.8291666666668,1011.5291666666667,0.0,82.66666666666667,16.875,66.625,99.75,147.16666666666666,42.041666666666664,105.125,52.229166666666664,5.033333333333333,7.329166666666667,187.375,145.66666666666666,11.762500000000001,0.11041666666666666,0.20833333333333334,25.483333333333334,25.858333333333334,26.420833333333334,26.7,0.4524166666666667,0.4418333333333333,0.45533333333333337,0.4405833333333333
2022-10-08,lh,24.77916666666667,90.66666666666667,23.075,31.333333333333332,1010.375,1012.0749999999999,0.0,70.0,17.291666666666668,56.333333333333336,98.58333333333333,128.58333333333334,46.25,82.33333333333333,61.65,5.2,7.175,225.41666666666666,235.875,12.25,0.09999999999999999,0.315,25.233333333333334,25.52916666666667,26.333333333333332,26.7,0.43575,0.4406666666666667,0.45625000000000004,0.44383333333333336
2022-10-09,lh,25.383333333333336,87.91666666666667,23.179166666666664,32.199999999999996,1010.9375,1012.6374999999999,0.0,49.25,3.7083333333333335,27.625,97.79166666666667,191.66666666666666,78.58333333333333,113.08333333333333,107.57083333333333,4.641666666666667,6.2625,227.375,232.70833333333334,11.758333333333333,0.1425,0.4145833333333333,25.758333333333336,25.745833333333334,26.233333333333334,26.7,0.42891666666666667,0.42758333333333337,0.450625,0.4462916666666667
2022-10-10,lh,25.400000000000002,88.54166666666667,23.258333333333336,32.641666666666666,1011.7166666666667,1013.4166666666666,0.0,74.0,13.25,61.125,87.54166666666667,246.95833333333334,175.375,71.58333333333333,230.10833333333335,4.354166666666667,5.804166666666667,166.0,162.0,11.054166666666667,0.18041666666666667,0.40875,26.179166666666664,26.008333333333336,26.2,26.7,0.434,0.4263333333333333,0.443875,0.447
2022-10-11,lh,25.358333333333334,87.20833333333333,22.96666666666667,32.24583333333333,1011.3833333333333,1013.0833333333334,0.0,58.875,20.041666666666668,26.75,90.375,248.08333333333334,173.16666666666666,74.91666666666667,229.5625,5.591666666666666,7.416666666666667,162.875,152.125,11.583333333333334,0.18375,0.45416666666666666,26.400000000000002,26.287499999999998,26.22083333333333,26.7,0.4369166666666667,0.429375,0.43854166666666666,0.447
2022-10-14,lh,24.791666666666668,92.66666666666667,23.5125,31.304166666666664,1009.6041666666666,1011.3041666666667,0.0,74.0,24.333333333333332,44.375,96.79166666666667,174.33333333333334,73.79166666666667,100.54166666666667,97.26666666666667,8.2875,11.745833333333332,153.75,143.95833333333334,15.483333333333334,0.1366666666666667,0.2383333333333333,25.775000000000002,26.09166666666667,26.3,26.600000000000005,0.43975000000000003,0.4379583333333333,0.429125,0.446
2022-10-15,lh,25.458333333333332,89.66666666666667,23.599999999999998,31.6375,1008.25,1009.9499999999999,0.0,53.791666666666664,9.708333333333334,29.916666666666668,90.16666666666667,154.125,58.666666666666664,95.45833333333333,87.06666666666666,6.0,7.866666666666667,184.16666666666666,179.625,11.450000000000001,0.11583333333333333,0.3545833333333333,25.858333333333334,25.925,26.233333333333334,26.600000000000005,0.43204166666666666,0.4430416666666667,0.434375,0.446
2022-10-16,lh,24.620833333333334,94.45833333333333,23.65416666666667,31.587500000000002,1010.1208333333334,1011.8208333333333,0.0,80.70833333333333,10.625,69.79166666666667,97.54166666666667,144.75,37.875,106.875,49.11666666666667,4.9624999999999995,6.55,254.375,258.5833333333333,10.479166666666666,0.10916666666666668,0.18125,25.400000000000002,25.770833333333332,26.2,26.600000000000005,0.4467083333333333,0.4500416666666667,0.43845833333333334,0.44608333333333333
2022-10-17,lh,25.708333333333332,86.95833333333333,23.2625,32.50416666666667,1010.3249999999999,1012.025,0.0,61.208333333333336,3.1666666666666665,47.666666666666664,99.375,235.125,144.20833333333334,90.91666666666667,190.51250000000002,4.791666666666667,6.754166666666666,202.45833333333334,207.75,11.166666666666666,0.17458333333333334,0.47625,26.212500000000002,25.858333333333334,26.175,26.600000000000005,0.44216666666666665,0.44354166666666667,0.44275,0.44716666666666666
2022-10-18,lh,25.933333333333334,87.54166666666667,23.662499999999998,33.3375,1009.4916666666667,1011.1916666666666,0.0,52.541666666666664,4.833333333333333,30.625,99.20833333333333,224.375,138.25,86.125,186.7458333333333,3.1666666666666665,3.7458333333333336,213.08333333333334,196.0,9.779166666666667,0.16708333333333333,0.4370833333333333,26.329166666666666,26.275000000000002,26.2,26.600000000000005,0.43825000000000003,0.440625,0.43883333333333335,0.448
2022-10-19,lh,25.787499999999998,89.70833333333333,23.962500000000002,32.541666666666664,1008.8708333333334,1010.5708333333333,0.0,65.16666666666667,4.25,53.541666666666664,99.29166666666667,190.625,105.08333333333333,85.54166666666667,143.34166666666667,3.8958333333333335,5.704166666666667,234.125,225.70833333333334,11.375,0.14208333333333334,0.35125,26.1875,26.258333333333336,26.2,26.600000000000005,0.432625,0.44483333333333336,0.439625,0.448
2022-10-20,lh,25.358333333333334,90.41666666666667,23.662499999999998,32.49166666666667,1009.3666666666667,1011.0666666666666,0.0,55.375,10.625,28.125,99.20833333333333,181.33333333333334,87.625,93.70833333333333,123.49166666666667,4.320833333333334,6.195833333333333,249.41666666666666,237.58333333333334,10.316666666666666,0.13708333333333333,0.32375,25.787499999999998,25.991666666666664,26.2,26.600000000000005,0.436625,0.445375,0.443625,0.448
2022-10-21,lh,25.36086956521739,92.73913043478261,24.05652173913043,32.68695652173913,1010.4391304347826,1012.1391304347826,0.0,70.47826086956522,10.521739130434783,55.04347826086956,93.65217391304348,178.91304347826087,86.69565217391305,92.21739130434783,114.5086956521739,4.934782608695652,7.217391304347826,155.47826086956522,148.65217391304347,11.069565217391304,0.13652173913043478,0.25521739130434784,26.29565217391304,26.14782608695652,26.2,26.6,0.43756521739130433,0.45008695652173913,0.4507826086956522,0.4485217391304348
2022-10-22,lh,25.545833333333334,88.375,23.433333333333334,31.745833333333334,1011.8208333333333,1013.5208333333334,0.0,89.33333333333333,4.458333333333333,93.41666666666667,99.79166666666667,100.54166666666667,14.041666666666666,86.5,20.170833333333334,5.570833333333333,7.991666666666667,253.75,248.58333333333334,12.616666666666667,0.07875,0.3941666666666666,25.858333333333334,26.09583333333333,26.2,26.600000000000005,0.43895833333333334,0.44258333333333333,0.45329166666666665,0.4497083333333334
2022-10-23,lh,25.7,88.70833333333333,23.650000000000002,32.68333333333333,1011.7833333333333,1013.4833333333332,0.0,79.16666666666667,9.625,71.25,96.41666666666667,192.25,91.54166666666667,100.70833333333333,117.17916666666667,5.758333333333333,7.9750000000000005,271.1666666666667,271.625,10.979166666666666,0.14333333333333334,0.39166666666666666,26.087500000000002,26.020833333333332,26.2,26.600000000000005,0.4419583333333333,0.44316666666666665,0.45058333333333334,0.45
2022-10-24,lh,25.191666666666666,91.20833333333333,23.604166666666668,32.204166666666666,1011.3333333333334,1013.0333333333333,0.0,85.0,9.291666666666666,77.66666666666667,99.875,148.33333333333334,38.25,110.08333333333333,58.166666666666664,5.1499999999999995,7.808333333333334,171.70833333333334,165.70833333333334,9.674999999999999,0.11541666666666667,0.3,25.90416666666667,26.0125,26.2,26.600000000000005,0.43524999999999997,0.44683333333333336,0.45412500000000006,0.450625
2022-10-25,lh,25.59166666666667,87.875,23.383333333333336,31.829166666666666,1011.0416666666666,1012.7416666666667,0.0,55.333333333333336,7.166666666666667,31.708333333333332,99.79166666666667,150.91666666666666,34.75,116.16666666666667,53.07916666666667,5.933333333333334,8.825000000000001,164.66666666666666,151.20833333333334,13.725,0.11708333333333333,0.41958333333333336,25.8875,25.941666666666666,26.2,26.600000000000005,0.43379166666666663,0.435375,0.4529166666666667,0.451
2022-10-26,lh,25.379166666666666,90.45833333333333,23.679166666666664,31.375,1010.9125,1012.6125000000001,0.0,65.91666666666667,13.75,40.208333333333336,99.70833333333333,107.29166666666667,10.041666666666666,97.25,12.941666666666668,7.008333333333333,10.5375,154.16666666666666,142.58333333333334,13.658333333333333,0.08583333333333333,0.31625,25.808333333333334,25.97083333333333,26.2,26.53333333333333,0.4402916666666667,0.43366666666666664,0.4497083333333334,0.451
2022-10-27,lh,24.95,92.125,23.570833333333336,31.254166666666666,1009.6541666666667,1011.3541666666666,0.0,65.79166666666667,20.5,33.0,97.5,150.20833333333334,47.958333333333336,102.25,70.575,6.9375,9.525,155.625,143.875,14.154166666666667,0.10666666666666667,0.2525,25.429166666666664,25.712500000000002,26.15416666666667,26.5,0.44695833333333335,0.44612500000000005,0.448375,0.451
2022-10-28,lh,24.599999999999998,94.0,23.55,31.099999999999998,1008.6166666666667,1010.3166666666666,0.0,74.41666666666667,16.083333333333332,54.625,99.66666666666667,79.04166666666667,2.1666666666666665,76.875,3.220833333333333,6.295833333333333,9.020833333333334,163.625,150.41666666666666,11.391666666666666,0.06375,0.19333333333333333,25.041666666666668,25.429166666666664,26.100000000000005,26.5,0.44045833333333334,0.4486666666666667,0.4525416666666667,0.451625
2022-10-29,lh,25.25,91.20833333333333,23.65833333333333,32.041666666666664,1008.3249999999999,1010.025,0.0,76.66666666666667,26.916666666666668,39.0,98.25,189.08333333333334,102.33333333333333,86.75,133.6625,4.7875000000000005,6.654166666666666,157.125,136.75,11.320833333333333,0.14208333333333334,0.3070833333333333,25.920833333333334,25.633333333333336,26.008333333333336,26.5,0.45166666666666666,0.4495416666666667,0.45541666666666664,0.45275
2022-10-30,lh,24.587500000000002,95.66666666666667,23.84583333333333,31.525000000000002,1008.9416666666666,1010.6416666666668,0.0,82.75,20.958333333333332,62.916666666666664,99.375,153.0,63.125,89.875,88.45416666666667,6.8125,9.520833333333334,163.45833333333334,156.25,14.358333333333334,0.11375,0.14166666666666666,25.40416666666667,25.729166666666668,26.0,26.5,0.43920833333333337,0.44120833333333337,0.45695833333333336,0.45533333333333337
2022-10-31,lh,24.4375,95.0,23.55,31.037499999999998,1009.7583333333333,1011.4583333333334,0.0,85.54166666666667,10.916666666666666,78.79166666666667,99.95833333333333,80.04166666666667,11.625,68.41666666666667,15.325000000000001,6.0375000000000005,8.325000000000001,165.33333333333334,159.29166666666666,11.241666666666667,0.06625,0.16125,24.933333333333334,25.354166666666668,25.995833333333334,26.5,0.445375,0.44945833333333335,0.45249999999999996,0.45858333333333334
2022-11-01,lh,24.616666666666664,93.25,23.425,31.558333333333334,1010.1,1011.8000000000001,0.0,86.29166666666667,19.333333333333332,70.70833333333333,99.0,145.54166666666666,60.541666666666664,85.0,82.84166666666667,7.041666666666667,10.158333333333333,148.83333333333334,139.83333333333334,13.833333333333334,0.11208333333333333,0.22,25.079166666666666,25.2,25.899999999999995,26.5,0.44754166666666667,0.4500416666666667,0.4484166666666667,0.459
2022-11-02,lh,24.583333333333332,94.54166666666667,23.641666666666666,31.037499999999998,1009.9250000000001,1011.625,0.0,86.5,18.666666666666668,73.70833333333333,99.08333333333333,119.375,37.625,81.75,51.67916666666667,7.429166666666667,10.975,150.0,139.83333333333334,15.291666666666666,0.09125,0.17541666666666667,25.099999999999998,25.320833333333336,25.833333333333332,26.5,0.4467916666666667,0.45104166666666673,0.449125,0.459
2022-11-03,lh,24.525000000000002,94.375,23.541666666666668,31.520833333333332,1009.9083333333333,1011.6083333333332,0.0,76.66666666666667,14.75,55.875,99.75,191.29166666666666,104.16666666666667,87.125,139.62916666666666,5.7875000000000005,7.841666666666666,159.0,148.625,12.633333333333333,0.13875,0.18458333333333332,25.204166666666666,25.287499999999998,25.8,26.5,0.44329166666666664,0.44779166666666664,0.45008333333333334,0.459
2022-11-04,lh,24.0,96.16666666666667,23.34583333333333,30.46666666666667,1011.1166666666667,1012.8166666666666,0.0,95.66666666666667,30.458333333333332,97.70833333333333,99.58333333333333,64.45833333333333,9.916666666666666,54.541666666666664,15.016666666666666,6.820833333333333,9.862499999999999,165.83333333333334,155.375,11.429166666666667,0.05458333333333334,0.11625,24.583333333333332,25.087500000000002,25.758333333333336,26.458333333333332,0.45075,0.45304166666666673,0.45545833333333335,0.459
2022-11-05,lh,24.162499999999998,92.625,22.84583333333333,30.433333333333334,1011.8208333333333,1013.5208333333334,0.0,73.41666666666667,21.375,44.333333333333336,99.91666666666667,155.04166666666666,55.708333333333336,99.33333333333333,77.66666666666667,9.641666666666667,13.795833333333334,147.54166666666666,142.0,17.329166666666666,0.11750000000000001,0.23666666666666666,24.5625,24.833333333333332,25.679166666666664,26.399999999999995,0.4505416666666667,0.4522916666666667,0.456,0.459125
2022-11-06,lh,24.8875,90.33333333333333,23.145833333333332,31.008333333333336,1011.8333333333334,1013.5333333333333,0.0,67.5,19.958333333333332,33.375,98.08333333333333,203.08333333333334,114.25,88.83333333333333,156.85833333333332,8.8375,12.379166666666668,164.41666666666666,158.29166666666666,14.095833333333333,0.1475,0.32583333333333336,25.412499999999998,25.162499999999998,25.600000000000005,26.399999999999995,0.43425,0.43287499999999995,0.43345833333333333,0.45945833333333336
2022-11-07,lh,24.84166666666667,90.54166666666667,23.116666666666664,31.504166666666666,1011.4916666666667,1013.1916666666666,0.0,74.95833333333333,17.166666666666668,52.583333333333336,99.20833333333333,161.83333333333334,68.33333333333333,93.5,87.5,4.9375,6.5625,182.16666666666666,180.25,10.604166666666666,0.12416666666666666,0.3229166666666667,25.650000000000002,25.541666666666668,25.600000000000005,26.399999999999995,0.43445833333333334,0.445625,0.43454166666666666,0.45816666666666667
2022-11-08,lh,24.84583333333333,90.16666666666667,23.070833333333336,31.96666666666667,1011.1333333333333,1012.8333333333334,0.0,62.458333333333336,15.166666666666666,39.833333333333336,88.41666666666667,210.16666666666666,129.66666666666666,80.5,181.2875,6.308333333333334,8.475,179.375,179.66666666666666,13.358333333333334,0.15583333333333335,0.33208333333333334,25.608333333333334,25.6375,25.662499999999998,26.399999999999995,0.43895833333333334,0.44320833333333337,0.43345833333333333,0.4575
2022-11-09,lh,25.212500000000002,89.91666666666667,23.379166666666666,32.5625,1010.9291666666667,1012.6291666666666,0.0,61.666666666666664,7.375,47.791666666666664,87.91666666666667,161.79166666666666,59.041666666666664,102.75,79.65833333333333,3.720833333333333,5.2749999999999995,173.0,151.91666666666666,9.816666666666666,0.11958333333333333,0.3475,25.587500000000002,25.583333333333332,25.7,26.399999999999995,0.44370833333333337,0.4457083333333334,0.43170833333333336,0.4567916666666667
2022-11-10,lh,25.0125,90.66666666666667,23.34583333333333,31.72083333333333,1010.9333333333334,1012.6333333333333,0.0,69.83333333333333,21.125,35.708333333333336,99.16666666666667,174.66666666666666,69.75,104.91666666666667,85.87083333333334,6.158333333333334,9.85,138.54166666666666,133.41666666666666,12.975,0.1275,0.3125,25.583333333333332,25.6375,25.7,26.399999999999995,0.4407083333333333,0.44370833333333337,0.43016666666666664,0.456
2022-11-11,lh,23.72083333333333,96.91666666666667,23.191666666666666,30.037499999999998,1010.9125,1012.6125000000001,0.0,99.625,62.791666666666664,95.375,100.0,38.875,0.2916666666666667,38.583333333333336,0.4458333333333333,8.174999999999999,12.620833333333332,151.04166666666666,148.25,16.741666666666667,0.03666666666666667,0.09208333333333334,24.491666666666664,25.179166666666664,25.7,26.320833333333336,0.44545833333333335,0.4522083333333333,0.4446666666666667,0.456
2022-11-12,lh,23.920833333333334,96.16666666666667,23.25,30.825,1009.9499999999999,1011.65,0.0,91.20833333333333,49.666666666666664,74.375,98.95833333333333,80.5,9.625,70.875,15.9125,6.5874999999999995,9.816666666666666,160.45833333333334,160.66666666666666,14.145833333333334,0.06375,0.11666666666666665,24.325,24.72083333333333,25.629166666666666,26.3,0.44849999999999995,0.45216666666666666,0.456,0.45675
2022-11-13,lh,24.358333333333334,94.70833333333333,23.429166666666664,30.858333333333334,1009.5458333333332,1011.2458333333334,0.0,91.54166666666667,27.125,88.20833333333333,100.0,65.25,9.791666666666666,55.458333333333336,16.4125,5.133333333333334,7.925,167.875,162.54166666666666,15.549999999999999,0.05416666666666667,0.16916666666666666,24.545833333333334,24.695833333333336,25.525000000000002,26.3,0.44487499999999996,0.4457083333333334,0.45775000000000005,0.45875
2022-11-14,lh,24.808333333333334,90.41666666666667,23.058333333333334,31.141666666666666,1009.1916666666666,1010.8916666666668,0.0,79.66666666666667,16.208333333333332,76.125,94.29166666666667,152.375,74.20833333333333,78.16666666666667,109.92500000000001,5.6875,8.083333333333334,154.83333333333334,144.04166666666666,10.958333333333334,0.11541666666666667,0.32208333333333333,25.05,24.941666666666666,25.5,26.3,0.45050000000000007,0.44725,0.4525416666666667,0.459
2022-11-15,lh,24.099999999999998,96.0,23.391666666666666,31.2375,1009.225,1010.9250000000001,0.0,85.95833333333333,37.666666666666664,68.5,100.0,90.95833333333333,24.208333333333332,66.75,36.80833333333333,6.008333333333333,8.570833333333333,149.75,141.5,11.679166666666667,0.07166666666666667,0.12666666666666668,24.629166666666666,24.983333333333334,25.458333333333332,26.3,0.4444166666666667,0.45208333333333334,0.44808333333333333,0.45966666666666667
2022-11-16,lh,25.004166666666666,91.875,23.5625,32.03333333333333,1008.7333333333332,1010.4333333333334,0.0,78.25,24.25,47.041666666666664,99.04166666666667,193.0,106.125,86.875,146.00416666666666,5.691666666666666,7.554166666666667,169.58333333333334,159.875,11.841666666666667,0.14125000000000001,0.27166666666666667,25.3125,25.1375,25.399999999999995,26.3,0.43920833333333337,0.4500416666666667,0.4403333333333333,0.45933333333333337
2022-11-18,lh,24.645833333333332,92.45833333333333,23.304166666666664,31.97083333333333,1009.5124999999999,1011.2125,0.0,70.875,27.5,32.333333333333336,99.66666666666667,161.45833333333334,54.75,106.70833333333333,73.27083333333333,4.895833333333333,7.1875,174.41666666666666,154.33333333333334,11.049999999999999,0.11833333333333333,0.24958333333333335,25.270833333333332,25.3125,25.4875,26.2,0.44925,0.446,0.4345833333333333,0.4575833333333334
2022-11-19,lh,25.108333333333334,91.20833333333333,23.504166666666666,31.516666666666666,1009.4916666666667,1011.1916666666666,0.0,78.41666666666667,19.625,63.458333333333336,99.91666666666667,150.375,46.833333333333336,103.54166666666667,60.69166666666666,6.7625,9.6875,177.41666666666666,171.83333333333334,14.195833333333333,0.11625,0.3025,25.462500000000002,25.391666666666666,25.5,26.2,0.43175,0.446375,0.4414166666666666,0.457
2022-11-20,lh,25.370833333333334,90.79166666666667,23.708333333333332,32.141666666666666,1008.2958333333332,1009.9958333333334,0.0,59.583333333333336,7.166666666666667,38.75,99.375,176.875,93.70833333333333,83.16666666666667,129.64166666666668,7.995833333333334,11.783333333333333,159.83333333333334,148.08333333333334,16.412499999999998,0.1325,0.3154166666666667,25.55,25.545833333333334,25.5,26.2,0.435625,0.4370416666666667,0.4382916666666667,0.45649999999999996
2022-11-21,lh,26.2625,86.08333333333333,23.691666666666666,32.137499999999996,1007.9458333333333,1009.6458333333334,0.0,45.75,10.541666666666666,11.5,97.79166666666667,167.54166666666666,55.208333333333336,112.33333333333333,82.10416666666667,10.358333333333333,15.454166666666666,150.83333333333334,142.70833333333334,18.358333333333334,0.13333333333333333,0.5008333333333334,26.179166666666664,25.7625,25.55,26.2,0.43545833333333334,0.43579166666666663,0.4335833333333334,0.456
2022-11-22,lh,26.258333333333336,84.83333333333333,23.416666666666668,31.65416666666667,1008.3166666666666,1010.0166666666668,0.0,39.291666666666664,5.583333333333333,12.0,89.91666666666667,229.58333333333334,157.0,72.58333333333333,230.65833333333333,13.208333333333334,19.075,153.95833333333334,148.41666666666666,21.458333333333332,0.17458333333333334,0.5470833333333334,26.545833333333334,26.2625,25.645833333333332,26.2,0.426,0.43045833333333333,0.428375,0.45504166666666673
2022-11-23,lh,26.545833333333334,81.875,23.09583333333333,31.47083333333333,1008.7875,1010.4875000000001,0.0,40.5,5.291666666666667,12.416666666666666,93.95833333333333,246.91666666666666,182.75,64.16666666666667,263.40000000000003,14.841666666666667,21.741666666666664,146.54166666666666,143.0,25.349999999999998,0.19208333333333336,0.6616666666666667,26.816666666666666,26.416666666666668,25.775000000000002,26.2,0.41441666666666666,0.427875,0.4237916666666666,0.45425000000000004
2022-11-24,lh,26.041666666666668,86.41666666666667,23.5625,32.65833333333333,1009.1583333333333,1010.8583333333332,0.0,42.916666666666664,10.125,21.041666666666668,70.41666666666667,213.125,140.20833333333334,72.91666666666667,210.83333333333334,7.4875,10.079166666666667,167.41666666666666,161.125,14.424999999999999,0.15375,0.47125,26.55,26.525000000000002,25.895833333333332,26.2,0.42124999999999996,0.423625,0.41924999999999996,0.45333333333333337
2022-11-25,lh,25.108333333333334,91.125,23.520833333333332,32.1625,1010.2916666666666,1011.9916666666667,0.0,66.33333333333333,19.791666666666668,52.791666666666664,75.08333333333333,179.33333333333334,97.41666666666667,81.91666666666667,148.10416666666666,4.958333333333333,6.341666666666666,212.58333333333334,214.54166666666666,12.516666666666666,0.13375,0.29875,25.879166666666666,26.087500000000002,26.0,26.2,0.4387916666666667,0.44383333333333336,0.42016666666666663,0.4525416666666667
2022-11-26,lh,25.754166666666666,86.41666666666667,23.22083333333333,32.525,1009.9666666666667,1011.6666666666666,0.0,69.125,26.458333333333332,29.75,95.29166666666667,229.08333333333334,152.5,76.58333333333333,216.34583333333333,5.433333333333334,6.8,289.4583333333333,290.7083333333333,12.570833333333333,0.1691666666666667,0.48583333333333334,26.287499999999998,26.05,26.0,26.2,0.41241666666666665,0.43054166666666666,0.42324999999999996,0.4519166666666667
2022-11-27,lh,25.825,86.75,23.329166666666666,32.4625,1009.1833333333334,1010.8833333333333,0.0,61.416666666666664,21.75,22.291666666666668,95.375,211.66666666666666,126.45833333333333,85.20833333333333,181.2875,5.641666666666667,7.3,293.1666666666667,289.875,11.8375,0.15541666666666668,0.4770833333333333,26.4375,26.316666666666666,26.0,26.2,0.408125,0.4184583333333333,0.41995833333333327,0.451
2022-11-28,lh,25.75,86.33333333333333,23.233333333333334,32.34583333333333,1009.4083333333333,1011.1083333333332,0.0,42.916666666666664,11.833333333333334,15.541666666666666,76.125,194.41666666666666,102.08333333333333,92.33333333333333,157.20833333333334,4.770833333333333,6.229166666666667,293.4166666666667,276.4166666666667,11.933333333333332,0.1425,0.4733333333333334,26.087500000000002,26.150000000000002,26.058333333333334,26.141666666666666,0.40608333333333335,0.411375,0.4164583333333333,0.450375
2022-11-29,lh,25.729166666666668,85.95833333333333,23.129166666666666,32.079166666666666,1009.8666666666667,1011.5666666666666,0.0,60.166666666666664,10.875,39.541666666666664,96.20833333333333,152.75,39.375,113.375,57.30833333333334,3.533333333333333,5.079166666666667,206.58333333333334,196.5,9.020833333333334,0.11458333333333333,0.48416666666666663,25.666666666666668,25.925,26.083333333333332,26.1125,0.4063333333333334,0.40641666666666665,0.41324999999999995,0.44966666666666666
2022-11-30,lh,25.2,89.04166666666667,23.208333333333332,31.754166666666666,1009.8333333333334,1011.5333333333333,0.0,62.416666666666664,22.333333333333332,23.083333333333332,99.375,189.625,96.125,93.5,137.4125,4.966666666666667,7.491666666666667,118.08333333333333,111.5,10.166666666666666,0.14125000000000001,0.37125,25.59583333333333,25.7,26.0125,26.100000000000005,0.4030416666666667,0.40245833333333336,0.4102083333333333,0.449
2022-12-01,lh,25.083333333333332,90.29166666666667,23.34166666666667,31.141666666666666,1009.4916666666667,1011.1916666666666,0.0,60.291666666666664,12.875,31.625,99.0,163.83333333333334,66.29166666666667,97.54166666666667,102.99166666666667,5.433333333333334,8.5875,146.875,140.54166666666666,11.058333333333332,0.11875000000000001,0.32625,25.71666666666667,25.754166666666666,26.0,26.100000000000005,0.4134166666666667,0.40195833333333336,0.4075,0.44808333333333333
2022-12-02,lh,25.241666666666664,87.54166666666667,22.929166666666664,31.241666666666664,1008.5291666666667,1010.2291666666666,0.0,54.333333333333336,7.666666666666667,29.25,99.41666666666667,190.79166666666666,102.45833333333333,88.33333333333333,152.73333333333332,5.341666666666666,8.016666666666667,146.70833333333334,136.29166666666666,12.508333333333333,0.13791666666666666,0.4283333333333333,25.633333333333336,25.72083333333333,26.0,26.100000000000005,0.423875,0.4070833333333333,0.40525000000000005,0.4475
2022-12-03,lh,23.891666666666666,95.45833333333333,23.108333333333334,29.820833333333336,1008.4625,1010.1625,0.0,83.41666666666667,25.5,68.91666666666667,100.0,58.166666666666664,4.125,54.041666666666664,5.895833333333333,8.720833333333333,13.5,154.375,147.16666666666666,14.804166666666667,0.04833333333333333,0.13875,24.633333333333336,25.34166666666667,25.929166666666664,26.100000000000005,0.44650000000000006,0.4363333333333333,0.4060416666666667,0.447
2022-12-04,lh,24.491666666666664,90.25,22.741666666666664,30.120833333333334,1007.9291666666667,1009.6291666666666,0.0,73.79166666666667,7.25,63.041666666666664,97.95833333333333,123.45833333333333,50.541666666666664,72.91666666666667,75.325,10.575000000000001,15.454166666666666,148.70833333333334,142.54166666666666,20.3,0.10041666666666667,0.31666666666666665,24.754166666666666,24.954166666666666,25.825,26.100000000000005,0.4322916666666667,0.44308333333333333,0.4200833333333333,0.44608333333333333
2022-12-05,lh,24.808333333333334,91.58333333333333,23.266666666666666,31.316666666666666,1008.2208333333333,1009.9208333333332,0.0,71.58333333333333,11.083333333333334,54.208333333333336,98.875,169.375,92.875,76.5,128.70416666666668,6.516666666666667,9.049999999999999,231.95833333333334,246.25,13.341666666666667,0.12916666666666668,0.28375,25.254166666666666,25.233333333333334,25.724999999999998,26.100000000000005,0.4364166666666667,0.4410833333333333,0.42395833333333327,0.446
2022-12-06,lh,24.858333333333334,92.91666666666667,23.604166666666668,31.741666666666664,1008.0875,1009.7875,0.0,71.375,17.375,45.166666666666664,99.41666666666667,147.25,54.166666666666664,93.08333333333333,77.05833333333334,5.554166666666667,8.070833333333333,239.29166666666666,226.29166666666666,12.079166666666666,0.1125,0.23625,25.183333333333334,25.295833333333334,25.7,26.100000000000005,0.4495833333333334,0.450375,0.43625,0.446
2022-12-07,lh,25.504347826086956,89.91304347826087,23.682608695652174,32.86521739130435,1008.5869565217391,1010.2869565217391,0.0,65.30434782608695,12.652173913043478,41.78260869565217,96.82608695652173,172.47826086956522,63.78260869565217,108.69565217391305,93.4608695652174,4.130434782608695,5.686956521739131,210.6086956521739,209.43478260869566,9.782608695652174,0.1291304347826087,0.34695652173913044,25.76521739130435,25.547826086956523,25.7,26.1,0.4422173913043478,0.44904347826086954,0.44765217391304346,0.44630434782608697
2022-12-08,lh,24.875,90.33333333333333,23.133333333333336,30.474999999999998,1009.7708333333334,1011.4708333333333,0.0,78.375,7.125,71.125,98.25,120.70833333333333,34.333333333333336,86.375,42.81666666666666,9.6875,14.804166666666667,153.375,149.125,17.6125,0.09333333333333334,0.31916666666666665,25.258333333333336,25.525000000000002,25.7,26.100000000000005,0.44333333333333336,0.45025000000000004,0.45133333333333336,0.44733333333333336
2022-12-09,lh,23.275000000000002,96.08333333333333,22.629166666666666,28.791666666666668,1010.1999999999999,1011.9,0.0,88.45833333333333,14.0,85.33333333333333,100.0,43.666666666666664,1.4166666666666667,42.25,2.4541666666666666,8.799999999999999,13.320833333333333,153.375,150.16666666666666,17.579166666666666,0.04,0.11,24.0625,24.837500000000002,25.645833333333332,26.100000000000005,0.44283333333333336,0.4469166666666667,0.45683333333333337,0.4502083333333333
2022-12-10,lh,22.929166666666664,96.41666666666667,22.316666666666666,28.59166666666667,1009.8375,1011.5375,0.0,94.54166666666667,19.791666666666668,93.25,100.0,38.25,1.0,37.25,1.4958333333333333,7.870833333333334,11.529166666666667,178.70833333333334,172.375,17.2375,0.03958333333333334,0.10291666666666667,23.520833333333332,24.191666666666666,25.5,26.100000000000005,0.4466666666666667,0.4452083333333334,0.45812500000000006,0.45495833333333335
2022-12-11,lh,23.704166666666666,93.45833333333333,22.53333333333333,28.45,1010.4958333333334,1012.2083333333334,0.0,79.16666666666667,5.25,75.33333333333333,100.0,60.458333333333336,5.458333333333333,55.0,8.720833333333333,8.629166666666666,13.1,166.41666666666666,162.16666666666666,16.154166666666665,0.049999999999999996,0.20750000000000002,23.991666666666664,24.170833333333334,25.337500000000002,26.100000000000005,0.44566666666666666,0.45095833333333335,0.45408333333333334,0.45983333333333337
2022-12-12,lh,23.433333333333334,94.33333333333333,22.479166666666668,29.587500000000002,1009.6750000000001,1011.375,0.0,88.41666666666667,16.208333333333332,81.58333333333333,100.0,66.29166666666667,5.041666666666667,61.25,6.625,6.1625000000000005,9.254166666666666,190.58333333333334,188.375,15.120833333333332,0.05583333333333334,0.16874999999999998,23.90416666666667,24.2375,25.224999999999998,26.05,0.44566666666666666,0.45012500000000005,0.4559583333333333,0.46
2022-12-13,lh,24.275000000000002,92.95833333333333,23.025000000000002,30.808333333333334,1009.025,1010.725,0.0,97.91666666666667,64.25,83.04166666666667,100.0,116.54166666666667,44.083333333333336,72.45833333333333,57.82083333333333,4.991666666666666,7.1000000000000005,286.25,262.4583333333333,17.104166666666668,0.08916666666666667,0.22583333333333333,24.541666666666668,24.491666666666664,25.129166666666666,26.0,0.43895833333333334,0.44487499999999996,0.44287499999999996,0.4600416666666667
2022-12-14,lh,23.854166666666668,96.16666666666667,23.21666666666667,29.795833333333334,1009.4291666666667,1011.1291666666666,0.0,97.20833333333333,53.833333333333336,88.04166666666667,100.0,51.0,5.541666666666667,45.458333333333336,7.633333333333333,7.508333333333333,11.1,303.5833333333333,304.375,19.412499999999998,0.043750000000000004,0.11166666666666668,24.120833333333334,24.504166666666666,25.100000000000005,26.0,0.4503333333333333,0.4519583333333333,0.44370833333333337,0.459
2022-12-15,lh,24.40833333333333,91.0,22.833333333333332,29.912499999999998,1007.8333333333334,1009.5333333333333,0.0,77.875,28.125,66.45833333333333,91.08333333333333,101.25,22.458333333333332,78.79166666666667,31.779166666666665,8.670833333333333,13.325000000000001,260.125,259.0833333333333,18.620833333333334,0.08416666666666667,0.28583333333333333,24.316666666666666,24.379166666666666,25.045833333333334,26.0,0.4435833333333334,0.4500416666666667,0.4549166666666667,0.459
2022-12-16,lh,25.170833333333334,87.33333333333333,22.854166666666668,31.133333333333336,1007.0541666666667,1008.7541666666666,0.0,66.20833333333333,12.875,42.291666666666664,97.41666666666667,171.75,90.66666666666667,81.08333333333333,128.57916666666668,8.604166666666666,13.058333333333332,318.0416666666667,305.9583333333333,18.0125,0.13125,0.42416666666666664,25.2,24.879166666666666,25.016666666666666,26.0,0.43895833333333334,0.4379583333333333,0.451875,0.459
2022-12-17,lh,25.425,87.875,23.2375,31.120833333333334,1007.6541666666667,1009.3541666666666,0.0,57.166666666666664,19.25,16.916666666666668,98.95833333333333,186.83333333333334,93.08333333333333,93.75,150.5,7.55,10.575000000000001,245.25,250.91666666666666,17.354166666666668,0.13375,0.4058333333333333,25.55,25.3,25.100000000000005,25.991666666666664,0.43083333333333335,0.4297916666666666,0.44329166666666664,0.45808333333333334
2022-12-18,lh,24.254166666666666,94.70833333333333,23.320833333333336,29.670833333333334,1007.1083333333332,1008.8083333333334,0.0,99.41666666666667,63.375,70.25,99.5,105.20833333333333,26.666666666666668,78.54166666666667,40.30416666666667,6.945833333333333,9.625,159.29166666666666,113.95833333333333,14.504166666666665,0.07541666666666667,0.16833333333333333,24.895833333333332,25.195833333333336,25.19583333333333,25.899999999999995,0.449625,0.44449999999999995,0.43966666666666665,0.45725
2022-12-19,lh,24.03333333333333,94.5,23.083333333333332,29.525000000000002,1007.2333333333332,1008.9333333333334,0.0,76.875,43.25,48.791666666666664,90.33333333333333,84.45833333333333,35.875,48.583333333333336,54.975,12.2125,17.491666666666667,114.58333333333333,114.45833333333333,21.541666666666668,0.06708333333333334,0.1708333333333333,24.383333333333336,24.745833333333334,25.2,25.899999999999995,0.445625,0.4486666666666667,0.44875,0.45858333333333334
2022-12-20,lh,24.65833333333333,91.625,23.150000000000002,30.5,1007.7833333333333,1009.4833333333332,0.0,84.0,57.333333333333336,34.208333333333336,70.5,173.20833333333334,103.04166666666667,70.16666666666667,154.42083333333332,8.329166666666667,11.65,130.25,128.75,16.641666666666666,0.12041666666666667,0.27708333333333335,25.054166666666664,24.858333333333334,25.137500000000003,25.899999999999995,0.4442916666666667,0.447875,0.440375,0.45904166666666674
2022-12-21,lh,24.608333333333334,91.20833333333333,23.045833333333334,30.8125,1008.725,1010.4250000000001,0.0,83.125,34.708333333333336,52.583333333333336,89.66666666666667,167.29166666666666,89.79166666666667,77.5,130.60833333333332,5.533333333333334,7.495833333333334,138.25,133.33333333333334,12.979166666666666,0.12,0.28583333333333333,25.054166666666664,25.05,25.2,25.899999999999995,0.4407083333333333,0.4462083333333333,0.43895833333333334,0.4582916666666667
2022-12-22,lh,24.708695652173912,90.3913043478261,23.004347826086956,31.26086956521739,1009.3652173913044,1011.0652173913044,0.0,85.3913043478261,2.6956521739130435,89.30434782608695,97.91304347826087,100.52173913043478,22.608695652173914,77.91304347826087,27.36086956521739,5.1521739130434785,7.234782608695652,163.08695652173913,159.08695652173913,11.347826086956522,0.0782608695652174,0.3095652173913043,24.808695652173913,24.995652173913044,25.2,25.9,0.4368695652173913,0.44804347826086954,0.4372608695652174,0.4575652173913044
2021-08-02,b,19.758333333333333,84.75,16.983333333333334,21.091666666666665,1014.2166666666667,881.3166666666666,0.0,59.541666666666664,15.916666666666666,28.666666666666668,94.70833333333333,199.875,109.45833333333333,90.41666666666667,153.35833333333332,5.508333333333333,8.616666666666667,231.41666666666666,234.20833333333334,24.183333333333334,0.13541666666666666,0.3879166666666667,20.608333333333334,20.4875,20.4,20.2,0.355375,0.32758333333333334,0.33641666666666664,0.40995833333333326
2021-08-03,b,19.604166666666668,84.79166666666667,16.733333333333334,21.733333333333334,1014.725,881.9916666666667,0.0,42.75,14.125,6.208333333333333,87.20833333333333,218.375,131.29166666666666,87.08333333333333,179.725,4.904166666666667,7.445833333333333,228.54166666666666,232.04166666666666,18.412499999999998,0.15291666666666667,0.4054166666666667,20.445833333333333,20.462500000000002,20.4,20.229166666666668,0.34579166666666666,0.32758333333333334,0.33375,0.409
2021-08-04,b,19.908333333333335,83.0,16.75,21.004166666666666,1015.7875,882.6999999999999,0.0,67.0,19.75,34.958333333333336,95.875,238.04166666666666,152.45833333333334,85.58333333333333,194.87083333333337,6.666666666666667,10.833333333333334,231.29166666666666,233.25,25.724999999999998,0.1625,0.445,20.641666666666666,20.529166666666665,20.4,20.3,0.34149999999999997,0.325625,0.331,0.40841666666666665
2021-08-05,b,19.979166666666668,80.58333333333333,16.25,20.625,1015.1999999999999,882.1958333333333,0.0,50.666666666666664,18.333333333333332,11.833333333333334,90.66666666666667,259.875,187.79166666666666,72.08333333333333,239.65416666666667,9.054166666666667,14.716666666666667,234.54166666666666,236.91666666666666,34.387499999999996,0.16874999999999998,0.5208333333333334,20.945833333333333,20.745833333333334,20.42083333333333,20.3,0.3335416666666667,0.32295833333333335,0.3282916666666667,0.40762499999999996
2021-08-06,b,19.820833333333333,78.375,15.566666666666668,21.1875,1014.2624999999999,881.5791666666668,0.0,28.041666666666668,2.1666666666666665,5.416666666666667,75.79166666666667,267.0833333333333,192.75,74.33333333333333,259.53333333333336,7.129166666666666,10.924999999999999,234.375,238.95833333333334,27.287499999999998,0.18416666666666667,0.5866666666666667,20.95,20.779166666666665,20.5,20.3,0.31858333333333333,0.3174166666666667,0.3253333333333333,0.40679166666666666
2021-08-07,b,19.758333333333333,87.41666666666667,17.508333333333333,22.116666666666664,1014.5958333333333,881.8583333333332,0.0,32.5,10.583333333333334,15.166666666666666,45.916666666666664,213.95833333333334,142.45833333333334,71.5,205.03333333333333,2.658333333333333,3.6125000000000003,189.04166666666666,208.875,13.9375,0.1475,0.3229166666666667,20.658333333333335,20.745833333333334,20.5,20.3,0.3429583333333333,0.315375,0.322875,0.40599999999999997
2021-08-08,b,19.775000000000002,88.95833333333333,17.837500000000002,22.412499999999998,1014.8958333333334,882.1416666666668,0.0,72.20833333333333,40.666666666666664,15.583333333333334,92.45833333333333,175.20833333333334,63.041666666666664,112.16666666666667,85.21666666666667,3.0541666666666667,4.604166666666667,106.83333333333333,104.25,13.658333333333333,0.12125000000000001,0.2725,20.416666666666668,20.533333333333335,20.5,20.3,0.37125,0.32858333333333334,0.3209166666666667,0.40537500000000004
2021-08-09,b,19.283333333333335,91.625,17.845833333333335,22.266666666666666,1014.0583333333334,881.3249999999999,0.0,73.91666666666667,38.583333333333336,30.25,84.20833333333333,176.5,96.75,79.75,142.92499999999998,2.6875,4.141666666666667,149.83333333333334,145.66666666666666,13.304166666666667,0.12,0.20333333333333334,20.383333333333333,20.495833333333334,20.5,20.3,0.38858333333333334,0.3434166666666667,0.3195,0.40491666666666665
2021-08-10,b,19.025000000000002,92.41666666666667,17.704166666666666,21.204166666666666,1013.2624999999999,880.3000000000001,0.0,76.08333333333333,40.958333333333336,38.166666666666664,97.25,201.08333333333334,115.04166666666667,86.04166666666667,164.65833333333333,3.4166666666666665,5.2625,180.45833333333334,170.45833333333334,14.683333333333332,0.13583333333333333,0.1925,20.191666666666666,20.254166666666666,20.479166666666668,20.3,0.40441666666666665,0.3822083333333333,0.3194166666666667,0.4040000000000001
2021-08-11,b,18.958333333333332,93.41666666666667,17.820833333333333,21.054166666666667,1014.5333333333333,881.5416666666666,0.0,91.66666666666667,25.75,86.95833333333333,96.95833333333333,123.66666666666667,17.958333333333332,105.70833333333333,22.316666666666666,5.0249999999999995,8.237499999999999,224.16666666666666,225.625,22.47083333333333,0.09083333333333334,0.16125,20.1125,20.216666666666665,20.416666666666668,20.3,0.4147083333333333,0.4077916666666666,0.323875,0.40370833333333334
2021-08-12,b,19.479166666666668,88.79166666666667,17.45416666666667,22.09583333333333,1015.1791666666667,882.3041666666667,0.0,86.375,36.208333333333336,54.75,82.0,182.75,103.66666666666667,79.08333333333333,133.42916666666665,2.1999999999999997,3.6208333333333336,238.70833333333334,233.45833333333334,12.720833333333333,0.12958333333333333,0.2833333333333333,20.558333333333334,20.420833333333334,20.4,20.3,0.4024166666666667,0.402375,0.3282916666666667,0.403
2021-08-14,b,18.875,94.75,17.966666666666665,21.224999999999998,1013.1625,880.2041666666668,0.0,92.41666666666667,49.25,54.791666666666664,98.5,148.875,61.708333333333336,87.16666666666667,81.55416666666666,3.0041666666666664,5.104166666666667,167.83333333333334,167.70833333333334,15.054166666666667,0.10458333333333332,0.12791666666666665,19.979166666666668,20.179166666666667,20.4,20.3,0.42120833333333335,0.42395833333333327,0.349625,0.40199999999999997
2021-08-15,b,18.7,92.5,17.383333333333333,20.758333333333333,1013.8625000000001,880.7624999999999,0.0,87.20833333333333,17.333333333333332,71.33333333333333,99.5,173.54166666666666,69.29166666666667,104.25,96.2375,3.6833333333333336,5.945833333333333,214.08333333333334,216.95833333333334,15.629166666666668,0.11708333333333333,0.18458333333333332,19.920833333333334,19.983333333333334,20.320833333333333,20.3,0.4114166666666667,0.41720833333333335,0.3645833333333333,0.40199999999999997
2021-08-17,b,18.120833333333334,94.66666666666667,17.208333333333332,20.295833333333334,1015.725,882.15,0.0,97.45833333333333,59.708333333333336,71.5,98.5,133.79166666666666,41.833333333333336,91.95833333333333,64.88333333333334,2.5541666666666667,4.141666666666667,129.83333333333334,172.79166666666666,15.095833333333333,0.09166666666666667,0.12208333333333334,19.2375,19.495833333333334,20.158333333333335,20.3,0.42091666666666666,0.42074999999999996,0.38599999999999995,0.40199999999999997
2021-08-18,b,17.6125,97.33333333333333,17.104166666666668,19.070833333333333,1014.75,880.8458333333333,0.0,94.0,44.833333333333336,79.83333333333333,91.70833333333333,81.29166666666667,15.0,66.29166666666667,22.516666666666666,2.954166666666667,5.3625,266.75,295.5833333333333,16.083333333333332,0.05708333333333334,0.08,18.7625,19.224999999999998,20.045833333333334,20.3,0.426,0.42691666666666667,0.396375,0.4010833333333334
2021-08-19,b,18.045833333333334,93.91666666666667,17.016666666666666,19.8875,1014.0708333333333,880.6374999999999,0.0,96.66666666666667,48.166666666666664,79.91666666666667,98.5,136.04166666666666,28.791666666666668,107.25,37.05833333333333,3.3208333333333333,5.316666666666667,211.33333333333334,212.75,12.891666666666666,0.09458333333333334,0.13916666666666666,19.270833333333332,19.224999999999998,19.925,20.3,0.42162499999999997,0.4218333333333333,0.407875,0.40199999999999997
2021-08-20,b,17.729166666666668,96.08333333333333,17.004166666666666,19.5625,1014.0458333333332,880.4583333333334,0.0,84.66666666666667,31.791666666666668,74.125,90.79166666666667,150.5,63.0,87.5,84.22083333333333,3.1958333333333333,5.016666666666667,207.29166666666666,218.58333333333334,14.591666666666667,0.1025,0.09875,19.245833333333334,19.429166666666667,19.8875,20.3,0.42687499999999995,0.42970833333333336,0.4154583333333333,0.402125
2021-08-21,b,18.412499999999998,89.29166666666667,16.495833333333334,21.1,1013.975,880.9708333333333,0.0,74.95833333333333,31.083333333333332,52.916666666666664,83.83333333333333,208.16666666666666,113.20833333333333,94.95833333333333,143.20000000000002,3.5416666666666665,5.6375,217.29166666666666,226.25,16.520833333333332,0.14416666666666667,0.26625000000000004,19.541666666666668,19.441666666666666,19.8,20.3,0.415,0.4258333333333333,0.42383333333333334,0.4036666666666667
2021-08-22,b,18.116666666666667,95.16666666666667,17.308333333333334,20.150000000000002,1014.4041666666667,880.9333333333334,0.0,93.58333333333333,47.0,66.54166666666667,98.91666666666667,149.33333333333334,44.291666666666664,105.04166666666667,57.04583333333333,2.908333333333333,4.304166666666666,197.5,211.45833333333334,13.616666666666667,0.10291666666666666,0.11291666666666667,19.391666666666666,19.587500000000002,19.8,20.266666666666666,0.41250000000000003,0.4234583333333333,0.4247083333333333,0.4054583333333333
2021-08-24,b,18.608333333333334,91.75,17.099999999999998,20.087500000000002,1014.2208333333333,880.7875,0.0,95.79166666666667,54.875,54.375,95.08333333333333,201.08333333333334,110.125,90.95833333333333,142.17916666666665,3.620833333333333,6.120833333333334,233.375,232.875,18.7625,0.13,0.21291666666666667,19.783333333333335,19.804166666666667,19.8,20.2,0.4136666666666666,0.4130416666666667,0.425,0.40995833333333326
2021-08-25,b,18.9125,84.125,15.954166666666666,20.825,1012.9958333333334,880.1041666666666,0.0,51.666666666666664,13.291666666666666,34.833333333333336,62.666666666666664,273.0,216.41666666666666,56.583333333333336,293.15000000000003,3.9291666666666667,5.608333333333333,246.66666666666666,248.66666666666666,17.120833333333334,0.18499999999999997,0.40041666666666664,19.954166666666666,19.766666666666666,19.8,20.2,0.4144583333333333,0.4209583333333333,0.42383333333333334,0.4115
2021-08-26,b,18.666666666666668,90.33333333333333,16.933333333333334,21.3125,1012.4041666666667,879.75,0.0,80.75,50.541666666666664,32.833333333333336,93.95833333333333,206.66666666666666,129.75,76.91666666666667,169.42499999999998,3.4625,4.979166666666667,136.20833333333334,140.125,11.924999999999999,0.14291666666666666,0.24,19.7375,19.854166666666668,19.845833333333335,20.2,0.4091666666666667,0.41225,0.4218333333333333,0.4125833333333333
2021-08-27,b,18.758333333333333,92.75,17.45,21.3875,1012.4625,879.7666666666668,0.0,79.625,31.541666666666668,49.041666666666664,82.70833333333333,201.04166666666666,102.5,98.54166666666667,131.57916666666668,3.0833333333333335,4.270833333333333,237.79166666666666,234.0,12.145833333333334,0.13791666666666666,0.18958333333333333,19.974999999999998,19.908333333333335,19.891666666666666,20.2,0.4230833333333333,0.42791666666666667,0.42250000000000004,0.41333333333333333
2021-08-28,b,18.670833333333334,91.5,17.087500000000002,22.045833333333334,1012.0833333333334,879.5541666666667,0.0,62.916666666666664,25.625,45.208333333333336,47.958333333333336,227.66666666666666,161.08333333333334,66.58333333333333,223.20833333333334,2.7624999999999997,4.2875000000000005,253.16666666666666,245.08333333333334,12.120833333333332,0.15458333333333332,0.23,20.116666666666667,20.025000000000002,19.9,20.2,0.4179583333333334,0.42687499999999995,0.425375,0.4145833333333333
2021-08-29,b,18.591666666666665,94.70833333333333,17.625,21.3875,1012.2291666666666,879.4916666666667,0.0,85.79166666666667,30.333333333333332,74.33333333333333,89.375,148.0,54.25,93.75,71.57083333333334,2.954166666666667,4.8374999999999995,174.58333333333334,177.20833333333334,11.625,0.10541666666666666,0.13958333333333334,20.020833333333332,20.037499999999998,19.925,20.2,0.4210416666666667,0.42783333333333334,0.4295,0.41625
2021-08-30,b,18.645833333333332,93.91666666666667,17.558333333333334,21.075,1013.1625,880.225,0.0,81.20833333333333,36.916666666666664,64.95833333333333,66.95833333333333,164.45833333333334,79.5,84.95833333333333,103.87916666666666,3.716666666666667,6.2,211.91666666666666,216.66666666666666,15.525,0.11458333333333333,0.1575,19.875,19.933333333333334,19.983333333333334,20.2,0.4190833333333333,0.4169583333333333,0.43041666666666667,0.4190833333333333
2021-08-31,b,18.804166666666667,93.20833333333333,17.5625,20.650000000000002,1013.9708333333333,880.9125,0.0,75.54166666666667,24.416666666666668,54.75,90.83333333333333,142.20833333333334,65.41666666666667,76.79166666666667,79.59583333333335,4.754166666666666,7.6625000000000005,232.79166666666666,234.375,20.416666666666668,0.10166666666666667,0.18083333333333332,19.820833333333333,19.804166666666667,19.9625,20.2,0.4186666666666667,0.4170416666666667,0.4279583333333333,0.4207916666666667
2021-09-01,b,18.316666666666666,92.33333333333333,17.0,19.216666666666665,1014.5208333333334,881.0208333333334,0.0,74.875,38.166666666666664,49.458333333333336,88.75,128.875,32.458333333333336,96.41666666666667,45.09583333333333,5.916666666666667,9.829166666666667,233.66666666666666,232.08333333333334,21.25,0.09166666666666667,0.17125,19.279166666666665,19.629166666666666,19.929166666666664,20.2,0.41120833333333334,0.414375,0.42575,0.42191666666666666
2021-09-02,b,18.604166666666668,85.54166666666667,15.883333333333333,19.483333333333334,1013.9875000000001,880.6875,0.0,83.20833333333333,11.208333333333334,74.70833333333333,97.91666666666667,175.04166666666666,56.791666666666664,118.25,70.23333333333333,6.954166666666667,12.012500000000001,238.45833333333334,238.20833333333334,27.604166666666668,0.11875000000000001,0.36041666666666666,19.4875,19.491666666666667,19.9,20.2,0.403,0.4110833333333333,0.42412500000000003,0.422
2021-09-03,b,19.229166666666668,83.33333333333333,16.075,21.958333333333332,1012.9666666666667,880.5291666666667,0.0,63.666666666666664,3.625,59.208333333333336,82.79166666666667,248.08333333333334,161.625,86.45833333333333,208.4958333333333,4.058333333333334,6.483333333333333,242.54166666666666,245.45833333333334,19.775000000000002,0.17458333333333334,0.4295833333333334,19.833333333333332,19.670833333333334,19.854166666666668,20.2,0.389375,0.3964166666666667,0.42124999999999996,0.422
2021-09-04,b,18.599999999999998,88.5,16.495833333333334,20.962500000000002,1013.4666666666667,880.4958333333334,0.0,62.458333333333336,20.5,36.375,83.91666666666667,215.25,114.08333333333333,101.16666666666667,143.94166666666666,2.85,4.033333333333333,169.04166666666666,162.5,12.975,0.14291666666666666,0.28250000000000003,19.7,19.8625,19.891666666666666,20.2,0.38787499999999997,0.38491666666666663,0.41712499999999997,0.422
2021-09-05,b,18.491666666666667,88.95833333333333,16.45,21.412499999999998,1013.5875,880.7416666666667,0.0,51.916666666666664,26.583333333333332,31.958333333333332,30.916666666666668,232.0,164.625,67.375,225.54583333333335,2.8791666666666664,4.2749999999999995,75.875,92.04166666666667,14.354166666666666,0.15875,0.28375,19.591666666666665,19.654166666666665,19.866666666666664,20.14166666666667,0.39408333333333334,0.38504166666666667,0.41274999999999995,0.422
2021-09-06,b,19.358333333333334,83.45833333333333,16.183333333333334,21.95,1013.9875000000001,881.3083333333334,0.0,65.08333333333333,43.333333333333336,15.375,73.08333333333333,282.8333333333333,221.66666666666666,61.166666666666664,280.1125,4.258333333333334,6.375,72.79166666666667,61.041666666666664,17.425,0.19125,0.4366666666666667,20.170833333333334,19.841666666666665,19.854166666666668,20.1,0.38025,0.38075,0.40795833333333337,0.4215
2021-09-07,b,19.729166666666668,82.75,16.466666666666665,22.2625,1014.75,881.9958333333334,0.0,68.54166666666667,33.458333333333336,45.083333333333336,49.583333333333336,251.375,191.54166666666666,59.833333333333336,256.3541666666667,2.3875,3.529166666666667,199.54166666666666,203.70833333333334,12.908333333333333,0.1729166666666667,0.44875,20.416666666666668,20.224999999999998,19.904166666666665,20.1,0.367375,0.3725833333333333,0.4027083333333334,0.421
2021-09-08,b,19.033333333333335,86.25,16.558333333333334,20.145833333333332,1014.5333333333333,881.1833333333334,0.0,82.41666666666667,46.916666666666664,52.875,83.375,220.95833333333334,153.91666666666666,67.04166666666667,208.3166666666667,5.245833333333334,8.6,225.29166666666666,225.91666666666666,21.558333333333334,0.14708333333333332,0.3420833333333333,20.041666666666668,20.145833333333332,19.974999999999998,20.1,0.37479166666666663,0.36683333333333334,0.39733333333333337,0.4207083333333333
2021-09-09,b,19.166666666666668,85.75,16.533333333333335,19.625,1014.3625000000001,881.0416666666666,0.0,81.0,32.791666666666664,40.791666666666664,96.75,207.91666666666666,99.375,108.54166666666667,119.48750000000001,8.0375,12.858333333333334,234.0,234.5,29.3625,0.1366666666666667,0.3641666666666667,19.974999999999998,19.983333333333334,20.0,20.1,0.38400000000000006,0.3701666666666667,0.3924166666666667,0.42
2021-09-10,b,19.641666666666666,83.70833333333333,16.650000000000002,21.054166666666667,1014.1625,881.3249999999999,0.0,63.875,18.875,30.875,94.41666666666667,227.83333333333334,137.375,90.45833333333333,183.45000000000002,6.95,11.329166666666666,234.375,233.95833333333334,26.579166666666666,0.15416666666666665,0.4154166666666667,20.325,20.154166666666665,20.0,20.1,0.379375,0.3695,0.3877083333333333,0.41983333333333334
2021-09-11,b,19.329166666666666,87.08333333333333,16.958333333333332,21.47083333333333,1013.3333333333334,880.5500000000001,0.0,60.958333333333336,32.958333333333336,14.333333333333334,82.625,186.91666666666666,92.125,94.79166666666667,128.01666666666668,4.466666666666667,6.7875000000000005,235.125,238.95833333333334,16.912499999999998,0.12791666666666668,0.3283333333333333,20.1375,20.229166666666668,20.025000000000002,20.1,0.3950416666666667,0.37516666666666665,0.383375,0.419
2021-09-12,b,19.1375,87.91666666666667,16.925,21.183333333333334,1012.4083333333333,879.6875,0.0,81.5,37.083333333333336,42.583333333333336,93.0,205.66666666666666,101.125,104.54166666666667,128.61666666666665,3.4125,6.0249999999999995,226.54166666666666,247.04166666666666,16.416666666666668,0.14208333333333334,0.30875,20.179166666666667,20.083333333333332,20.066666666666666,20.1,0.39729166666666665,0.3884166666666667,0.38008333333333333,0.41891666666666666
2021-09-13,b,18.537499999999998,91.5,17.0125,19.291666666666668,1014.2041666666668,880.725,0.0,87.5,16.875,84.625,99.5,100.0,19.791666666666668,80.20833333333333,28.3125,5.220833333333333,9.170833333333333,220.45833333333334,220.33333333333334,23.754166666666666,0.0725,0.2025,19.520833333333332,19.875,20.083333333333332,20.1,0.4204583333333333,0.4129583333333333,0.3795,0.418
2021-09-14,b,19.516666666666666,81.91666666666667,16.183333333333334,21.308333333333334,1013.9833333333332,881.2666666666668,0.0,54.416666666666664,4.75,35.666666666666664,95.54166666666667,262.4583333333333,174.08333333333334,88.375,238.35416666666666,4.429166666666666,6.575,232.66666666666666,238.04166666666666,19.979166666666668,0.18083333333333332,0.45249999999999996,20.033333333333335,19.825,20.0,20.1,0.4019166666666667,0.409375,0.3824166666666667,0.418
2021-09-15,b,19.204166666666666,90.25,17.495833333333334,22.47083333333333,1013.8791666666666,881.3541666666666,0.0,65.0,14.375,41.166666666666664,96.04166666666667,193.20833333333334,89.33333333333333,103.875,119.59583333333332,2.058333333333333,3.279166666666667,201.33333333333334,214.20833333333334,10.358333333333333,0.13583333333333333,0.23791666666666667,20.079166666666666,20.095833333333335,20.0,20.1,0.4066666666666667,0.40616666666666673,0.38158333333333333,0.417
2021-09-17,b,19.216666666666665,93.16666666666667,18.0125,21.45,1012.875,880.0041666666666,0.0,82.33333333333333,54.25,40.833333333333336,60.041666666666664,201.54166666666666,108.70833333333333,92.83333333333333,159.45416666666668,3.341666666666667,5.629166666666666,83.41666666666667,97.375,16.179166666666667,0.13166666666666668,0.17625000000000002,20.158333333333335,20.1,20.016666666666666,20.1,0.4125833333333333,0.41854166666666665,0.39966666666666667,0.41683333333333333
2021-09-18,b,19.108333333333334,93.375,17.895833333333332,21.183333333333334,1013.7083333333334,880.6125000000001,0.0,91.54166666666667,59.5,58.166666666666664,85.66666666666667,177.20833333333334,93.95833333333333,83.25,132.70000000000002,2.6041666666666665,4.116666666666666,179.79166666666666,162.70833333333334,15.008333333333333,0.12125000000000001,0.1775,20.258333333333333,20.2375,20.095833333333335,20.1,0.41529166666666667,0.4197916666666666,0.40225,0.416
2021-09-19,b,18.29583333333333,99.25,18.158333333333335,19.604166666666668,1015.3000000000001,881.5583333333334,0.0,98.33333333333333,65.0,79.66666666666667,96.625,71.58333333333333,14.0,57.583333333333336,18.9875,4.3125,7.229166666666667,230.875,231.08333333333334,16.166666666666668,0.051666666666666666,0.02125,19.4875,19.845833333333335,20.1,20.1,0.42966666666666664,0.43249999999999994,0.42324999999999996,0.41654166666666664
2021-09-20,b,18.349999999999998,92.83333333333333,17.066666666666666,20.375,1014.0833333333334,881.0041666666666,0.0,61.791666666666664,23.166666666666668,47.708333333333336,79.58333333333333,179.66666666666666,96.83333333333333,82.83333333333333,128.32500000000002,6.033333333333334,10.454166666666667,237.5,240.0,24.691666666666666,0.12541666666666665,0.17625000000000002,19.7375,19.691666666666666,20.004166666666666,20.1,0.42195833333333327,0.4295,0.43245833333333333,0.41970833333333335
2021-09-21,b,18.929166666666667,84.54166666666667,16.075,20.545833333333334,1013.3375,880.4958333333334,0.0,42.875,14.125,9.75,80.91666666666667,249.875,159.79166666666666,90.08333333333333,217.9,7.708333333333333,12.720833333333333,231.70833333333334,233.66666666666666,27.962500000000002,0.16583333333333333,0.3925,19.825,19.770833333333332,19.9875,20.1,0.4019166666666667,0.4090833333333333,0.42975,0.42216666666666663
2021-09-22,b,19.666666666666668,81.79166666666667,16.125,19.954166666666666,1013.3625000000001,880.2916666666666,0.0,43.625,6.75,29.0,67.16666666666667,249.375,160.41666666666666,88.95833333333333,205.36249999999998,7.058333333333334,11.0375,227.08333333333334,228.70833333333334,25.104166666666668,0.16541666666666668,0.4945833333333333,20.508333333333333,20.183333333333334,20.0,20.1,0.38637499999999997,0.3914166666666667,0.4249583333333333,0.423
2021-09-23,b,20.2375,77.54166666666667,15.762500000000001,21.091666666666665,1012.9125,880.2541666666666,0.0,30.125,2.1666666666666665,25.75,42.25,302.5,254.75,47.75,333.65000000000003,5.358333333333333,8.0,228.0,234.0,20.6625,0.20916666666666664,0.625,20.991666666666667,20.595833333333335,20.033333333333335,20.1,0.3690833333333334,0.377,0.41962499999999997,0.423
2021-09-25,b,18.954166666666666,92.16666666666667,17.620833333333334,22.141666666666666,1012.4333333333334,879.8958333333334,0.0,56.833333333333336,22.208333333333332,23.708333333333332,82.70833333333333,183.33333333333334,88.54166666666667,94.79166666666667,126.64583333333333,2.254166666666667,3.204166666666666,200.83333333333334,215.20833333333334,11.758333333333333,0.12875,0.18625,19.925,20.170833333333334,20.2,20.1,0.39266666666666666,0.37733333333333335,0.408,0.422
2021-09-26,b,18.970833333333335,93.08333333333333,17.775000000000002,21.34166666666667,1011.7083333333334,878.9583333333334,0.0,97.0,64.20833333333333,51.916666666666664,86.16666666666667,178.16666666666666,93.25,84.91666666666667,131.77916666666667,2.7375000000000003,4.4875,90.625,109.29166666666667,12.783333333333333,0.11958333333333333,0.16916666666666666,19.979166666666668,20.054166666666667,20.154166666666665,20.1,0.40658333333333335,0.41004166666666664,0.404625,0.422
2021-09-27,b,18.925,96.875,18.383333333333333,21.712500000000002,1012.2916666666666,879.5333333333333,0.0,90.54166666666667,51.291666666666664,68.54166666666667,83.79166666666667,135.625,39.791666666666664,95.83333333333333,55.40833333333333,2.2624999999999997,3.6458333333333335,150.66666666666666,141.83333333333334,11.533333333333333,0.09708333333333334,0.08041666666666666,19.787499999999998,19.879166666666666,20.104166666666668,20.1,0.41804166666666664,0.4246666666666667,0.40620833333333334,0.422
2021-09-29,b,18.2,99.25,18.045833333333334,20.145833333333332,1012.9791666666666,879.6999999999999,0.0,94.58333333333333,56.0,82.125,99.625,45.625,1.2916666666666667,44.333333333333336,2.608333333333333,3.5833333333333335,6.1625000000000005,169.16666666666666,164.29166666666666,15.487499999999999,0.037083333333333336,0.020416666666666666,19.270833333333332,19.741666666666667,20.1,20.1,0.4240833333333333,0.4302916666666667,0.4229583333333333,0.422
2021-09-30,b,18.849999999999998,92.95833333333333,17.608333333333334,21.0125,1013.2666666666668,880.3833333333333,0.0,92.91666666666667,52.291666666666664,52.791666666666664,97.375,143.45833333333334,51.916666666666664,91.54166666666667,66.2625,5.804166666666667,9.833333333333334,227.25,221.95833333333334,25.895833333333332,0.10083333333333333,0.17625,19.566666666666666,19.529166666666665,20.008333333333333,20.1,0.41762499999999997,0.4207916666666667,0.42883333333333334,0.4230416666666667
2021-10-01,b,18.474999999999998,91.875,17.1125,19.125,1014.2833333333333,880.7833333333333,0.0,92.45833333333333,52.5,84.04166666666667,93.125,80.70833333333333,18.125,62.583333333333336,25.650000000000002,7.770833333333333,13.254166666666668,226.29166666666666,225.625,31.004166666666666,0.05833333333333333,0.1775,19.179166666666667,19.529166666666665,19.95,20.1,0.4086666666666667,0.4143333333333333,0.42720833333333336,0.424
2021-10-02,b,20.079166666666666,77.20833333333333,15.616666666666667,22.34166666666667,1013.25,881.0124999999999,0.0,44.916666666666664,2.625,23.25,95.08333333333333,284.3333333333333,203.04166666666666,81.29166666666667,269.1458333333333,3.2458333333333336,5.05,201.5,213.79166666666666,17.041666666666668,0.1975,0.6095833333333334,20.154166666666665,19.641666666666666,19.891666666666666,20.1,0.38833333333333336,0.39766666666666667,0.42412500000000003,0.424
2021-10-03,b,19.808333333333334,79.95833333333333,15.691666666666668,22.349999999999998,1012.8916666666668,880.7041666666668,0.0,40.166666666666664,18.291666666666668,11.291666666666666,61.375,300.0833333333333,253.41666666666666,46.666666666666664,334.44166666666666,2.3583333333333334,3.891666666666667,198.375,229.70833333333334,13.200000000000001,0.20958333333333334,0.56875,20.866666666666667,20.5125,19.929166666666664,20.1,0.372125,0.38116666666666665,0.41883333333333334,0.424
2021-10-04,b,19.416666666666668,78.95833333333333,15.120833333333332,21.241666666666667,1012.4499999999999,879.9458333333333,0.0,35.166666666666664,13.708333333333334,10.333333333333334,55.416666666666664,302.625,254.0,48.625,345.29583333333335,4.595833333333333,6.7250000000000005,234.95833333333334,241.20833333333334,17.245833333333334,0.20833333333333334,0.5779166666666666,20.441666666666666,20.400000000000002,20.016666666666666,20.1,0.36162500000000003,0.36962500000000004,0.4124999999999999,0.423625
2021-10-05,b,19.220833333333335,78.95833333333333,15.104166666666666,20.370833333333334,1012.4499999999999,879.6958333333333,0.0,39.083333333333336,2.4166666666666665,13.625,95.58333333333333,280.6666666666667,207.75,72.91666666666667,271.0708333333333,4.4624999999999995,6.804166666666667,236.29166666666666,248.16666666666666,17.904166666666665,0.19541666666666668,0.5445833333333333,20.283333333333335,20.291666666666668,20.1,20.1,0.3500833333333333,0.3601666666666667,0.40575,0.423
2021-10-06,b,19.545833333333334,79.875,15.729166666666666,20.89166666666667,1012.0041666666666,879.2833333333333,0.0,50.5,17.333333333333332,8.958333333333334,98.16666666666667,276.6666666666667,210.95833333333334,65.70833333333333,280.8125,4.8374999999999995,8.016666666666667,234.95833333333334,238.41666666666666,21.041666666666668,0.18375,0.5183333333333333,20.470833333333335,20.354166666666668,20.1,20.1,0.343625,0.35237499999999994,0.39895833333333336,0.42274999999999996
2021-10-07,b,19.645833333333332,84.08333333333333,16.720833333333335,20.849999999999998,1012.5291666666667,879.8125,0.0,66.41666666666667,27.375,21.041666666666668,97.5,212.95833333333334,122.70833333333333,90.25,156.62083333333334,6.658333333333334,10.933333333333332,232.66666666666666,233.5,26.875,0.145,0.4079166666666667,20.383333333333333,20.370833333333334,20.129166666666666,20.1,0.35920833333333335,0.3480833333333333,0.3925,0.422
2021-10-08,b,20.037499999999998,79.5,16.025000000000002,21.175,1012.4625,879.9,0.0,35.291666666666664,7.041666666666667,7.291666666666667,81.875,259.9166666666667,158.75,101.16666666666667,213.85833333333335,7.3875,12.541666666666666,232.33333333333334,232.08333333333334,27.458333333333332,0.17416666666666666,0.5666666666666667,20.8125,20.454166666666666,20.2,20.1,0.36325,0.35062499999999996,0.38645833333333335,0.42158333333333337
2021-10-09,b,19.658333333333335,82.125,16.216666666666665,22.066666666666666,1012.5500000000001,880.2125,0.0,42.5,11.416666666666666,5.833333333333333,95.79166666666667,272.5416666666667,182.16666666666666,90.375,238.01250000000002,5.1875,7.783333333333334,229.75,235.625,21.558333333333334,0.19000000000000003,0.4808333333333334,20.775000000000002,20.679166666666667,20.224999999999998,20.1,0.3572916666666666,0.3465833333333333,0.38045833333333334,0.421
2021-10-10,b,20.1375,80.875,16.520833333333332,21.054166666666667,1012.75,880.1333333333333,0.0,70.08333333333333,25.708333333333332,31.791666666666668,95.79166666666667,256.1666666666667,165.25,90.91666666666667,224.40833333333333,6.858333333333333,10.929166666666667,222.5,232.79166666666666,27.354166666666668,0.17416666666666666,0.51375,20.9375,20.720833333333335,20.3,20.1,0.36504166666666665,0.347375,0.37516666666666665,0.420125
2021-10-11,b,19.995833333333334,75.41666666666667,15.112499999999999,20.091666666666665,1012.1333333333333,879.5124999999999,0.0,42.083333333333336,8.666666666666666,31.25,51.458333333333336,291.4583333333333,237.75,53.708333333333336,326.09999999999997,10.1625,16.741666666666667,235.95833333333334,236.20833333333334,37.30416666666667,0.19499999999999998,0.6670833333333334,21.099999999999998,20.849999999999998,20.333333333333332,20.1,0.34925,0.3446666666666667,0.36991666666666667,0.4195
2021-10-12,b,19.870833333333334,76.29166666666667,15.329166666666666,20.983333333333334,1011.9,879.4791666666666,0.0,37.666666666666664,8.625,10.458333333333334,78.58333333333333,272.3333333333333,218.95833333333334,53.375,299.7375,8.108333333333333,13.450000000000001,237.16666666666666,240.16666666666666,29.474999999999998,0.18625,0.6183333333333333,20.979166666666668,20.841666666666665,20.404166666666665,20.1,0.33275000000000005,0.338125,0.364625,0.4186666666666667
2021-10-13,b,20.308333333333334,78.41666666666667,16.1125,21.216666666666665,1011.5541666666667,879.1999999999999,0.0,38.041666666666664,9.208333333333334,1.875,95.70833333333333,246.45833333333334,145.20833333333334,101.25,204.23749999999998,7.408333333333334,12.270833333333334,229.41666666666666,230.04166666666666,28.0,0.17125,0.5904166666666667,21.2,20.979166666666668,20.483333333333334,20.1,0.32466666666666666,0.3320416666666667,0.3597083333333333,0.41791666666666666
2021-10-14,b,20.3,75.625,15.395833333333334,20.904166666666665,1011.6374999999999,879.2666666666668,0.0,35.583333333333336,7.541666666666667,0.125,95.75,299.875,251.45833333333334,48.416666666666664,346.68333333333334,10.175,16.616666666666667,233.79166666666666,234.29166666666666,34.99583333333333,0.1991666666666667,0.68125,21.400000000000002,21.099999999999998,20.520833333333332,20.1,0.3144166666666667,0.32508333333333334,0.35483333333333333,0.417
2021-10-15,b,20.304166666666667,75.70833333333333,15.495833333333332,21.033333333333335,1011.0833333333334,878.6708333333332,0.0,33.541666666666664,4.166666666666667,3.8333333333333335,91.16666666666667,286.7083333333333,223.25,63.458333333333336,310.05,7.9624999999999995,13.270833333333334,232.375,233.83333333333334,29.695833333333336,0.19166666666666665,0.6725,21.454166666666666,21.204166666666666,20.6,20.1,0.3032916666666667,0.31783333333333336,0.3500833333333333,0.416125
2021-10-16,b,20.183333333333334,77.04166666666667,15.654166666666667,21.662499999999998,1011.8249999999999,879.4625,0.0,41.208333333333336,10.458333333333334,15.125,76.08333333333333,265.1666666666667,205.75,59.416666666666664,288.99583333333334,5.1,7.320833333333333,237.70833333333334,242.45833333333334,19.195833333333333,0.18083333333333332,0.6308333333333334,21.270833333333332,21.150000000000002,20.645833333333332,20.104166666666668,0.298125,0.31124999999999997,0.34554166666666664,0.4152916666666666
2021-10-17,b,19.495833333333334,90.29166666666667,17.775000000000002,21.483333333333334,1013.3249999999999,880.4583333333334,0.0,71.75,37.291666666666664,50.958333333333336,85.79166666666667,193.75,115.5,78.25,159.56666666666666,2.620833333333333,4.479166666666667,195.875,229.58333333333334,12.754166666666668,0.13333333333333333,0.24708333333333332,20.8,21.045833333333334,20.7,20.195833333333333,0.350125,0.321,0.3417916666666667,0.4144583333333333
2021-10-18,b,19.6875,89.91666666666667,17.845833333333335,21.508333333333336,1014.3958333333334,881.4375,0.0,81.54166666666667,26.583333333333332,62.666666666666664,95.95833333333333,169.83333333333334,75.45833333333333,94.375,114.46249999999999,3.3083333333333336,5.458333333333333,92.125,109.75,13.304166666666667,0.11583333333333334,0.2654166666666667,20.683333333333334,20.666666666666668,20.7,20.2,0.409875,0.38325000000000004,0.34,0.4137916666666666
2021-10-19,b,19.545833333333334,90.54166666666667,17.875,21.537499999999998,1016.2791666666667,882.9833333333332,0.0,86.75,47.333333333333336,44.25,83.75,177.0,84.91666666666667,92.08333333333333,110.35000000000001,2.308333333333333,3.670833333333333,198.33333333333334,191.45833333333334,14.383333333333333,0.12208333333333334,0.24166666666666667,20.5,20.654166666666665,20.670833333333334,20.2,0.403125,0.3945416666666666,0.340125,0.413
2021-10-20,b,18.191666666666666,97.54166666666667,17.779166666666665,20.425,1017.0583333333334,883.2833333333333,0.0,98.375,41.916666666666664,83.0,98.79166666666667,106.45833333333333,11.625,94.83333333333333,13.458333333333334,2.9375,4.570833333333334,196.125,227.29166666666666,11.9625,0.07458333333333333,0.059166666666666666,19.5125,20.070833333333333,20.59166666666667,20.2,0.4186666666666667,0.41162499999999996,0.34325,0.412375
2021-10-22,b,18.091666666666665,95.29166666666667,17.266666666666666,21.766666666666666,1016.1541666666667,882.9208333333332,0.0,85.83333333333333,38.833333333333336,49.333333333333336,93.29166666666667,139.91666666666666,40.791666666666664,99.125,54.43333333333334,2.0416666666666665,3.2458333333333336,179.5,208.75,10.233333333333333,0.09958333333333334,0.11416666666666668,19.191666666666666,19.491666666666667,20.329166666666666,20.2,0.4178333333333333,0.41591666666666666,0.3609166666666666,0.41133333333333333
2021-10-23,b,18.465217391304346,94.52173913043478,17.495652173913044,21.57391304347826,1015.8391304347825,882.6173913043478,0.0,89.34782608695652,49.130434782608695,54.47826086956522,86.3913043478261,161.7391304347826,82.17391304347827,79.56521739130434,111.97391304347826,1.9695652173913045,3.1,193.65217391304347,194.34782608695653,10.57391304347826,0.1117391304347826,0.1382608695652174,19.756521739130434,19.769565217391303,20.208695652173912,20.2,0.41791304347826086,0.4199565217391304,0.36713043478260865,0.411
2021-10-26,b,19.145833333333332,89.79166666666667,17.3,21.7,1013.2291666666666,880.4416666666666,0.0,97.66666666666667,68.04166666666667,49.375,95.875,183.70833333333334,84.625,99.08333333333333,107.94583333333334,3.2458333333333336,5.383333333333333,205.5,207.33333333333334,14.512500000000001,0.12791666666666668,0.26416666666666666,20.266666666666666,20.158333333333335,20.104166666666668,20.2,0.41075,0.4110416666666667,0.3877083333333333,0.41
2021-10-27,b,18.829166666666666,95.625,18.066666666666666,20.650000000000002,1014.0958333333333,880.9416666666666,0.0,94.58333333333333,65.0,64.04166666666667,90.83333333333333,116.625,20.25,96.375,25.099999999999998,4.358333333333333,7.270833333333333,225.20833333333334,223.41666666666666,23.054166666666664,0.08333333333333333,0.10708333333333332,19.879166666666666,20.070833333333333,20.116666666666667,20.2,0.41683333333333333,0.423875,0.39162500000000006,0.41
2021-10-28,b,18.900000000000002,91.08333333333333,17.304166666666667,21.458333333333332,1013.3833333333333,880.5916666666667,0.0,67.625,32.416666666666664,27.958333333333332,88.54166666666667,203.375,109.25,94.125,153.94166666666666,3.25,4.841666666666667,190.83333333333334,200.16666666666666,15.004166666666665,0.14041666666666666,0.22458333333333333,19.941666666666666,19.95,20.1,20.2,0.40995833333333337,0.41954166666666665,0.3972083333333334,0.41
2021-10-29,b,19.320833333333333,92.16666666666667,17.941666666666666,21.8625,1014.1833333333334,881.3333333333334,0.0,84.79166666666667,46.458333333333336,38.291666666666664,87.08333333333333,127.33333333333333,31.333333333333332,96.0,44.2875,3.0708333333333333,4.7375,188.0,181.83333333333334,12.158333333333333,0.09375,0.19874999999999998,20.0625,20.008333333333333,20.1,20.2,0.4130416666666667,0.41558333333333336,0.4001666666666667,0.41
2021-10-30,b,19.075,94.375,18.104166666666668,20.9625,1015.6916666666666,882.3375,0.0,87.33333333333333,44.333333333333336,58.25,89.91666666666667,182.875,92.58333333333333,90.29166666666667,124.1875,3.5500000000000003,5.116666666666666,250.66666666666666,239.79166666666666,15.433333333333332,0.12416666666666666,0.14291666666666666,20.245833333333334,20.170833333333334,20.1,20.2,0.41616666666666663,0.42025,0.403,0.40962499999999996
2021-10-31,b,17.954166666666666,97.70833333333333,17.554166666666667,20.575,1015.5083333333333,882.0291666666667,0.0,90.625,15.791666666666666,85.875,97.95833333333333,71.375,10.541666666666666,60.833333333333336,17.175,3.533333333333333,5.604166666666667,197.91666666666666,205.54166666666666,12.6625,0.05458333333333334,0.05416666666666667,19.158333333333335,19.704166666666666,20.1,20.2,0.4184583333333333,0.42854166666666665,0.4223333333333333,0.40991666666666665
2021-11-01,b,19.029166666666665,91.16666666666667,17.458333333333332,21.53333333333333,1014.7958333333332,881.6666666666666,0.0,83.91666666666667,56.416666666666664,25.333333333333332,96.875,198.75,105.95833333333333,92.79166666666667,144.5875,2.7083333333333335,4.316666666666666,181.83333333333334,185.79166666666666,11.370833333333332,0.13583333333333333,0.22624999999999998,19.991666666666667,19.783333333333335,20.0125,20.2,0.408125,0.40700000000000003,0.42920833333333336,0.4130416666666667
2021-11-02,b,18.195833333333333,97.25,17.716666666666665,21.445833333333336,1014.4250000000001,881.2791666666667,0.0,95.70833333333333,65.41666666666667,69.45833333333333,95.33333333333333,123.91666666666667,41.875,82.04166666666667,56.96666666666667,3.1958333333333333,4.9375,146.66666666666666,153.04166666666666,12.983333333333334,0.08625,0.06916666666666667,19.3875,19.670833333333334,20.0,20.2,0.4191666666666667,0.41329166666666667,0.42604166666666665,0.415
2021-11-03,b,18.675,94.04166666666667,17.641666666666666,21.204166666666666,1014.4208333333332,881.2624999999999,0.0,98.20833333333333,63.125,77.125,99.16666666666667,129.79166666666666,46.625,83.16666666666667,56.49583333333334,2.5749999999999997,4.883333333333334,224.33333333333334,253.70833333333334,16.595833333333335,0.09166666666666667,0.14416666666666667,19.6875,19.720833333333335,20.0,20.2,0.4142083333333333,0.4212916666666666,0.43074999999999997,0.4171666666666667
2021-11-04,b,18.8125,91.04166666666667,17.191666666666666,21.354166666666668,1013.4333333333334,880.5375,0.0,93.25,62.333333333333336,64.83333333333333,97.16666666666667,155.08333333333334,54.458333333333336,100.625,75.44166666666666,2.3833333333333333,4.125,225.95833333333334,265.2083333333333,12.016666666666666,0.10875,0.22166666666666668,19.7625,19.729166666666668,19.92083333333333,20.2,0.40970833333333334,0.40595833333333337,0.4280833333333333,0.41954166666666665
2021-11-05,b,18.7625,95.625,17.991666666666667,22.045833333333334,1012.7041666666668,880.0291666666667,0.0,96.29166666666667,61.375,58.916666666666664,98.5,130.375,39.625,90.75,58.637499999999996,2.75,4.908333333333333,204.875,232.625,17.245833333333334,0.09291666666666666,0.11291666666666667,19.841666666666665,19.879166666666666,19.9,20.2,0.419,0.4197916666666666,0.42566666666666664,0.42062499999999997
2021-11-06,b,18.870833333333334,94.95833333333333,17.995833333333334,20.608333333333334,1011.3000000000001,878.4916666666667,0.0,100.0,64.75,82.66666666666667,96.66666666666667,96.66666666666667,22.75,73.91666666666667,29.837500000000002,6.0,10.279166666666667,230.33333333333334,230.5,27.429166666666664,0.0675,0.12541666666666668,19.616666666666667,19.7,19.9,20.2,0.4165833333333333,0.422625,0.43241666666666667,0.42241666666666666
2021-11-07,b,19.270833333333332,93.66666666666667,18.1875,20.925,1011.0,878.2624999999999,0.0,99.33333333333333,80.58333333333333,61.541666666666664,97.41666666666667,127.83333333333333,42.708333333333336,85.125,70.12083333333334,4.158333333333333,6.8500000000000005,208.58333333333334,205.66666666666666,21.833333333333332,0.08791666666666666,0.1525,20.079166666666666,19.954166666666666,19.9,20.2,0.4129583333333333,0.4086666666666667,0.43083333333333335,0.42570833333333336
2021-11-08,b,19.25,92.91666666666667,18.025000000000002,20.0625,1011.8833333333333,878.8625000000001,0.0,99.91666666666667,77.08333333333333,71.95833333333333,96.33333333333333,98.0,24.125,73.875,31.0125,6.7749999999999995,11.275,225.91666666666666,225.08333333333334,31.78333333333333,0.06708333333333334,0.17416666666666666,19.858333333333334,19.95,19.916666666666668,20.183333333333334,0.42016666666666663,0.429375,0.43050000000000005,0.42674999999999996
2021-11-09,b,19.5,89.08333333333333,17.579166666666666,21.34166666666667,1012.5333333333333,879.8249999999999,0.0,73.70833333333333,38.958333333333336,19.375,95.33333333333333,175.125,78.625,96.5,101.02916666666665,4.829166666666667,7.925,222.70833333333334,230.66666666666666,22.895833333333332,0.12125000000000001,0.2708333333333333,20.275000000000002,20.079166666666666,19.954166666666666,20.1,0.41229166666666667,0.4177916666666666,0.42975,0.42783333333333334
2021-11-10,b,18.508333333333333,96.75,17.941666666666666,21.087500000000002,1013.525,880.5291666666667,0.0,92.33333333333333,35.916666666666664,77.125,99.91666666666667,110.25,15.291666666666666,94.95833333333333,19.641666666666666,4.008333333333334,7.066666666666666,260.875,280.0416666666667,13.945833333333333,0.07833333333333334,0.08625,19.666666666666668,19.958333333333332,20.0,20.1,0.42204166666666665,0.4270416666666667,0.43254166666666666,0.42849999999999994
2021-11-11,b,18.5625,97.5,18.1375,20.545833333333334,1013.1875,880.0458333333332,0.0,98.08333333333333,37.25,93.45833333333333,94.75,117.54166666666667,20.625,96.91666666666667,31.016666666666666,3.779166666666667,6.5625,235.66666666666666,244.29166666666666,17.866666666666667,0.08,0.06083333333333333,19.5,19.654166666666665,19.995833333333334,20.1,0.42383333333333334,0.4226666666666667,0.436,0.4326666666666667
2021-11-12,b,19.041666666666668,88.54166666666667,16.908333333333335,20.304166666666667,1013.525,880.5500000000001,0.0,66.04166666666667,8.708333333333334,47.875,98.08333333333333,194.75,80.91666666666667,113.83333333333333,102.46249999999999,5.879166666666666,9.4,230.45833333333334,239.5,22.34166666666667,0.13333333333333333,0.29625,19.866666666666667,19.733333333333334,19.9,20.1,0.412375,0.40891666666666665,0.431875,0.435
2021-11-13,b,19.3625,82.375,16.037499999999998,20.5125,1013.475,880.6208333333334,0.0,49.791666666666664,11.458333333333334,21.541666666666668,88.16666666666667,230.79166666666666,134.66666666666666,96.125,179.58333333333334,6.254166666666666,9.579166666666667,229.45833333333334,233.20833333333334,22.825,0.15791666666666668,0.44916666666666666,20.045833333333334,19.891666666666666,19.9,20.1,0.3907083333333334,0.39458333333333334,0.42054166666666665,0.4345833333333333
2021-11-14,b,19.879166666666666,82.45833333333333,16.466666666666665,21.604166666666668,1013.0875,880.5124999999999,0.0,51.791666666666664,12.833333333333334,28.583333333333332,76.95833333333333,255.91666666666666,169.20833333333334,86.70833333333333,232.34166666666667,4.7124999999999995,7.6499999999999995,236.16666666666666,236.29166666666666,19.195833333333333,0.1758333333333333,0.48291666666666666,20.625,20.2875,19.933333333333334,20.1,0.37566666666666665,0.3832083333333334,0.4076666666666667,0.43366666666666664
2021-11-15,b,19.55,83.0,16.258333333333333,22.433333333333334,1012.3166666666666,880.0083333333333,0.0,65.45833333333333,38.333333333333336,30.25,73.75,252.91666666666666,197.0,55.916666666666664,268.78749999999997,3.2583333333333333,5.4750000000000005,231.375,231.625,14.629166666666668,0.1779166666666667,0.45458333333333334,20.641666666666666,20.5125,20.025000000000002,20.1,0.36775,0.37399999999999994,0.3958333333333333,0.4325833333333333
2021-11-16,b,19.154166666666665,87.54166666666667,16.866666666666667,21.95,1011.9541666666668,879.525,0.0,86.5,57.916666666666664,28.125,83.08333333333333,190.5,90.66666666666667,99.83333333333333,126.28333333333335,3.1291666666666664,4.904166666666667,241.83333333333334,247.45833333333334,13.304166666666667,0.135,0.31583333333333335,20.275000000000002,20.345833333333335,20.1,20.1,0.367125,0.36795833333333333,0.38562500000000005,0.4315
2021-11-17,b,18.65,96.08333333333333,17.958333333333332,20.283333333333335,1013.1875,879.9791666666666,0.0,90.45833333333333,47.791666666666664,61.125,97.0,105.83333333333333,26.541666666666668,79.29166666666667,32.454166666666666,4.404166666666667,6.9125000000000005,226.375,235.79166666666666,14.887500000000001,0.07458333333333333,0.1025,19.895833333333332,20.087500000000002,20.1,20.1,0.39725000000000005,0.37283333333333335,0.37729166666666664,0.430375
2021-11-18,b,18.620833333333334,87.66666666666667,16.3875,20.570833333333333,1012.25,879.4458333333333,0.0,70.5,10.666666666666666,55.833333333333336,91.58333333333333,211.45833333333334,139.66666666666666,71.79166666666667,195.6916666666667,4.5125,6.779166666666666,212.0,217.625,20.095833333333335,0.145,0.30416666666666664,19.695833333333333,19.775000000000002,20.1,20.1,0.39775000000000005,0.38716666666666666,0.37074999999999997,0.42924999999999996
2021-11-19,b,18.979166666666668,87.75,16.716666666666665,20.833333333333332,1011.3000000000001,878.6041666666666,0.0,81.0,41.75,43.166666666666664,92.625,191.79166666666666,111.625,80.16666666666667,151.98333333333332,4.066666666666667,6.266666666666667,230.41666666666666,234.04166666666666,19.566666666666666,0.13083333333333333,0.3104166666666667,19.779166666666665,19.879166666666666,20.045833333333334,20.1,0.403,0.3913333333333333,0.365375,0.4279583333333333
2021-11-20,b,18.966666666666665,91.29166666666667,17.383333333333333,21.420833333333334,1011.375,878.7916666666666,0.0,77.45833333333333,36.291666666666664,34.791666666666664,97.91666666666667,178.5,83.45833333333333,95.04166666666667,111.98333333333333,3.525,5.5125,218.75,225.54166666666666,17.375,0.12416666666666666,0.22875,20.275000000000002,20.066666666666666,20.016666666666666,20.1,0.41595833333333326,0.40454166666666663,0.36241666666666666,0.42683333333333334
2021-11-21,b,18.8125,94.66666666666667,17.866666666666667,20.85,1012.4208333333332,879.5208333333334,0.0,90.625,43.25,48.75,98.375,121.95833333333333,23.125,98.83333333333333,30.5625,3.85,6.133333333333333,217.70833333333334,220.375,17.454166666666666,0.08625000000000001,0.13208333333333333,19.945833333333333,20.104166666666668,20.07916666666667,20.1,0.411,0.4095,0.36191666666666666,0.4258333333333333
2021-11-22,b,18.916666666666668,93.79166666666667,17.825,21.495833333333334,1012.3958333333334,879.6708333333332,0.0,85.29166666666667,30.208333333333332,67.29166666666667,94.70833333333333,170.58333333333334,78.375,92.20833333333333,108.50833333333333,2.795833333333333,4.333333333333333,211.16666666666666,243.0,11.737499999999999,0.11916666666666666,0.15791666666666668,20.066666666666666,20.033333333333335,20.0625,20.1,0.424,0.420375,0.3645,0.4249583333333333
2021-11-23,b,19.349999999999998,88.625,17.3125,21.275000000000002,1012.2333333333332,879.5083333333333,0.0,83.5,48.708333333333336,33.708333333333336,99.0,189.16666666666666,93.625,95.54166666666667,123.3875,3.4583333333333335,5.7124999999999995,198.08333333333334,198.83333333333334,15.158333333333333,0.13125,0.2870833333333333,20.283333333333335,20.150000000000002,20.07916666666667,20.1,0.4095416666666667,0.41487499999999994,0.37079166666666663,0.424
2021-11-24,b,18.754166666666666,94.95833333333333,17.849999999999998,21.625,1012.8833333333333,880.0541666666667,0.0,81.20833333333333,26.541666666666668,63.166666666666664,98.20833333333333,139.41666666666666,51.291666666666664,88.125,69.61666666666666,2.1374999999999997,3.454166666666667,192.5,180.91666666666666,11.508333333333333,0.09916666666666667,0.1325,20.01666666666667,20.099999999999998,20.1,20.1,0.41533333333333333,0.41191666666666665,0.37120833333333336,0.42324999999999996
2021-11-25,b,19.516666666666666,87.375,17.162499999999998,21.291666666666668,1013.1875,880.4166666666666,0.0,92.79166666666667,32.25,92.83333333333333,88.16666666666667,196.625,125.79166666666667,70.83333333333333,172.94583333333333,3.6291666666666664,6.270833333333333,248.79166666666666,255.875,15.804166666666667,0.1375,0.32875,20.483333333333334,20.266666666666666,20.1,20.1,0.40529166666666666,0.41241666666666665,0.3734583333333333,0.4225833333333333
2021-11-26,b,18.670833333333334,91.625,17.224999999999998,21.041666666666668,1013.3958333333334,880.4333333333334,0.0,75.95833333333333,16.375,55.125,99.66666666666667,136.95833333333334,39.875,97.08333333333333,49.333333333333336,3.1333333333333333,5.079166666666667,252.58333333333334,254.95833333333334,12.333333333333334,0.09749999999999999,0.19333333333333333,19.704166666666666,20.025000000000002,20.1,20.1,0.4074166666666667,0.40291666666666665,0.372625,0.422
2021-11-27,b,18.745833333333334,92.04166666666667,17.275000000000002,21.354166666666668,1013.3625000000001,880.475,0.0,90.66666666666667,59.208333333333336,37.375,98.41666666666667,178.79166666666666,99.5,79.29166666666667,129.925,2.5083333333333333,3.9791666666666665,193.41666666666666,241.70833333333334,11.979166666666666,0.12541666666666668,0.20666666666666667,20.020833333333332,19.974999999999998,20.1,20.1,0.416625,0.41358333333333336,0.3725416666666667,0.42112499999999997
2021-11-28,b,18.341666666666665,97.875,17.954166666666666,20.775000000000002,1013.8958333333334,880.6958333333333,0.0,98.20833333333333,47.166666666666664,90.125,98.16666666666667,70.79166666666667,8.791666666666666,62.0,13.637500000000001,4.033333333333333,6.958333333333333,242.5,236.875,16.724999999999998,0.05291666666666667,0.05333333333333334,19.395833333333332,19.7625,20.083333333333332,20.1,0.4287916666666667,0.4270416666666667,0.3842916666666667,0.421
2021-11-29,b,18.2375,87.375,15.966666666666667,19.412499999999998,1013.1333333333333,879.9166666666666,0.0,79.75,23.666666666666668,52.041666666666664,99.5,161.54166666666666,70.04166666666667,91.5,94.59583333333335,7.658333333333334,12.720833333333333,235.95833333333334,238.125,33.12916666666667,0.10916666666666668,0.29916666666666664,19.245833333333334,19.379166666666666,19.995833333333334,20.1,0.4171666666666667,0.42083333333333334,0.3978333333333333,0.42016666666666663
2021-11-30,b,19.479166666666668,84.20833333333333,16.587500000000002,20.858333333333334,1012.1166666666667,879.5416666666666,0.0,71.25,41.958333333333336,17.916666666666668,84.875,200.66666666666666,121.75,78.91666666666667,176.04166666666666,8.870833333333334,14.520833333333334,235.91666666666666,235.45833333333334,32.25416666666667,0.13291666666666666,0.39625,20.125,19.849999999999998,19.9,20.1,0.3990833333333334,0.40900000000000003,0.39808333333333334,0.42
2021-12-01,b,19.741666666666667,81.20833333333333,16.1375,21.40833333333333,1012.4166666666666,879.9083333333333,0.0,70.625,51.333333333333336,20.333333333333332,46.666666666666664,226.875,159.25,67.625,241.04999999999998,7.204166666666667,11.637500000000001,230.5,227.45833333333334,28.108333333333334,0.15291666666666667,0.4991666666666667,20.470833333333335,20.216666666666665,19.9375,20.1,0.38608333333333333,0.3979166666666667,0.39491666666666664,0.41962499999999997
2021-12-02,b,18.629166666666666,90.45833333333333,16.912499999999998,20.474999999999998,1014.475,881.2125,0.0,91.0,41.416666666666664,50.875,92.41666666666667,170.41666666666666,80.5,89.91666666666667,116.22916666666667,4.7875000000000005,7.779166666666666,220.75,233.125,18.525000000000002,0.11333333333333334,0.24250000000000002,19.904166666666665,20.145833333333332,20.0,20.1,0.39608333333333334,0.393,0.391125,0.419
2021-12-03,b,18.3375,95.08333333333333,17.454166666666666,21.099999999999998,1015.5749999999999,882.3708333333334,0.0,74.75,24.375,50.625,92.79166666666667,168.625,80.33333333333333,88.29166666666667,113.6875,2.983333333333333,5.245833333333334,214.0,267.8333333333333,14.6875,0.11708333333333333,0.1225,19.491666666666667,19.766666666666666,20.0,20.1,0.42683333333333334,0.42695833333333333,0.395125,0.419
2021-12-04,b,18.816666666666666,92.33333333333333,17.5,20.875,1015.5291666666667,882.2458333333334,0.0,73.29166666666667,52.833333333333336,15.833333333333334,73.45833333333333,183.375,100.29166666666667,83.08333333333333,150.06666666666666,3.654166666666667,6.666666666666667,153.95833333333334,311.7916666666667,15.895833333333334,0.12208333333333334,0.18083333333333332,19.716666666666665,19.712500000000002,19.974999999999998,20.1,0.40620833333333334,0.4165833333333333,0.4039166666666667,0.4185833333333333
2021-12-05,b,18.191666666666666,94.54166666666667,17.258333333333333,20.958333333333332,1015.0,881.7583333333333,0.0,91.66666666666667,66.625,26.083333333333332,82.41666666666667,170.20833333333334,90.58333333333333,79.625,131.53333333333333,2.6166666666666667,5.6875,241.33333333333334,274.6666666666667,14.5,0.11458333333333333,0.12583333333333332,19.2,19.479166666666668,19.90833333333333,20.1,0.4101666666666666,0.4149583333333333,0.4047083333333334,0.418
2021-12-06,b,18.933333333333334,90.375,17.220833333333335,21.96666666666667,1013.9625,881.1916666666666,0.0,67.79166666666667,41.583333333333336,14.958333333333334,73.66666666666667,191.66666666666666,109.33333333333333,82.33333333333333,154.19583333333335,2.6083333333333334,4.520833333333333,225.16666666666666,234.33333333333334,11.8375,0.13,0.23625,19.795833333333334,19.629166666666666,19.879166666666666,20.1,0.41287499999999994,0.42087499999999994,0.4121666666666666,0.418
2021-12-07,b,19.0625,90.58333333333333,17.4375,22.425,1014.2333333333332,881.5208333333334,0.0,78.83333333333333,61.333333333333336,24.25,32.666666666666664,190.04166666666666,118.375,71.66666666666667,170.1,1.6791666666666665,2.6833333333333336,150.08333333333334,170.04166666666666,11.799999999999999,0.13041666666666665,0.22,20.041666666666668,19.941666666666666,19.9,20.1,0.4055416666666667,0.4114166666666666,0.41162499999999996,0.418
2021-12-08,b,19.079166666666666,90.29166666666667,17.383333333333333,22.25,1014.225,881.5416666666666,0.0,82.5,46.125,30.333333333333332,85.58333333333333,185.58333333333334,108.20833333333333,77.375,167.30833333333334,3.3874999999999997,4.7875,47.833333333333336,33.416666666666664,14.866666666666667,0.12583333333333332,0.2304166666666667,19.8625,19.920833333333334,19.9,20.1,0.40220833333333333,0.40604166666666663,0.409875,0.418
2021-12-09,b,18.625,91.5,17.170833333333334,21.979166666666668,1014.5833333333334,881.7708333333334,0.0,94.54166666666667,78.625,44.25,87.54166666666667,162.875,89.83333333333333,73.04166666666667,137.06666666666666,3.3208333333333333,5.2749999999999995,151.75,155.70833333333334,13.766666666666666,0.1125,0.1925,19.337500000000002,19.625,19.9,20.1,0.4068333333333333,0.4036666666666667,0.40775,0.418
2021-12-10,b,17.741666666666667,98.45833333333333,17.474999999999998,20.416666666666668,1015.3625000000001,881.8583333333332,0.0,96.625,65.5,89.66666666666667,99.91666666666667,36.541666666666664,0.9583333333333334,35.583333333333336,1.3083333333333333,3.4458333333333333,5.908333333333332,159.75,262.9583333333333,14.458333333333334,0.03208333333333333,0.03291666666666667,18.741666666666667,19.254166666666666,19.833333333333332,20.1,0.42025,0.42162499999999997,0.425125,0.4194166666666666
2021-12-11,b,19.120833333333334,87.125,16.845833333333335,21.833333333333332,1014.6083333333332,881.7208333333333,0.0,81.25,53.375,47.375,68.125,197.75,127.79166666666667,69.95833333333333,196.55416666666667,3.233333333333333,4.870833333333334,78.45833333333333,76.20833333333333,14.645833333333334,0.13333333333333333,0.30416666666666664,19.416666666666668,19.179166666666667,19.724999999999998,20.1,0.40020833333333333,0.39454166666666673,0.4305833333333333,0.42383333333333334
2021-12-12,b,18.266666666666666,96.79166666666667,17.712500000000002,21.629166666666666,1014.6166666666667,881.5666666666666,0.0,86.20833333333333,51.208333333333336,51.041666666666664,98.25,131.0,46.125,84.875,69.34166666666667,3.091666666666667,5.2375,65.08333333333333,140.83333333333334,14.941666666666668,0.08791666666666666,0.08,19.3625,19.545833333333334,19.7,20.095833333333335,0.4192916666666667,0.40599999999999997,0.42575,0.425
2021-12-13,b,18.775000000000002,88.33333333333333,16.641666666666666,21.829166666666666,1013.5208333333334,880.7458333333334,0.0,82.83333333333333,68.66666666666667,23.25,48.208333333333336,202.20833333333334,124.16666666666667,78.04166666666667,184.84166666666667,2.025,3.8791666666666664,147.875,180.75,14.229166666666666,0.1375,0.29333333333333333,19.7,19.504166666666666,19.7,20.004166666666666,0.40654166666666663,0.41279166666666667,0.4242083333333333,0.425
2021-12-14,b,18.900000000000002,93.0,17.712500000000002,22.599999999999998,1012.9250000000001,880.4666666666667,0.0,88.54166666666667,68.5,37.625,59.875,165.58333333333334,94.25,71.33333333333333,139.54583333333332,3.3874999999999997,5.766666666666667,185.91666666666666,253.79166666666666,14.095833333333333,0.11541666666666667,0.16625,19.733333333333334,19.741666666666667,19.7,20.0,0.41479166666666667,0.4078333333333333,0.42166666666666663,0.425
2021-12-15,b,19.183333333333334,91.70833333333333,17.7375,22.1375,1013.0416666666666,880.4791666666666,0.0,91.75,68.91666666666667,30.291666666666668,92.66666666666667,163.54166666666666,72.79166666666667,90.75,102.675,4.0249999999999995,7.208333333333333,282.0416666666667,323.0,17.287499999999998,0.11458333333333333,0.2025,19.966666666666665,19.858333333333334,19.724999999999998,20.0,0.410125,0.40804166666666664,0.4189583333333333,0.4244583333333333
2021-12-16,b,18.954166666666666,93.66666666666667,17.8625,21.679166666666664,1013.5749999999999,880.7333333333332,0.0,81.875,39.0,39.916666666666664,98.16666666666667,136.45833333333334,67.70833333333333,68.75,94.60833333333333,3.7583333333333333,7.066666666666666,173.20833333333334,211.91666666666666,18.091666666666665,0.09291666666666666,0.1525,19.783333333333335,19.849999999999998,19.8,20.0,0.4071666666666667,0.4095,0.41583333333333333,0.424
2021-12-17,b,18.008333333333333,98.16666666666667,17.683333333333334,20.075,1013.2624999999999,879.9875000000001,0.0,95.5,32.75,92.08333333333333,97.5,64.33333333333333,9.083333333333334,55.25,17.029166666666665,4.8500000000000005,9.366666666666667,286.9583333333333,303.7083333333333,21.383333333333336,0.04666666666666667,0.043750000000000004,19.0125,19.433333333333334,19.8,20.0,0.43145833333333333,0.43120833333333336,0.4189583333333333,0.424
2021-12-18,b,16.9875,99.75,16.9125,18.283333333333335,1013.2041666666668,879.3249999999999,0.0,99.33333333333333,54.041666666666664,97.54166666666667,99.91666666666667,23.583333333333332,0.375,23.208333333333332,1.0875000000000001,4.970833333333333,10.654166666666667,248.79166666666666,267.2083333333333,21.691666666666666,0.021666666666666667,0.012083333333333335,18.145833333333332,18.795833333333334,19.679166666666667,20.0,0.4343333333333333,0.43520833333333336,0.43604166666666666,0.42816666666666664
2021-12-19,b,17.766666666666666,97.95833333333333,17.3875,19.129166666666666,1015.1166666666667,881.2791666666667,0.0,99.70833333333333,65.04166666666667,91.95833333333333,98.75,67.29166666666667,10.916666666666666,56.375,17.595833333333335,5.516666666666667,10.045833333333333,238.375,246.0,33.8125,0.04541666666666667,0.05291666666666667,18.474999999999998,18.60833333333333,19.533333333333335,20.0,0.43041666666666667,0.43225,0.4364166666666667,0.43404166666666666
2021-12-20,b,18.991666666666667,88.45833333333333,16.908333333333335,20.433333333333334,1015.4583333333334,882.1583333333333,0.0,95.70833333333333,65.54166666666667,37.125,96.91666666666667,190.95833333333334,109.41666666666667,81.54166666666667,161.89583333333334,7.741666666666667,12.9,231.33333333333334,234.08333333333334,35.50833333333333,0.12208333333333334,0.2920833333333333,19.4875,19.120833333333334,19.45,20.0,0.4115416666666667,0.4130416666666667,0.4322083333333333,0.435
2021-12-21,b,19.2625,87.33333333333333,16.975,20.691666666666666,1015.2333333333335,882.0708333333333,0.0,80.95833333333333,49.916666666666664,18.708333333333332,93.79166666666667,177.875,101.375,76.5,142.68333333333334,7.195833333333333,11.854166666666666,235.95833333333334,241.75,28.441666666666666,0.11666666666666665,0.3145833333333333,19.775000000000002,19.658333333333335,19.5,20.0,0.40349999999999997,0.3986666666666667,0.42112499999999997,0.435
2021-12-22,b,19.091666666666665,89.66666666666667,17.258333333333333,21.616666666666664,1014.8125,881.8708333333334,0.0,65.29166666666667,30.166666666666668,17.291666666666668,96.0,198.95833333333334,128.08333333333334,70.875,189.88333333333333,3.4791666666666665,6.1000000000000005,236.875,244.125,15.566666666666668,0.13583333333333333,0.2554166666666667,19.916666666666668,19.783333333333335,19.533333333333335,20.0,0.4071666666666667,0.402375,0.40912499999999996,0.43404166666666666
2021-12-23,b,18.766666666666666,88.16666666666667,16.650000000000002,21.383333333333336,1014.1875,881.3375,0.0,72.29166666666667,43.125,8.708333333333334,97.41666666666667,160.125,46.375,113.75,67.16666666666667,3.154166666666667,5.466666666666666,274.2916666666667,271.125,13.045833333333334,0.11416666666666665,0.28291666666666665,19.604166666666668,19.650000000000002,19.6,20.0,0.3992083333333334,0.404375,0.399,0.43324999999999997
2021-12-24,b,18.962500000000002,87.0,16.641666666666666,22.2625,1013.6583333333333,881.0833333333334,0.0,73.125,56.333333333333336,8.416666666666666,63.25,219.08333333333334,156.375,62.708333333333336,232.53333333333333,2.5375,4.0874999999999995,273.75,288.125,11.725,0.15041666666666667,0.3133333333333333,19.7875,19.670833333333334,19.6,19.9625,0.3944166666666667,0.39820833333333333,0.38999999999999996,0.43216666666666664
2021-12-25,b,18.895833333333332,87.75,16.675,22.395833333333332,1014.2208333333333,881.6166666666667,0.0,57.375,45.583333333333336,10.75,40.0,225.54166666666666,170.41666666666666,55.125,254.65,2.3833333333333333,3.391666666666667,202.625,218.91666666666666,11.445833333333333,0.155,0.3025,19.766666666666666,19.720833333333335,19.650000000000002,19.9,0.38958333333333334,0.39258333333333334,0.38199999999999995,0.43087499999999995
2021-12-26,b,18.6375,89.0,16.670833333333334,22.05,1015.1999999999999,882.3708333333334,0.0,53.458333333333336,43.041666666666664,20.375,8.041666666666666,211.75,147.29166666666666,64.45833333333333,219.95833333333334,3.0041666666666664,4.341666666666667,146.04166666666666,157.75,12.174999999999999,0.145,0.26708333333333334,19.4875,19.625,19.7,19.9,0.3854583333333333,0.38695833333333335,0.374875,0.42966666666666664
2021-12-27,b,18.858333333333334,83.91666666666667,15.866666666666667,21.079166666666666,1015.8874999999999,882.7666666666668,0.0,49.125,23.333333333333332,14.708333333333334,64.08333333333333,234.04166666666666,171.66666666666666,62.375,263.22499999999997,4.054166666666666,6.583333333333333,43.958333333333336,91.0,15.945833333333333,0.15875,0.39166666666666666,19.466666666666665,19.537499999999998,19.695833333333333,19.9,0.3789166666666666,0.381875,0.3685416666666667,0.42854166666666665
2021-12-28,b,18.670833333333334,83.83333333333333,15.658333333333333,21.058333333333334,1014.5583333333334,881.6333333333333,0.0,71.66666666666667,47.125,7.541666666666667,85.75,247.375,192.83333333333334,54.541666666666664,280.6458333333333,5.0874999999999995,8.549999999999999,47.333333333333336,33.5,20.345833333333335,0.16874999999999998,0.39625,19.541666666666668,19.504166666666666,19.662499999999998,19.9,0.36879166666666663,0.374875,0.3624583333333333,0.427375
2021-12-29,b,19.379166666666666,82.875,16.0625,22.1375,1013.9708333333333,881.4625,0.0,59.833333333333336,38.166666666666664,5.458333333333333,81.0,263.5,204.16666666666666,59.333333333333336,309.3833333333333,5.045833333333333,8.066666666666666,48.625,41.125,19.55,0.18041666666666667,0.45333333333333337,20.212500000000002,19.891666666666666,19.7,19.9,0.3575833333333333,0.367125,0.35670833333333335,0.4260833333333333
2021-12-30,b,18.866666666666667,88.91666666666667,16.854166666666668,22.09166666666667,1014.2416666666667,881.5916666666667,0.0,76.5,50.208333333333336,10.833333333333334,95.91666666666667,226.75,156.16666666666666,70.58333333333333,231.625,3.9375,6.5125,114.58333333333333,124.66666666666667,18.54583333333333,0.15583333333333332,0.27791666666666665,20.016666666666666,20.020833333333332,19.724999999999998,19.9,0.3512916666666666,0.35941666666666666,0.35141666666666665,0.4247083333333333
2021-12-31,b,18.7375,96.16666666666667,18.091666666666665,21.429166666666664,1015.3666666666667,882.1166666666667,0.0,96.5,64.08333333333333,56.041666666666664,99.79166666666667,132.25,43.875,88.375,78.29583333333333,3.079166666666667,5.383333333333333,210.125,260.5833333333333,18.45,0.08875,0.09208333333333334,19.7625,19.95,19.8,19.9,0.3910833333333333,0.36445833333333333,0.34712499999999996,0.42370833333333335
2022-01-01,b,18.154166666666665,97.66666666666667,17.741666666666667,20.766666666666666,1014.9875000000001,881.625,0.0,94.5,70.875,61.708333333333336,99.20833333333333,110.625,35.333333333333336,75.29166666666667,52.725,3.3791666666666664,6.229166666666667,106.29166666666667,108.45833333333333,17.3875,0.07708333333333334,0.055,19.162499999999998,19.433333333333334,19.8,19.9,0.42124999999999996,0.407875,0.3465,0.4227083333333333
2022-01-02,b,17.904166666666665,99.70833333333333,17.858333333333334,19.8125,1015.0833333333334,881.375,0.0,98.5,81.20833333333333,86.08333333333333,99.04166666666667,54.458333333333336,8.083333333333334,46.375,10.6,3.5708333333333333,7.383333333333333,113.25,127.54166666666667,12.904166666666667,0.04083333333333333,0.005833333333333334,18.883333333333333,19.20416666666667,19.7125,19.9,0.42745833333333333,0.43366666666666664,0.39570833333333333,0.422
2022-01-03,b,18.404166666666665,94.95833333333333,17.533333333333335,20.966666666666665,1014.15,880.9291666666667,0.0,97.16666666666667,74.04166666666667,60.458333333333336,96.79166666666667,145.41666666666666,67.0,78.41666666666667,90.72500000000001,2.525,4.033333333333333,131.29166666666666,100.875,12.75,0.09958333333333334,0.11916666666666668,19.304166666666667,19.241666666666667,19.629166666666666,19.9,0.4135,0.421375,0.4204583333333333,0.422
2022-01-04,b,18.179166666666667,97.04166666666667,17.675,21.337500000000002,1014.8375,881.6625,0.0,92.91666666666667,70.04166666666667,40.541666666666664,92.29166666666667,108.33333333333333,28.75,79.58333333333333,42.800000000000004,3.204166666666667,5.4624999999999995,163.91666666666666,155.875,9.516666666666667,0.07625,0.06583333333333334,19.0625,19.229166666666668,19.6,19.9,0.4212916666666667,0.4282083333333333,0.42645833333333333,0.42216666666666663
2022-01-05,b,18.683333333333334,91.16666666666667,17.150000000000002,21.154166666666665,1014.7708333333334,881.6875,0.0,72.91666666666667,51.208333333333336,18.791666666666668,65.54166666666667,198.75,129.20833333333334,69.54166666666667,196.16666666666666,3.8249999999999997,6.333333333333333,139.875,135.16666666666666,13.620833333333332,0.13416666666666668,0.2091666666666667,19.412499999999998,19.333333333333332,19.575,19.9,0.406125,0.4131666666666667,0.431375,0.4244583333333333
2022-01-07,b,19.083333333333332,86.5,16.6375,21.96666666666667,1015.025,882.1875,0.0,57.958333333333336,29.041666666666668,11.208333333333334,84.83333333333333,206.5,132.91666666666666,73.58333333333333,193.8166666666667,3.2416666666666667,5.229166666666667,70.66666666666667,62.75,12.695833333333333,0.14333333333333334,0.3358333333333334,19.7375,19.458333333333332,19.554166666666667,19.9,0.39875,0.401875,0.4247083333333333,0.426
2022-01-08,b,19.241666666666667,90.625,17.545833333333334,22.15833333333333,1014.9,882.1,0.0,74.66666666666667,40.75,25.708333333333332,85.5,193.625,114.5,79.125,169.40833333333333,3.0416666666666665,5.120833333333333,58.25,61.625,14.362499999999999,0.13583333333333333,0.2354166666666667,20.0,19.95,19.6,19.9,0.40762499999999996,0.40254166666666663,0.4207916666666667,0.42575
2022-01-10,b,18.308333333333334,96.16666666666667,17.691666666666666,20.587500000000002,1015.2083333333334,881.7958333333332,0.0,92.45833333333333,65.875,59.208333333333336,99.20833333333333,89.58333333333333,19.25,70.33333333333333,24.55,3.6916666666666664,6.8,126.58333333333333,91.29166666666667,12.866666666666667,0.06416666666666666,0.08333333333333333,19.125,19.400000000000002,19.6,19.9,0.4231666666666667,0.4286666666666667,0.4214583333333333,0.425
2022-01-11,b,18.7375,85.25,16.075,20.358333333333334,1015.0708333333333,881.8625000000001,0.0,59.208333333333336,34.166666666666664,7.083333333333333,82.66666666666667,198.16666666666666,92.04166666666667,106.125,148.4,5.120833333333334,8.854166666666666,67.41666666666667,76.5,19.191666666666666,0.1325,0.34833333333333333,19.104166666666668,19.099999999999998,19.570833333333336,19.833333333333332,0.40058333333333335,0.41375,0.4252916666666666,0.425
2022-01-12,b,19.033333333333335,84.625,16.120833333333334,22.233333333333334,1014.8791666666666,882.1166666666667,0.0,75.04166666666667,66.95833333333333,14.458333333333334,25.583333333333332,250.45833333333334,190.08333333333334,60.375,276.75416666666666,2.9291666666666667,5.204166666666667,144.375,143.875,15.383333333333333,0.1708333333333333,0.39958333333333335,19.783333333333335,19.4875,19.533333333333335,19.8,0.3862916666666667,0.39516666666666667,0.4217916666666666,0.425
2022-01-13,b,18.900000000000002,88.5,16.8,22.275000000000002,1015.1916666666666,882.4833333333332,0.0,69.04166666666667,52.791666666666664,21.416666666666668,29.25,215.41666666666666,145.83333333333334,69.58333333333333,223.07916666666668,3.1291666666666664,5.7375,82.45833333333333,89.20833333333333,14.308333333333332,0.14875000000000002,0.285,20.037499999999998,19.941666666666666,19.6,19.8,0.39058333333333334,0.38554166666666667,0.41662499999999997,0.425
2022-01-14,b,18.820833333333333,85.625,16.154166666666665,21.599999999999998,1014.7875,882.0083333333333,0.0,71.79166666666667,60.75,2.875,55.083333333333336,231.58333333333334,146.25,85.33333333333333,217.92083333333332,4.566666666666666,8.987499999999999,139.33333333333334,103.58333333333333,18.375,0.16,0.3541666666666667,19.829166666666666,19.783333333333335,19.629166666666666,19.8,0.3793333333333333,0.37995833333333334,0.411,0.4246666666666667
2022-01-15,b,19.041666666666668,85.625,16.395833333333332,21.72083333333333,1014.3125,881.7208333333333,0.0,58.0,62.916666666666664,2.0833333333333335,0.16666666666666666,216.33333333333334,136.20833333333334,80.125,219.42499999999998,5.8,9.125,52.25,27.583333333333332,16.004166666666666,0.15,0.3575,19.916666666666668,19.8125,19.7,19.8,0.36645833333333333,0.3722083333333333,0.40479166666666666,0.424
2022-01-16,b,19.508695652173913,86.47826086956522,17.0,22.195652173913043,1014.5608695652174,881.991304347826,0.0,61.52173913043478,52.26086956521739,14.434782608695652,22.956521739130434,216.2608695652174,144.34782608695653,71.91304347826087,212.70869565217393,4.086956521739131,6.682608695652173,106.6086956521739,107.8695652173913,15.521739130434783,0.15086956521739128,0.34521739130434786,20.330434782608698,20.13478260869565,19.726086956521737,19.8,0.3622173913043478,0.36560869565217385,0.39856521739130435,0.42386956521739133
2022-01-17,b,19.182608695652174,89.6086956521739,17.3,22.317391304347826,1014.5478260869564,881.9130434782609,0.0,79.43478260869566,61.78260869565217,24.217391304347824,69.26086956521739,201.69565217391303,136.6086956521739,65.08695652173913,198.9217391304348,2.960869565217391,5.043478260869565,149.56521739130434,153.7391304347826,12.069565217391306,0.1408695652173913,0.25565217391304346,20.182608695652174,20.14782608695652,19.8,19.8,0.3748695652173913,0.3617391304347826,0.39243478260869563,0.423
2022-01-18,b,18.1875,91.66666666666667,16.754166666666666,20.204166666666666,1014.7833333333333,881.3708333333334,0.0,82.45833333333333,40.166666666666664,41.916666666666664,99.0,108.875,23.166666666666668,85.70833333333333,36.079166666666666,3.8958333333333335,6.741666666666666,65.625,75.83333333333333,15.120833333333332,0.07625,0.18416666666666667,19.258333333333333,19.645833333333332,19.8,19.8,0.4001666666666667,0.37954166666666667,0.3875416666666667,0.4229583333333333
2022-01-19,b,18.833333333333332,80.70833333333333,15.241666666666667,20.575,1013.8208333333333,880.7624999999999,0.0,83.91666666666667,28.875,58.125,95.75,188.25,99.625,88.625,132.5125,2.9416666666666664,4.3374999999999995,127.625,123.54166666666667,12.529166666666667,0.13,0.45708333333333334,19.224999999999998,19.258333333333333,19.7375,19.8,0.37870833333333337,0.38133333333333336,0.38283333333333336,0.422
2022-01-20,b,18.804166666666667,86.29166666666667,16.304166666666667,21.445833333333336,1013.3041666666667,880.5083333333333,0.0,68.20833333333333,46.166666666666664,27.916666666666668,63.25,233.83333333333334,172.08333333333334,61.75,259.83750000000003,2.7375000000000003,3.9791666666666665,221.66666666666666,204.91666666666666,11.995833333333332,0.15833333333333335,0.3383333333333333,19.8125,19.654166666666665,19.7,19.8,0.3695,0.375,0.37799999999999995,0.4215
2022-01-21,b,18.745833333333334,87.16666666666667,16.395833333333332,21.441666666666666,1013.6625,880.8625000000001,0.0,78.04166666666667,48.666666666666664,22.0,80.95833333333333,228.16666666666666,164.33333333333334,63.833333333333336,228.7125,2.8375,4.516666666666667,178.66666666666666,171.79166666666666,12.008333333333333,0.15541666666666668,0.32375000000000004,19.75,19.783333333333335,19.7,19.8,0.37595833333333334,0.37083333333333335,0.373375,0.42091666666666666
2022-01-22,b,19.150000000000002,86.125,16.575,21.254166666666666,1013.1791666666667,880.3249999999999,0.0,82.16666666666667,42.708333333333336,47.916666666666664,67.29166666666667,222.20833333333334,149.5,72.70833333333333,216.0375,2.370833333333333,3.9583333333333335,102.625,79.16666666666667,11.845833333333333,0.15125,0.3541666666666667,19.954166666666666,19.791666666666668,19.7125,19.8,0.37604166666666666,0.370625,0.369125,0.42
2022-01-23,b,18.483333333333334,93.33333333333333,17.325,21.479166666666668,1013.0666666666666,880.2333333333332,0.0,87.83333333333333,66.91666666666667,32.833333333333336,51.375,171.0,88.91666666666667,82.08333333333333,132.03333333333333,2.3000000000000003,3.766666666666667,193.54166666666666,188.66666666666666,10.933333333333332,0.11708333333333333,0.15916666666666668,19.733333333333334,19.904166666666665,19.8,19.8,0.3948333333333333,0.38399999999999995,0.36554166666666665,0.4194166666666666
2022-01-25,b,18.625,92.91666666666667,17.408333333333335,21.820833333333336,1013.0375,880.275,0.0,99.375,49.125,82.70833333333333,96.625,137.25,71.375,65.875,98.61666666666667,2.1041666666666665,3.295833333333333,155.125,141.0,9.612499999999999,0.09875,0.16625,19.454166666666666,19.516666666666666,19.7,19.8,0.4070833333333333,0.40912499999999996,0.36966666666666664,0.4180833333333333
2022-01-26,b,18.787499999999998,91.33333333333333,17.295833333333334,21.129166666666666,1013.3083333333334,880.4416666666666,0.0,92.45833333333333,21.458333333333332,93.5,96.5,114.08333333333333,33.583333333333336,80.5,43.916666666666664,3.829166666666667,6.604166666666667,137.54166666666666,165.91666666666666,14.116666666666667,0.08416666666666667,0.2025,19.570833333333333,19.566666666666666,19.7,19.8,0.40075,0.402625,0.36999999999999994,0.41795833333333327
2022-01-27,b,19.6125,80.66666666666667,15.958333333333334,22.041666666666668,1013.0625,880.6083333333332,0.0,66.375,9.833333333333334,62.75,67.5,237.20833333333334,165.66666666666666,71.54166666666667,235.95833333333334,2.245833333333333,4.016666666666667,241.66666666666666,266.3333333333333,11.629166666666668,0.16666666666666666,0.5016666666666667,19.958333333333332,19.6875,19.7,19.8,0.3847083333333334,0.3930833333333334,0.369,0.417
2022-01-28,b,19.079166666666666,87.08333333333333,16.729166666666668,21.712500000000002,1013.5958333333333,880.8833333333333,0.0,33.791666666666664,6.541666666666667,20.25,52.208333333333336,239.04166666666666,170.33333333333334,68.70833333333333,247.74166666666667,2.408333333333333,3.4958333333333336,152.75,137.83333333333334,11.35,0.16624999999999998,0.32666666666666666,19.933333333333334,19.916666666666668,19.7,19.8,0.3879166666666667,0.38504166666666667,0.36633333333333334,0.41654166666666664
2022-01-30,b,18.908333333333335,89.79166666666667,17.0625,22.241666666666664,1013.8833333333333,881.1583333333333,0.0,62.666666666666664,28.458333333333332,25.583333333333332,77.16666666666667,192.91666666666666,123.54166666666667,69.375,178.3708333333333,2.1416666666666666,3.420833333333333,181.875,165.04166666666666,11.566666666666668,0.13416666666666668,0.2529166666666667,19.95,20.033333333333335,19.8,19.8,0.3969583333333333,0.3867083333333334,0.36241666666666666,0.41524999999999995
2022-01-31,b,18.958333333333332,87.375,16.662499999999998,21.804166666666664,1012.85,880.2541666666666,0.0,79.625,50.541666666666664,17.875,77.33333333333333,211.58333333333334,135.375,76.20833333333333,201.6625,2.529166666666667,3.7708333333333335,91.875,111.29166666666667,10.987499999999999,0.14583333333333334,0.32,19.900000000000002,19.779166666666665,19.8,19.8,0.3930416666666667,0.3907083333333334,0.36066666666666664,0.41487499999999994
2022-02-01,b,19.043478260869566,89.6086956521739,17.204347826086956,22.104347826086954,1012.8434782608696,880.3304347826087,0.0,80.34782608695652,48.82608695652174,25.043478260869566,88.56521739130434,191.04347826086956,113.65217391304348,77.3913043478261,162.2521739130435,3.0,4.126086956521739,158.17391304347825,152.3913043478261,10.391304347826088,0.13391304347826088,0.2508695652173913,20.078260869565216,20.065217391304348,19.8,19.8,0.39573913043478265,0.38708695652173913,0.3595217391304348,0.41400000000000003
2022-02-02,b,18.325,90.875,16.758333333333333,21.133333333333333,1014.0,880.9916666666667,0.0,60.958333333333336,23.166666666666668,19.208333333333332,98.125,179.875,91.79166666666667,88.08333333333333,132.42083333333332,3.4458333333333333,9.395833333333334,317.9583333333333,176.33333333333334,10.3375,0.12374999999999999,0.20791666666666667,19.558333333333334,19.770833333333332,19.8,19.8,0.3994166666666667,0.3937916666666667,0.35874999999999996,0.41370833333333334
2022-02-03,b,18.633333333333333,88.25,16.541666666666668,21.158333333333335,1013.0041666666666,880.2041666666668,0.0,56.166666666666664,24.208333333333332,13.916666666666666,91.375,237.04166666666666,173.04166666666666,64.0,247.5875,4.145833333333333,7.779166666666666,155.04166666666666,49.25,16.316666666666666,0.16,0.2891666666666667,19.575,19.537499999999998,19.8,19.8,0.3941666666666667,0.398625,0.359,0.413
2022-02-04,b,18.2625,89.91666666666667,16.5,20.125,1012.5291666666667,879.4583333333334,0.0,65.54166666666667,36.375,21.625,76.25,194.58333333333334,123.45833333333333,71.125,176.98749999999998,4.366666666666666,6.308333333333334,31.041666666666668,33.541666666666664,16.770833333333332,0.13083333333333333,0.23541666666666664,19.316666666666666,19.545833333333334,19.775000000000002,19.8,0.3953333333333333,0.3920416666666667,0.359,0.41262499999999996
2022-02-05,b,18.233333333333334,92.58333333333333,16.979166666666668,20.408333333333335,1013.2583333333333,880.0916666666667,0.0,87.875,54.0,35.083333333333336,98.625,154.29166666666666,56.75,97.54166666666667,87.90416666666665,2.7541666666666664,4.466666666666667,121.20833333333333,110.75,15.116666666666667,0.10541666666666666,0.16541666666666666,19.125,19.329166666666666,19.708333333333332,19.8,0.398375,0.3947083333333334,0.3585416666666667,0.412
2022-02-06,b,18.425,90.91666666666667,16.787499999999998,21.712500000000002,1014.2375000000001,881.3000000000001,0.0,70.33333333333333,19.125,44.666666666666664,94.79166666666667,176.70833333333334,110.375,66.33333333333333,158.75,2.2916666666666665,4.058333333333334,184.20833333333334,238.5,11.629166666666668,0.12333333333333334,0.22208333333333333,19.191666666666666,19.266666666666666,19.64166666666667,19.8,0.4055416666666667,0.40066666666666667,0.35904166666666665,0.41158333333333336
2022-02-07,b,18.875,87.66666666666667,16.587500000000002,21.175,1014.2041666666668,881.3291666666668,0.0,66.04166666666667,11.458333333333334,52.0,84.29166666666667,223.0,124.75,98.25,172.7458333333333,3.9416666666666664,6.204166666666667,202.16666666666666,191.66666666666666,14.083333333333334,0.155,0.3120833333333333,19.900000000000002,19.620833333333334,19.604166666666668,19.8,0.40358333333333335,0.405375,0.36074999999999996,0.411
2022-02-08,b,18.958333333333332,89.04166666666667,17.066666666666666,20.974999999999998,1013.7416666666667,880.8291666666668,0.0,70.125,22.458333333333332,34.333333333333336,99.5,202.66666666666666,108.33333333333333,94.33333333333333,162.6375,4.304166666666666,7.2749999999999995,113.79166666666667,100.20833333333333,16.966666666666665,0.13416666666666666,0.2525,19.8625,19.879166666666666,19.7,19.8,0.395125,0.39537500000000003,0.36120833333333335,0.41062499999999996
2022-02-09,b,18.516666666666666,94.04166666666667,17.4375,21.204166666666666,1013.9333333333334,880.7875,0.0,90.58333333333333,36.375,72.83333333333333,97.125,134.20833333333334,36.208333333333336,98.0,43.1875,1.925,3.1750000000000003,231.875,205.125,12.325000000000001,0.09500000000000001,0.155,19.770833333333332,19.75,19.7,19.8,0.4137916666666666,0.40170833333333333,0.3615833333333333,0.41
2022-02-10,b,17.741666666666667,96.625,17.145833333333332,20.008333333333333,1013.9291666666667,880.4666666666667,0.0,93.66666666666667,44.5,85.125,99.91666666666667,76.75,7.708333333333333,69.04166666666667,11.166666666666666,3.1875,4.966666666666667,102.08333333333333,89.54166666666667,12.0625,0.05458333333333334,0.08666666666666667,19.0125,19.45,19.7,19.8,0.4194583333333333,0.420125,0.3680833333333333,0.41
2022-02-11,b,18.266666666666666,87.58333333333333,16.041666666666668,20.833333333333332,1012.6541666666667,879.65,0.0,81.45833333333333,10.458333333333334,72.33333333333333,100.0,189.41666666666666,103.66666666666667,85.75,135.00416666666666,2.704166666666667,4.075,82.5,87.5,13.424999999999999,0.13041666666666665,0.2916666666666667,19.229166666666668,19.183333333333334,19.620833333333334,19.8,0.4137916666666666,0.4146666666666667,0.3798333333333333,0.40958333333333335
2022-02-12,b,19.016666666666666,88.04166666666667,16.8625,21.708333333333332,1011.5583333333334,878.9791666666666,0.0,81.41666666666667,38.333333333333336,54.0,92.16666666666667,208.79166666666666,128.125,80.66666666666667,163.29583333333332,4.108333333333333,6.291666666666667,113.83333333333333,109.33333333333333,14.608333333333334,0.14333333333333334,0.29250000000000004,19.75,19.55,19.6,19.8,0.39958333333333335,0.4055416666666667,0.381875,0.409
2022-02-13,b,19.1875,86.125,16.595833333333335,22.34166666666667,1009.9625,877.8708333333334,0.0,67.83333333333333,38.958333333333336,14.833333333333334,83.33333333333333,262.4166666666667,203.08333333333334,59.333333333333336,276.19166666666666,2.7583333333333333,4.575,118.58333333333333,105.83333333333333,13.545833333333334,0.18000000000000002,0.36000000000000004,20.224999999999998,19.954166666666666,19.620833333333334,19.8,0.3890416666666667,0.39575000000000005,0.38116666666666665,0.409
2022-02-15,b,18.920833333333334,91.04166666666667,17.279166666666665,21.2,1010.9416666666666,878.2958333333332,0.0,74.20833333333333,33.208333333333336,43.916666666666664,68.58333333333333,205.33333333333334,124.66666666666667,80.66666666666667,160.96666666666667,3.4291666666666667,5.104166666666667,221.79166666666666,238.83333333333334,15.225,0.1420833333333333,0.23666666666666666,19.804166666666667,19.754166666666666,19.7,19.8,0.41333333333333333,0.4134583333333333,0.38195833333333334,0.408
2022-02-16,b,19.141666666666666,89.08333333333333,17.220833333333335,19.837500000000002,1010.6125000000001,877.7666666666668,0.0,98.33333333333333,54.708333333333336,75.58333333333333,80.875,157.45833333333334,65.625,91.83333333333333,91.66250000000001,6.074999999999999,9.683333333333334,220.41666666666666,225.5,21.55,0.11,0.27125,19.804166666666667,19.825,19.7,19.8,0.40645833333333337,0.409,0.38408333333333333,0.408
2022-02-17,b,18.945833333333333,91.66666666666667,17.495833333333334,20.75,1010.4291666666667,877.8208333333333,0.0,77.875,12.25,77.08333333333333,77.29166666666667,136.04166666666666,46.0,90.04166666666667,72.51666666666667,4.4750000000000005,6.941666666666666,241.41666666666666,245.75,16.270833333333332,0.09541666666666666,0.19875,19.841666666666665,19.787499999999998,19.708333333333332,19.8,0.407375,0.4055,0.385,0.408
2022-02-18,b,20.004166666666666,81.5,16.420833333333334,21.370833333333334,1011.9416666666666,879.4791666666666,0.0,52.0,9.25,32.583333333333336,80.45833333333333,273.8333333333333,216.29166666666666,57.541666666666664,294.18333333333334,6.808333333333334,10.820833333333333,220.79166666666666,221.08333333333334,22.912499999999998,0.18625,0.5070833333333333,20.462500000000002,20.05,19.758333333333333,19.8,0.3954583333333333,0.399125,0.3850833333333334,0.4074583333333333
2022-02-19,b,20.454166666666666,80.16666666666667,16.641666666666666,22.554166666666664,1013.3416666666667,881.025,0.0,26.75,4.041666666666667,17.416666666666668,41.708333333333336,286.1666666666667,232.29166666666666,53.875,323.84583333333336,3.8874999999999997,6.158333333333332,221.91666666666666,204.20833333333334,16.695833333333333,0.19833333333333333,0.5416666666666666,20.9875,20.595833333333335,19.833333333333332,19.8,0.3839166666666667,0.3904166666666667,0.3832083333333334,0.407
2022-02-20,b,19.6875,82.875,16.3375,21.895833333333332,1013.15,880.8249999999999,0.0,44.916666666666664,11.75,25.75,62.75,275.875,205.70833333333334,70.16666666666667,276.89166666666665,2.879166666666667,4.2250000000000005,205.375,176.25,11.366666666666667,0.19333333333333333,0.4679166666666667,20.675,20.5625,19.9375,19.8,0.3741666666666667,0.38104166666666667,0.3809166666666666,0.4067083333333333
2022-02-21,b,18.941666666666666,88.29166666666667,16.8125,21.525000000000002,1013.5124999999999,880.65,0.0,60.458333333333336,21.375,32.541666666666664,89.83333333333333,229.16666666666666,138.25,90.91666666666667,195.08749999999998,2.775,3.9416666666666664,147.08333333333334,117.79166666666667,12.516666666666666,0.15833333333333333,0.29625,20.008333333333333,20.279166666666665,20.0,19.8,0.38637499999999997,0.37720833333333337,0.37825,0.40599999999999997
2022-02-22,b,18.912499999999998,86.625,16.395833333333332,20.983333333333334,1014.2291666666666,881.1291666666666,0.0,48.958333333333336,18.083333333333332,14.708333333333334,79.54166666666667,242.20833333333334,162.375,79.83333333333333,220.725,3.2541666666666664,5.020833333333333,79.66666666666667,93.33333333333333,12.6875,0.16416666666666666,0.34958333333333336,19.825,19.845833333333335,20.0,19.8,0.38725000000000004,0.3794166666666667,0.376125,0.40599999999999997
2022-02-23,b,18.587500000000002,92.58333333333333,17.275000000000002,20.991666666666667,1015.1875,881.8874999999999,0.0,72.66666666666667,40.541666666666664,20.541666666666668,89.125,200.45833333333334,105.66666666666667,94.79166666666667,139.8125,2.591666666666667,3.733333333333333,198.54166666666666,182.95833333333334,10.233333333333333,0.13625,0.18500000000000003,19.691666666666666,19.883333333333333,20.0,19.8,0.39408333333333334,0.38608333333333333,0.3744166666666667,0.40599999999999997
2022-02-24,b,18.379166666666666,89.0,16.433333333333334,20.349999999999998,1015.7083333333334,882.2458333333334,0.0,74.54166666666667,22.291666666666668,43.875,98.45833333333333,160.875,49.375,111.5,67.60833333333333,3.3958333333333335,5.845833333333334,121.95833333333333,85.54166666666667,13.445833333333333,0.10833333333333334,0.25666666666666665,19.29583333333333,19.533333333333335,19.925,19.8,0.3990833333333334,0.39879166666666666,0.37399999999999994,0.405
2022-02-25,b,18.254166666666666,94.29166666666667,17.291666666666668,20.483333333333334,1014.4833333333332,881.3583333333332,0.0,95.875,73.04166666666667,28.708333333333332,91.54166666666667,174.29166666666666,82.125,92.16666666666667,106.56666666666666,5.729166666666667,9.733333333333333,80.29166666666667,90.95833333333333,23.166666666666668,0.12041666666666667,0.12833333333333333,19.337500000000002,19.558333333333334,19.8875,19.8,0.41625,0.4033333333333333,0.3745833333333333,0.405
2022-02-26,b,17.866666666666667,97.20833333333333,17.408333333333335,20.39166666666667,1014.0333333333333,880.8166666666666,0.0,98.45833333333333,59.708333333333336,79.375,83.91666666666667,100.91666666666667,34.208333333333336,66.70833333333333,44.40416666666667,5.033333333333333,9.241666666666667,126.16666666666667,130.0,19.741666666666667,0.07166666666666667,0.06458333333333334,18.845833333333335,19.204166666666666,19.795833333333334,19.8,0.4290833333333333,0.4282083333333333,0.383125,0.405
2022-02-27,b,18.287499999999998,94.83333333333333,17.3875,20.954166666666666,1013.7833333333333,880.6458333333334,0.0,89.04166666666667,45.708333333333336,57.291666666666664,87.16666666666667,155.08333333333334,73.66666666666667,81.41666666666667,113.14583333333333,2.9916666666666667,5.104166666666667,180.66666666666666,187.625,14.525,0.10541666666666667,0.12541666666666668,19.337500000000002,19.304166666666667,19.7,19.8,0.41575,0.42754166666666665,0.41891666666666666,0.4052083333333334
2022-02-28,b,18.212500000000002,95.08333333333333,17.3625,20.895833333333332,1013.6625,880.525,0.0,94.125,58.958333333333336,42.25,95.33333333333333,168.79166666666666,81.625,87.16666666666667,110.99583333333334,3.029166666666667,5.266666666666667,192.125,255.95833333333334,14.120833333333332,0.11541666666666667,0.1225,19.308333333333334,19.341666666666665,19.633333333333336,19.8,0.41962499999999997,0.42695833333333333,0.4277916666666666,0.4071666666666667
2022-03-02,b,19.120833333333334,91.08333333333333,17.508333333333333,21.287499999999998,1013.9916666666667,880.8874999999999,0.0,84.29166666666667,42.416666666666664,64.875,87.54166666666667,218.04166666666666,127.16666666666667,90.875,155.04166666666666,2.316666666666667,3.7583333333333333,218.29166666666666,220.25,12.754166666666668,0.15,0.23083333333333333,19.983333333333334,19.720833333333335,19.6,19.8,0.41120833333333334,0.4146666666666667,0.431375,0.415875
2022-03-03,b,19.083333333333332,93.04166666666667,17.8625,21.3,1014.3583333333332,881.2916666666666,0.0,88.66666666666667,17.125,78.5,97.45833333333333,164.75,75.375,89.375,91.0625,3.329166666666667,5.8125,142.5,143.66666666666666,11.754166666666668,0.11375,0.18041666666666667,20.375,20.129166666666666,19.650000000000002,19.8,0.4189583333333333,0.4272916666666666,0.43091666666666667,0.41841666666666666
2022-03-04,b,19.425,86.20833333333333,16.870833333333334,21.6875,1013.6416666666668,880.9499999999999,0.0,65.29166666666667,28.666666666666668,25.083333333333332,92.54166666666667,253.875,178.33333333333334,75.54166666666667,234.35416666666666,4.741666666666666,8.033333333333333,134.58333333333334,140.79166666666666,17.583333333333332,0.17458333333333334,0.36125,20.191666666666666,19.995833333333334,19.720833333333335,19.8,0.3914583333333333,0.40199999999999997,0.430375,0.42133333333333334
2022-03-05,b,18.3,93.20833333333333,17.158333333333335,20.854166666666668,1013.5833333333334,880.5791666666668,0.0,90.95833333333333,20.208333333333332,82.08333333333333,99.54166666666667,126.45833333333333,29.333333333333332,97.125,35.24166666666667,4.579166666666667,7.6875,106.625,110.375,15.683333333333332,0.09125,0.15,19.316666666666666,19.779166666666665,19.8,19.8,0.39329166666666665,0.3874166666666667,0.425125,0.422375
2022-03-06,b,18.179166666666667,93.54166666666667,17.041666666666668,21.241666666666667,1013.3166666666666,880.3541666666666,0.0,90.41666666666667,32.291666666666664,80.54166666666667,98.29166666666667,138.125,40.208333333333336,97.91666666666667,48.13333333333333,2.6083333333333334,3.966666666666667,167.66666666666666,149.20833333333334,11.741666666666667,0.09833333333333333,0.15541666666666668,19.4125,19.45,19.724999999999998,19.8,0.40875,0.39475,0.421375,0.423
2022-03-07,b,18.2,96.75,17.670833333333334,21.245833333333334,1013.0083333333333,880.025,0.0,86.79166666666667,44.166666666666664,69.45833333333333,94.95833333333333,126.08333333333333,31.666666666666668,94.41666666666667,36.13333333333333,2.470833333333333,4.25,117.08333333333333,115.66666666666667,10.583333333333334,0.09041666666666666,0.07583333333333334,19.166666666666668,19.3875,19.7,19.8,0.42083333333333334,0.42595833333333327,0.4229583333333333,0.423
2022-03-08,b,18.483333333333334,95.25,17.633333333333333,20.8625,1012.5458333333332,879.4499999999999,0.0,95.125,59.458333333333336,64.0,97.625,95.70833333333333,18.583333333333332,77.125,28.758333333333336,2.4875,4.166666666666667,168.83333333333334,172.875,10.820833333333333,0.06833333333333334,0.12374999999999999,19.508333333333333,19.408333333333335,19.629166666666666,19.8,0.42754166666666665,0.4283333333333333,0.43012500000000004,0.4234583333333333
2022-03-09,b,19.066666666666666,92.79166666666667,17.766666666666666,22.333333333333332,1012.0749999999999,879.6,0.0,78.58333333333333,49.708333333333336,25.666666666666668,88.58333333333333,203.75,113.79166666666667,89.95833333333333,144.0875,2.6750000000000003,3.9875000000000003,204.75,196.70833333333334,12.104166666666666,0.14166666666666666,0.1925,19.929166666666667,19.775000000000002,19.629166666666666,19.8,0.4167083333333333,0.41912499999999997,0.4322916666666667,0.4260833333333333
2022-03-11,b,18.920833333333334,91.70833333333333,17.454166666666666,22.245833333333334,1011.7458333333334,879.3583333333332,0.0,67.0,34.125,33.5,71.41666666666667,197.70833333333334,114.45833333333333,83.25,162.76250000000002,3.6,5.5625,184.20833333333334,179.16666666666666,14.595833333333333,0.13625,0.20958333333333334,19.895833333333332,19.912499999999998,19.7,19.8,0.41533333333333333,0.416375,0.428375,0.428
2022-03-12,b,19.474999999999998,86.66666666666667,17.066666666666666,22.3625,1010.9958333333334,878.8541666666666,0.0,46.916666666666664,21.875,22.458333333333332,45.708333333333336,233.83333333333334,169.25,64.58333333333333,232.475,3.404166666666667,5.8,90.08333333333333,95.58333333333333,13.395833333333334,0.16291666666666668,0.3345833333333333,19.995833333333334,19.841666666666665,19.7125,19.8,0.39937500000000004,0.4033333333333333,0.42524999999999996,0.428
2022-03-13,b,19.416666666666668,84.20833333333333,16.395833333333332,22.599999999999998,1010.8916666666668,878.7291666666666,0.0,66.66666666666667,46.333333333333336,11.708333333333334,62.666666666666664,270.0,206.16666666666666,63.833333333333336,265.46250000000003,2.6750000000000003,4.566666666666666,156.33333333333334,156.75,11.775,0.18666666666666665,0.42291666666666666,20.25,20.0,19.7625,19.8,0.3837083333333333,0.38933333333333336,0.41958333333333336,0.42758333333333337
2022-03-14,b,19.204166666666666,89.66666666666667,17.325,22.22083333333333,1011.6041666666666,879.2375000000001,0.0,85.04166666666667,60.458333333333336,19.708333333333332,86.41666666666667,194.25,101.125,93.125,136.3875,3.1458333333333335,4.875,199.625,191.58333333333334,10.15,0.13416666666666666,0.26666666666666666,20.016666666666666,20.095833333333335,19.8,19.8,0.38775000000000004,0.38679166666666664,0.41283333333333333,0.427
2022-03-16,b,18.870833333333334,93.625,17.729166666666668,22.008333333333336,1011.1041666666666,878.6875,0.0,86.75,52.666666666666664,51.833333333333336,95.70833333333333,153.20833333333334,61.625,91.58333333333333,74.3125,2.6625,4.508333333333334,156.875,156.66666666666666,12.35,0.10875,0.16583333333333333,20.270833333333332,20.229166666666668,19.9,19.8,0.4136666666666667,0.4164999999999999,0.4037916666666667,0.42625
2022-03-17,b,18.941666666666666,97.16666666666667,18.45,20.9875,1011.65,878.875,0.0,96.5,62.166666666666664,87.125,97.91666666666667,115.04166666666667,38.333333333333336,76.70833333333333,44.69583333333333,5.1625000000000005,8.75,187.58333333333334,180.08333333333334,26.724999999999998,0.08375,0.07291666666666667,19.837500000000002,20.004166666666666,19.9,19.8,0.42191666666666666,0.4310833333333333,0.4187916666666667,0.42604166666666665
2022-03-18,b,19.729166666666668,82.66666666666667,16.466666666666665,19.9875,1011.5416666666666,878.775,0.0,73.70833333333333,11.458333333333334,59.958333333333336,93.875,209.08333333333334,98.08333333333333,111.0,126.00416666666666,7.020833333333333,11.862499999999999,206.04166666666666,203.375,32.525,0.14166666666666666,0.45166666666666666,20.212500000000002,19.954166666666666,19.9,19.8,0.4054583333333333,0.40762499999999996,0.43287499999999995,0.42841666666666667
2022-03-19,b,20.116666666666667,79.08333333333333,16.162499999999998,21.391666666666666,1011.1625,878.9375,0.0,68.29166666666667,23.416666666666668,45.833333333333336,65.66666666666667,235.25,140.29166666666666,94.95833333333333,194.8166666666667,8.762500000000001,14.491666666666667,215.54166666666666,214.70833333333334,29.141666666666666,0.15833333333333333,0.54625,20.683333333333334,20.3125,19.925,19.8,0.38808333333333334,0.39037499999999997,0.42650000000000005,0.429
2022-03-20,b,19.966666666666665,84.20833333333333,17.037499999999998,21.066666666666666,1011.9791666666666,879.3833333333333,0.0,90.20833333333333,49.166666666666664,48.5,97.25,232.45833333333334,157.79166666666666,74.66666666666667,198.96666666666667,8.700000000000001,14.204166666666667,219.58333333333334,219.83333333333334,29.804166666666664,0.15041666666666667,0.41625,20.787499999999998,20.599999999999998,20.016666666666666,19.8,0.3890833333333333,0.380125,0.41887499999999994,0.42854166666666665
2022-03-21,b,20.175,83.58333333333333,17.091666666666665,21.320833333333333,1013.1833333333334,880.3874999999999,0.0,65.08333333333333,20.541666666666668,33.708333333333336,88.66666666666667,246.04166666666666,153.29166666666666,92.75,186.72916666666666,5.504166666666666,9.491666666666667,222.25,219.45833333333334,27.054166666666664,0.16291666666666668,0.44625000000000004,20.95,20.666666666666668,20.1,19.8,0.3875,0.38070833333333337,0.41112499999999996,0.428
2022-03-22,b,19.704166666666666,84.04166666666667,16.675,22.004166666666666,1013.4833333333332,880.9958333333334,0.0,46.0,11.333333333333334,16.125,86.91666666666667,235.375,118.20833333333333,117.16666666666667,167.9875,5.2250000000000005,8.695833333333333,219.33333333333334,216.54166666666666,19.3875,0.16416666666666666,0.4266666666666667,20.529166666666665,20.516666666666666,20.158333333333335,19.8,0.37775000000000003,0.37575000000000003,0.4034583333333333,0.42758333333333337
2022-03-23,b,19.983333333333334,85.04166666666667,17.141666666666666,22.733333333333334,1013.1458333333334,880.8791666666666,0.0,58.916666666666664,19.208333333333332,29.041666666666668,82.375,250.875,152.375,98.5,189.8083333333333,4.479166666666667,6.554166666666667,219.29166666666666,213.04166666666666,15.0,0.17708333333333334,0.4066666666666667,20.858333333333334,20.662499999999998,20.2,19.8,0.3677916666666667,0.36954166666666666,0.39595833333333336,0.427
2022-03-24,b,20.0625,84.83333333333333,17.1875,23.183333333333334,1012.75,880.525,0.0,69.79166666666667,40.083333333333336,37.916666666666664,55.041666666666664,262.4583333333333,199.875,62.583333333333336,252.11249999999998,2.1041666666666665,3.6916666666666664,221.04166666666666,214.70833333333334,11.674999999999999,0.18500000000000003,0.41791666666666666,21.05,20.8,20.233333333333334,19.8,0.3607916666666666,0.3632916666666666,0.38875,0.4260833333333333
2022-03-25,b,19.783333333333335,86.16666666666667,17.195833333333333,23.016666666666666,1013.5958333333333,881.3291666666668,0.0,55.041666666666664,34.666666666666664,24.958333333333332,30.875,258.6666666666667,197.29166666666666,61.375,271.72499999999997,2.3541666666666665,3.9791666666666665,212.5,198.125,10.295833333333333,0.17958333333333332,0.3725,20.733333333333334,20.666666666666668,20.3,19.8,0.3578333333333333,0.3577916666666667,0.3819166666666667,0.4254166666666666
2022-03-26,b,20.287499999999998,83.25,16.991666666666667,23.133333333333336,1014.725,882.3208333333333,0.0,44.25,29.541666666666668,17.833333333333332,23.166666666666668,287.6666666666667,235.375,52.291666666666664,315.97499999999997,2.9791666666666665,4.9375,238.29166666666666,229.79166666666666,12.637500000000001,0.20083333333333334,0.48291666666666666,21.1875,20.854166666666668,20.320833333333333,19.8,0.35262499999999997,0.35320833333333335,0.3755,0.42454166666666665
2022-03-27,b,19.941666666666666,78.41666666666667,15.558333333333332,21.46666666666667,1014.7083333333334,881.9458333333333,0.0,30.5,19.75,11.0,20.375,304.6666666666667,259.5416666666667,45.125,345.825,3.466666666666667,5.583333333333333,195.125,175.5,13.366666666666667,0.21041666666666667,0.6004166666666667,21.1875,20.995833333333334,20.4,19.837500000000002,0.34025,0.346125,0.369125,0.42358333333333337
2022-03-28,b,19.104166666666668,83.70833333333333,15.995833333333332,21.625,1013.7833333333333,881.1791666666667,0.0,24.75,10.041666666666666,19.0,13.833333333333334,284.75,229.45833333333334,55.291666666666664,301.6041666666667,3.204166666666667,5.270833333333333,159.54166666666666,171.95833333333334,12.700000000000001,0.19999999999999998,0.43583333333333335,20.245833333333334,20.541666666666668,20.4,19.9,0.34287500000000004,0.33970833333333333,0.36320833333333336,0.4225833333333333
2022-03-29,b,19.295833333333334,87.29166666666667,16.958333333333332,22.05,1013.5333333333333,880.7791666666667,0.0,62.708333333333336,42.0,20.75,41.458333333333336,248.83333333333334,183.625,65.20833333333333,242.7541666666667,2.6999999999999997,3.6958333333333333,196.41666666666666,129.79166666666666,11.116666666666667,0.17041666666666666,0.33666666666666667,20.245833333333334,20.358333333333334,20.4,19.9,0.365875,0.34604166666666664,0.35791666666666666,0.42162499999999997
2022-03-30,b,19.095833333333335,89.75,17.2625,21.9875,1013.1416666666668,880.5124999999999,0.0,74.33333333333333,57.291666666666664,20.208333333333332,35.5,208.5,138.79166666666666,69.70833333333333,181.85416666666666,2.891666666666667,4.6125,218.83333333333334,172.33333333333334,12.854166666666666,0.14666666666666667,0.26458333333333334,20.104166666666668,20.245833333333334,20.337500000000002,19.9,0.377,0.36270833333333335,0.35379166666666667,0.4207916666666667
2022-03-31,b,19.1125,90.83333333333333,17.5125,21.554166666666664,1013.9833333333332,881.0291666666667,0.0,81.66666666666667,47.625,35.333333333333336,82.20833333333333,203.04166666666666,109.54166666666667,93.5,158.10416666666666,3.295833333333333,5.083333333333333,197.79166666666666,193.70833333333334,11.604166666666666,0.1366666666666667,0.22833333333333336,20.170833333333334,20.150000000000002,20.3,19.9,0.3942083333333333,0.3782083333333333,0.35062499999999996,0.42
2022-04-01,b,19.48333333333333,88.20833333333333,17.370833333333334,22.508333333333336,1013.6750000000001,881.0958333333333,0.0,66.04166666666667,38.875,19.708333333333332,66.54166666666667,239.625,169.625,70.0,227.73749999999998,2.558333333333333,3.8708333333333336,163.625,162.66666666666666,10.341666666666667,0.16458333333333333,0.29791666666666666,20.604166666666668,20.445833333333333,20.3,19.9,0.40170833333333333,0.399,0.3497083333333333,0.419
2022-04-02,b,19.333333333333332,88.75,17.345833333333335,22.291666666666668,1014.3166666666666,881.6916666666666,0.0,66.0,35.291666666666664,14.083333333333334,88.66666666666667,211.95833333333334,107.66666666666667,104.29166666666667,141.29166666666666,3.4166666666666665,5.845833333333334,199.66666666666666,197.79166666666666,13.341666666666667,0.14791666666666667,0.27958333333333335,20.349999999999998,20.429166666666667,20.3,19.9,0.40958333333333335,0.409125,0.350875,0.4182916666666667
2022-04-03,b,18.4875,92.70833333333333,17.212500000000002,20.654166666666665,1014.2541666666666,881.2125,0.0,87.5,31.25,62.583333333333336,92.125,153.20833333333334,58.958333333333336,94.25,80.71249999999999,4.395833333333333,7.175,210.83333333333334,205.375,15.008333333333333,0.11083333333333334,0.1758333333333333,19.808333333333334,20.1125,20.3,19.9,0.41483333333333333,0.41516666666666663,0.3557916666666667,0.41758333333333336
2022-04-04,b,18.716666666666665,91.58333333333333,17.150000000000002,21.358333333333334,1014.3708333333334,881.375,0.0,84.70833333333333,39.375,57.916666666666664,77.08333333333333,194.58333333333334,93.66666666666667,100.91666666666667,113.10000000000001,3.15,5.3125,162.66666666666666,169.70833333333334,11.158333333333333,0.1366666666666667,0.21958333333333332,20.116666666666667,19.995833333333334,20.2,19.9,0.42225,0.41966666666666663,0.36120833333333335,0.417
2022-04-05,b,19.4375,87.16666666666667,17.1375,21.325,1015.4166666666666,882.3541666666666,0.0,87.70833333333333,44.083333333333336,44.25,93.70833333333333,202.91666666666666,91.66666666666667,111.25,119.34166666666665,3.6999999999999997,5.908333333333334,205.04166666666666,200.375,14.233333333333334,0.14083333333333334,0.31708333333333333,20.45,20.329166666666666,20.2,19.9,0.407125,0.4129583333333333,0.36720833333333336,0.4163333333333333
2022-04-06,b,18.883333333333333,93.0,17.654166666666665,21.77916666666667,1015.1999999999999,882.2541666666666,0.0,88.16666666666667,39.208333333333336,72.41666666666667,76.125,184.20833333333334,98.91666666666667,85.29166666666667,123.12083333333334,3.4916666666666667,5.6875,178.20833333333334,178.91666666666666,11.966666666666667,0.12791666666666665,0.17125,20.370833333333334,20.358333333333334,20.2,19.9,0.41,0.40795833333333337,0.36837499999999995,0.416
2022-04-08,b,19.0,91.91666666666667,17.529166666666665,21.34583333333333,1014.1791666666667,881.3208333333333,0.0,85.41666666666667,17.125,81.16666666666667,86.75,158.04166666666666,54.666666666666664,103.375,72.41250000000001,3.266666666666666,5.016666666666667,189.08333333333334,189.45833333333334,13.483333333333334,0.115,0.2091666666666667,20.070833333333333,20.133333333333333,20.2,19.9625,0.41795833333333327,0.42074999999999996,0.38008333333333333,0.415
2022-04-09,b,19.2875,93.33333333333333,18.116666666666667,21.5625,1013.7541666666666,880.8291666666668,0.0,81.70833333333333,22.583333333333332,60.75,93.91666666666667,184.08333333333334,74.25,109.83333333333333,99.17916666666667,2.766666666666667,4.0625,150.125,145.66666666666666,10.375,0.12625,0.1708333333333333,20.6875,20.4375,20.2,20.0,0.42049999999999993,0.423625,0.3864166666666667,0.415
2022-04-10,b,19.533333333333335,89.58333333333333,17.704166666666666,21.825,1013.3458333333333,880.4958333333334,0.0,83.45833333333333,38.041666666666664,43.333333333333336,96.45833333333333,179.45833333333334,76.5,102.95833333333333,98.87083333333334,2.566666666666667,3.9166666666666665,183.75,179.875,10.924999999999999,0.125,0.26125000000000004,20.325,20.379166666666666,20.2,20.0,0.40845833333333337,0.41791666666666666,0.39287500000000003,0.4144583333333333
2022-04-11,b,18.241666666666667,97.66666666666667,17.841666666666665,20.679166666666667,1013.5583333333334,880.3458333333333,0.0,93.45833333333333,44.416666666666664,59.041666666666664,94.625,92.25,17.833333333333332,74.41666666666667,22.583333333333332,3.045833333333333,4.675,222.70833333333334,226.20833333333334,11.516666666666666,0.0675,0.056666666666666664,19.445833333333333,19.895833333333332,20.2,20.0,0.42216666666666663,0.42591666666666667,0.40479166666666666,0.414
2022-04-12,b,19.191666666666666,89.33333333333333,17.287499999999998,21.791666666666668,1012.3541666666666,879.8874999999999,0.0,57.041666666666664,17.25,33.125,72.08333333333333,208.625,117.375,91.25,160.74166666666667,2.775,4.095833333333333,214.54166666666666,193.83333333333334,12.424999999999999,0.14666666666666667,0.26916666666666667,20.416666666666668,20.087500000000002,20.120833333333334,20.0,0.4163333333333333,0.4210833333333333,0.4186666666666667,0.4145833333333333
2022-04-13,b,18.954166666666666,90.5,17.241666666666667,21.97083333333333,1012.1916666666666,879.6999999999999,0.0,58.958333333333336,33.916666666666664,19.833333333333332,66.91666666666667,206.5,134.25,72.25,188.2125,3.266666666666666,4.675,215.625,205.5,13.583333333333334,0.14333333333333334,0.24083333333333334,20.05,20.162499999999998,20.1125,20.0,0.4149583333333333,0.42191666666666666,0.4190833333333333,0.415
2022-04-14,b,18.974999999999998,90.625,17.258333333333333,22.28333333333333,1011.9333333333334,879.5749999999999,0.0,75.91666666666667,46.791666666666664,14.166666666666666,93.91666666666667,222.375,145.41666666666666,76.95833333333333,184.72916666666666,2.3916666666666666,4.654166666666667,219.95833333333334,203.625,12.254166666666668,0.15625,0.25125000000000003,20.045833333333334,20.033333333333335,20.1,20.0,0.41391666666666665,0.4237916666666666,0.4222083333333333,0.41520833333333335
2022-04-16,b,19.445833333333333,90.83333333333333,17.841666666666665,23.233333333333334,1011.6708333333332,879.6666666666666,0.0,61.208333333333336,28.0,11.666666666666666,98.08333333333333,163.45833333333334,47.333333333333336,116.125,65.47916666666667,3.0833333333333335,4.354166666666667,231.875,227.20833333333334,10.816666666666668,0.11791666666666667,0.22875,20.2125,20.212500000000002,20.1,20.0,0.4088333333333333,0.4157916666666666,0.4262916666666667,0.41795833333333327
2022-04-17,b,19.970833333333335,90.83333333333333,18.341666666666665,23.275000000000002,1011.5958333333333,879.5166666666668,0.0,86.58333333333333,66.79166666666667,31.875,96.25,171.375,74.33333333333333,97.04166666666667,105.58749999999999,2.470833333333333,3.7125,113.33333333333333,88.58333333333333,11.545833333333334,0.12125000000000001,0.24250000000000002,20.349999999999998,20.2375,20.108333333333334,20.0,0.4145833333333333,0.41158333333333336,0.4242916666666667,0.419
2022-04-18,b,19.333333333333332,91.45833333333333,17.854166666666668,22.09583333333333,1012.9333333333334,880.2624999999999,0.0,82.75,33.708333333333336,56.75,98.95833333333333,145.79166666666666,50.208333333333336,95.58333333333333,68.90833333333333,2.779166666666667,3.920833333333333,133.58333333333334,143.20833333333334,11.887500000000001,0.10375000000000001,0.20458333333333334,20.045833333333334,20.216666666666665,20.145833333333332,20.0,0.4134583333333333,0.4122083333333333,0.42254166666666665,0.41962499999999997
2022-04-19,b,18.791666666666668,93.91666666666667,17.708333333333332,22.391666666666666,1013.6666666666666,881.0,0.0,86.625,31.291666666666668,79.95833333333333,85.79166666666667,158.04166666666666,73.54166666666667,84.5,97.42500000000001,2.6458333333333335,4.2625,173.45833333333334,190.70833333333334,11.070833333333333,0.1125,0.15458333333333332,19.970833333333335,20.020833333333332,20.1125,20.0,0.42154166666666665,0.42191666666666666,0.4229583333333333,0.42
2022-04-20,b,18.525000000000002,98.625,18.287499999999998,21.679166666666664,1013.6291666666666,880.7333333333332,0.0,88.25,46.083333333333336,62.375,99.29166666666667,70.41666666666667,5.166666666666667,65.25,6.866666666666667,2.370833333333333,4.1625000000000005,232.33333333333334,219.0,11.395833333333334,0.05541666666666667,0.03375,19.466666666666665,19.775000000000002,20.1,20.0,0.423,0.4291666666666667,0.43483333333333335,0.4225833333333333
2022-04-21,b,19.179166666666667,91.45833333333333,17.658333333333335,21.96666666666667,1012.5375,879.9708333333333,0.0,70.45833333333333,39.416666666666664,24.083333333333332,96.0,153.70833333333334,32.833333333333336,120.875,43.18333333333334,2.3208333333333333,3.4166666666666665,195.41666666666666,199.75,9.333333333333334,0.11,0.2141666666666667,19.954166666666666,19.795833333333334,20.016666666666666,20.0,0.402375,0.40395833333333336,0.43216666666666664,0.42733333333333334
2022-04-22,b,19.425,91.33333333333333,17.912499999999998,23.483333333333334,1012.5041666666666,880.3791666666666,0.0,81.875,56.75,12.083333333333334,93.79166666666667,206.58333333333334,122.54166666666667,84.04166666666667,156.04166666666666,2.6166666666666667,3.9,145.29166666666666,154.91666666666666,10.858333333333334,0.14583333333333334,0.21833333333333335,20.420833333333334,20.233333333333334,20.0125,20.0,0.3990416666666667,0.394375,0.426625,0.428
2022-04-23,b,20.083333333333332,89.70833333333333,18.25,22.72083333333333,1012.6083333333332,880.1708333333332,0.0,87.41666666666667,46.958333333333336,45.041666666666664,97.95833333333333,195.875,102.66666666666667,93.20833333333333,143.77083333333334,2.5791666666666666,3.8666666666666667,174.66666666666666,159.66666666666666,10.654166666666667,0.13166666666666668,0.27499999999999997,20.75,20.395833333333332,20.07916666666667,20.0,0.39625,0.3979166666666667,0.42170833333333335,0.428
2022-04-24,b,20.104166666666668,86.58333333333333,17.579166666666666,23.320833333333336,1011.4625,879.4375,0.0,68.91666666666667,42.291666666666664,12.25,78.91666666666667,224.625,149.33333333333334,75.29166666666667,192.83333333333334,2.4,3.4625,184.75,192.83333333333334,10.737499999999999,0.15791666666666668,0.36625,20.8875,20.691666666666666,20.129166666666666,20.0,0.3930416666666667,0.388875,0.41558333333333336,0.427375
2022-04-25,b,19.666666666666668,87.54166666666667,17.408333333333335,22.40416666666667,1011.6374999999999,879.2875,0.0,55.125,22.083333333333332,14.083333333333334,94.04166666666667,207.125,128.58333333333334,78.54166666666667,184.86666666666667,2.504166666666667,3.8083333333333336,232.04166666666666,203.95833333333334,12.854166666666666,0.14291666666666666,0.325,20.587500000000002,20.570833333333333,20.2,20.0,0.4020416666666667,0.3907083333333334,0.40912499999999996,0.427
2022-04-26,b,19.579166666666666,89.375,17.629166666666666,21.675,1012.4291666666667,879.7291666666666,0.0,77.95833333333333,21.458333333333332,54.5,98.29166666666667,185.875,82.45833333333333,103.41666666666667,104.175,3.2916666666666665,4.958333333333333,209.20833333333334,205.875,13.504166666666668,0.12791666666666665,0.28625,20.658333333333335,20.558333333333334,20.229166666666668,20.0,0.40595833333333337,0.398125,0.4031666666666667,0.4265833333333333
2022-04-27,b,20.2375,88.625,18.166666666666668,23.383333333333336,1011.4416666666666,879.4208333333332,0.0,83.125,56.375,20.541666666666668,93.29166666666667,212.125,132.58333333333334,79.54166666666667,167.01666666666668,2.7583333333333333,4.429166666666666,132.58333333333334,124.16666666666667,12.379166666666668,0.15041666666666667,0.31083333333333335,21.125,20.779166666666665,20.3,20.0,0.4117916666666666,0.41225,0.3987083333333334,0.426
2022-04-28,b,20.400000000000002,88.75,18.354166666666668,23.233333333333334,1012.2291666666666,880.0541666666667,0.0,81.33333333333333,55.958333333333336,14.125,96.45833333333333,194.5,77.5,117.0,104.07083333333333,3.0541666666666667,5.129166666666667,220.625,216.83333333333334,11.279166666666667,0.13458333333333333,0.3075,21.1375,20.916666666666668,20.3875,20.0,0.40720833333333334,0.41479166666666667,0.3975,0.42554166666666665
2022-04-29,b,19.941666666666666,87.83333333333333,17.70416666666667,23.208333333333332,1012.3541666666666,880.2791666666667,0.0,71.54166666666667,47.041666666666664,23.833333333333332,61.291666666666664,195.33333333333334,110.875,84.45833333333333,150.41666666666666,3.641666666666667,5.595833333333334,195.29166666666666,194.66666666666666,13.470833333333333,0.13875,0.32208333333333333,20.820833333333333,20.808333333333334,20.412499999999998,20.0,0.401,0.40491666666666665,0.3945,0.425
2022-04-30,b,19.541666666666668,91.29166666666667,18.054166666666667,23.0,1011.8083333333334,879.6458333333334,0.0,69.45833333333333,39.333333333333336,21.625,85.125,161.54166666666666,54.666666666666664,106.875,73.9625,3.3666666666666667,4.866666666666666,207.45833333333334,206.25,12.9125,0.1175,0.21375,20.541666666666668,20.625,20.454166666666666,20.0,0.40116666666666667,0.400625,0.3906666666666667,0.424375
2022-05-01,b,19.566666666666666,89.95833333333333,17.766666666666666,21.770833333333332,1011.3916666666668,878.9708333333333,0.0,73.79166666666667,37.208333333333336,50.583333333333336,94.5,184.41666666666666,86.58333333333333,97.83333333333333,125.34166666666665,4.120833333333334,6.129166666666666,216.375,222.45833333333334,14.708333333333334,0.12833333333333333,0.25958333333333333,20.625,20.604166666666668,20.45,20.066666666666666,0.4041666666666666,0.39958333333333335,0.38695833333333335,0.424
2022-05-02,b,19.366666666666667,93.625,18.241666666666667,21.308333333333334,1011.5583333333334,878.9875000000001,0.0,97.41666666666667,49.291666666666664,90.25,99.41666666666667,135.08333333333334,54.25,80.83333333333333,67.89999999999999,4.333333333333333,6.970833333333334,232.16666666666666,230.29166666666666,20.6375,0.09791666666666667,0.16833333333333333,20.425,20.483333333333334,20.425,20.1,0.422375,0.4154166666666667,0.386125,0.4230833333333333
2022-05-03,b,19.554166666666667,92.95833333333333,18.291666666666668,20.45,1012.7375000000001,879.7624999999999,0.0,95.25,46.625,79.5,97.08333333333333,131.45833333333334,34.041666666666664,97.41666666666667,46.73333333333333,5.904166666666666,9.933333333333334,220.58333333333334,214.91666666666666,26.96666666666667,0.09166666666666667,0.18583333333333332,20.325,20.408333333333335,20.4,20.1,0.419,0.4272916666666666,0.40758333333333335,0.423
2022-05-04,b,19.275000000000002,89.83333333333333,17.404166666666665,21.191666666666666,1012.4208333333332,879.8208333333333,0.0,67.75,19.833333333333332,41.208333333333336,99.875,167.625,57.291666666666664,110.33333333333333,75.8875,6.9875,11.700000000000001,219.66666666666666,218.04166666666666,29.933333333333334,0.11416666666666665,0.26875,20.2375,20.245833333333334,20.4,20.1,0.41691666666666666,0.42004166666666665,0.411375,0.423
2022-05-05,b,19.470833333333335,93.20833333333333,18.245833333333334,21.433333333333334,1011.4166666666666,878.9166666666666,0.0,99.20833333333333,61.0,87.41666666666667,99.66666666666667,172.375,85.875,86.5,110.71666666666665,6.983333333333333,11.483333333333334,222.375,224.0,27.454166666666666,0.11708333333333333,0.18375,20.416666666666668,20.404166666666665,20.370833333333334,20.1,0.418125,0.42083333333333334,0.41083333333333333,0.42250000000000004
2022-05-06,b,19.779166666666665,93.04166666666667,18.529166666666665,21.208333333333332,1010.3874999999999,877.9250000000001,0.0,100.0,68.58333333333333,81.41666666666667,99.5,103.04166666666667,29.75,73.29166666666667,36.0625,7.25,11.525,222.875,223.75,27.84583333333333,0.07333333333333333,0.18166666666666667,20.337500000000002,20.341666666666665,20.341666666666665,20.1,0.41441666666666666,0.41970833333333335,0.412375,0.422
2022-05-07,b,19.929166666666667,92.125,18.495833333333334,22.03333333333333,1010.2375000000001,878.0666666666666,0.0,98.04166666666667,56.458333333333336,85.75,99.75,122.08333333333333,42.541666666666664,79.54166666666667,56.7875,6.495833333333334,10.5375,227.125,230.25,26.275000000000002,0.08833333333333333,0.21041666666666667,20.533333333333335,20.429166666666667,20.3125,20.1,0.4189583333333333,0.42650000000000005,0.42124999999999996,0.422
2022-05-08,b,19.895833333333332,92.54166666666667,18.583333333333332,22.162499999999998,1010.2291666666666,878.0416666666666,0.0,85.91666666666667,44.333333333333336,58.875,99.25,120.04166666666667,25.708333333333332,94.33333333333333,32.420833333333334,5.116666666666666,8.4625,226.58333333333334,226.83333333333334,20.8125,0.08666666666666667,0.19375,20.454166666666666,20.475,20.345833333333335,20.1,0.4205833333333333,0.4207916666666667,0.424625,0.4227916666666667
2022-05-09,b,19.845833333333335,91.29166666666667,18.320833333333333,23.166666666666668,1010.8666666666667,878.9333333333334,0.0,76.04166666666667,39.458333333333336,23.041666666666668,100.0,133.75,36.458333333333336,97.29166666666667,49.083333333333336,3.8041666666666667,6.2250000000000005,231.54166666666666,226.0,14.933333333333332,0.09833333333333334,0.22166666666666668,20.545833333333334,20.462500000000002,20.345833333333335,20.1,0.40975,0.4129583333333333,0.42354166666666665,0.423
2022-05-10,b,20.683333333333334,86.54166666666667,18.2375,23.325,1011.4083333333333,879.5333333333333,0.0,49.458333333333336,15.125,18.541666666666668,82.33333333333333,219.04166666666666,143.66666666666666,75.375,192.22916666666666,5.383333333333333,8.4625,228.16666666666666,221.04166666666666,20.233333333333334,0.15416666666666667,0.3658333333333333,21.125,20.754166666666666,20.379166666666666,20.1,0.40720833333333334,0.40537500000000004,0.4218333333333333,0.423
2022-05-11,b,20.05,87.08333333333333,17.758333333333333,20.650000000000002,1012.9208333333332,880.1708333333332,0.0,62.125,15.416666666666666,40.333333333333336,79.95833333333333,164.08333333333334,60.291666666666664,103.79166666666667,77.82083333333334,7.183333333333334,11.904166666666667,217.25,213.41666666666666,24.837500000000002,0.1175,0.32583333333333336,20.8125,20.804166666666667,20.412499999999998,20.1,0.40650000000000003,0.40245833333333336,0.4190416666666667,0.423
2022-05-12,b,20.529166666666665,81.91666666666667,17.116666666666667,21.4875,1013.25,880.6999999999999,0.0,54.125,13.25,42.75,56.25,267.2083333333333,212.58333333333334,54.625,295.9291666666667,6.958333333333333,11.316666666666668,220.58333333333334,216.75,27.758333333333336,0.17875,0.4891666666666667,21.195833333333333,20.883333333333333,20.474999999999998,20.1,0.3940416666666667,0.3972083333333334,0.4155,0.422375
2022-05-13,b,20.7,84.66666666666667,17.779166666666665,23.641666666666666,1012.625,880.7333333333332,0.0,34.958333333333336,10.583333333333334,12.833333333333334,59.666666666666664,270.0833333333333,215.41666666666666,54.666666666666664,291.1791666666667,3.154166666666667,4.970833333333333,200.08333333333334,194.04166666666666,14.458333333333334,0.18916666666666668,0.43291666666666667,21.412499999999998,21.108333333333334,20.520833333333332,20.1,0.38445833333333335,0.38691666666666663,0.41087499999999993,0.422
2022-05-14,b,20.5125,88.625,18.445833333333333,23.916666666666668,1012.7208333333333,880.7708333333334,0.0,61.333333333333336,48.708333333333336,11.5,45.541666666666664,226.04166666666666,153.66666666666666,72.375,220.88333333333333,2.779166666666667,4.8625,155.75,152.29166666666666,12.674999999999999,0.15875,0.3154166666666667,21.445833333333336,21.254166666666666,20.608333333333334,20.1,0.37995833333333334,0.37879166666666664,0.4057916666666667,0.42195833333333327
2022-05-15,b,20.095833333333335,92.375,18.758333333333333,23.6375,1014.1958333333333,881.8125,0.0,71.41666666666667,41.416666666666664,18.625,91.375,166.58333333333334,69.75,96.83333333333333,98.56666666666666,2.9958333333333336,4.458333333333333,214.33333333333334,207.5,12.6625,0.11791666666666667,0.20125,21.308333333333334,21.224999999999998,20.7,20.195833333333333,0.40375,0.40008333333333335,0.40162500000000007,0.421
2022-05-16,b,19.133333333333333,95.25,18.354166666666668,21.420833333333334,1014.5833333333334,881.5625,0.0,97.91666666666667,37.208333333333336,76.0,96.5,94.625,6.5,88.125,8.7875,3.720833333333333,6.558333333333334,219.45833333333334,220.29166666666666,15.075000000000001,0.06958333333333333,0.1075,20.3,20.716666666666665,20.7,20.2,0.40408333333333335,0.40887499999999993,0.3998333333333333,0.421
2022-05-17,b,20.4875,82.5,17.150000000000002,22.537499999999998,1013.2291666666666,880.9583333333334,0.0,51.666666666666664,6.25,34.5,84.70833333333333,274.75,208.79166666666666,65.95833333333333,285.925,4.091666666666667,6.129166666666666,219.29166666666666,218.08333333333334,17.275000000000002,0.19333333333333333,0.49125,21.075,20.650000000000002,20.6375,20.2,0.3939166666666667,0.40216666666666673,0.39737500000000003,0.4209583333333333
2022-05-18,b,20.416666666666668,83.95833333333333,17.291666666666668,22.525000000000002,1014.0333333333333,881.5875,0.0,58.5,30.458333333333332,11.708333333333334,90.375,258.25,184.95833333333334,73.29166666666667,246.1208333333333,2.4458333333333333,4.0874999999999995,230.91666666666666,227.66666666666666,13.8375,0.18000000000000002,0.45208333333333334,21.287499999999998,21.087500000000002,20.683333333333334,20.2,0.38575000000000004,0.3927083333333334,0.3932083333333334,0.42
2022-05-19,b,19.650000000000002,91.5,18.1125,22.520833333333332,1014.9375,882.1666666666666,0.0,75.20833333333333,40.583333333333336,54.375,67.5,181.20833333333334,102.16666666666667,79.04166666666667,148.22916666666666,1.8166666666666667,2.9916666666666667,170.33333333333334,160.16666666666666,8.891666666666667,0.12541666666666668,0.22583333333333333,20.879166666666666,21.037499999999998,20.7,20.2,0.4010416666666667,0.396375,0.38925000000000004,0.42
2022-05-20,b,19.625,89.875,17.8125,22.8625,1014.1041666666666,881.6083333333332,0.0,90.16666666666667,54.083333333333336,40.791666666666664,83.75,209.16666666666666,139.25,69.91666666666667,197.17083333333335,2.4375,3.795833333333333,196.58333333333334,197.91666666666666,10.004166666666666,0.14625,0.26833333333333337,20.741666666666667,20.712500000000002,20.7,20.2,0.40758333333333335,0.4093333333333333,0.3884166666666667,0.41912499999999997
2022-05-21,b,20.150000000000002,88.125,17.991666666666667,23.354166666666668,1013.0,880.7708333333334,0.0,74.875,46.125,35.375,62.0,213.0,151.125,61.875,224.275,2.7624999999999997,4.229166666666667,199.83333333333334,200.20833333333334,11.070833333333333,0.14708333333333334,0.31625000000000003,20.991666666666667,20.879166666666666,20.7,20.2,0.405375,0.40399999999999997,0.38679166666666664,0.419
2022-05-22,b,19.841666666666665,89.70833333333333,17.9375,21.875,1011.4833333333332,879.0291666666667,0.0,76.16666666666667,38.416666666666664,34.375,76.58333333333333,223.54166666666666,162.0,61.541666666666664,211.73749999999998,4.891666666666667,7.158333333333334,222.08333333333334,222.45833333333334,16.075,0.15,0.28791666666666665,20.979166666666668,20.8625,20.7,20.2,0.40445833333333336,0.40537500000000004,0.38516666666666666,0.418375
2022-05-23,b,19.995833333333334,91.79166666666667,18.504166666666666,23.245833333333334,1011.3874999999999,879.3166666666666,0.0,79.125,31.666666666666668,39.625,97.625,183.75,78.25,105.5,102.82083333333333,2.841666666666667,4.1499999999999995,220.70833333333334,216.33333333333334,10.975,0.12958333333333336,0.22458333333333333,21.10833333333333,21.020833333333332,20.7,20.2,0.4089583333333333,0.41041666666666665,0.385,0.418
2022-05-24,b,19.904166666666665,90.875,18.229166666666668,23.120833333333334,1013.5749999999999,881.2583333333333,0.0,89.16666666666667,42.458333333333336,46.708333333333336,91.875,164.125,60.416666666666664,103.70833333333333,88.60000000000001,2.970833333333333,5.254166666666666,193.29166666666666,194.41666666666666,11.316666666666668,0.11666666666666668,0.24791666666666667,21.07916666666667,20.979166666666668,20.7,20.275000000000002,0.4170416666666667,0.41566666666666663,0.38562500000000005,0.41758333333333336
2022-05-25,b,18.837500000000002,94.08333333333333,17.829166666666666,20.954166666666666,1015.2041666666668,881.9541666666668,0.0,88.16666666666667,19.25,72.5,99.45833333333333,123.75,30.833333333333332,92.91666666666667,36.6875,2.9333333333333336,4.779166666666667,231.33333333333334,195.29166666666666,12.316666666666668,0.08666666666666667,0.14083333333333334,20.1125,20.583333333333332,20.7,20.3,0.42158333333333337,0.4240833333333333,0.3915,0.417
2022-05-26,b,19.9375,84.45833333333333,17.070833333333333,22.179166666666664,1013.4250000000001,880.9833333333332,0.0,67.375,14.541666666666666,43.208333333333336,94.16666666666667,201.0,92.70833333333333,108.29166666666667,126.65416666666665,3.1999999999999997,4.870833333333334,209.20833333333334,187.79166666666666,13.945833333333333,0.14041666666666666,0.40458333333333335,20.575,20.325,20.629166666666666,20.3,0.3997916666666667,0.411875,0.39445833333333336,0.417
2022-05-27,b,19.966666666666665,85.875,17.329166666666666,22.129166666666666,1012.5791666666668,880.2041666666668,0.0,53.75,25.375,8.833333333333334,85.16666666666667,244.58333333333334,170.125,74.45833333333333,241.1,4.370833333333334,6.583333333333333,240.29166666666666,213.41666666666666,17.804166666666667,0.16749999999999998,0.38083333333333336,20.958333333333332,20.849999999999998,20.6,20.3,0.3902916666666667,0.3982916666666667,0.39254166666666673,0.4164999999999999
2022-05-28,b,19.8625,81.95833333333333,16.441666666666666,20.25,1013.2291666666666,880.3041666666667,0.0,44.083333333333336,15.916666666666666,9.333333333333334,80.25,254.125,198.16666666666666,55.958333333333336,273.59583333333336,8.237499999999999,13.645833333333334,218.5,217.625,26.670833333333334,0.1625,0.4816666666666667,20.891666666666666,20.787499999999998,20.6,20.3,0.38395833333333335,0.39083333333333337,0.389375,0.416
2022-05-29,b,19.691666666666666,81.70833333333333,16.275000000000002,20.8625,1012.6416666666668,880.0333333333333,0.0,65.41666666666667,11.0,45.166666666666664,94.625,243.125,163.29166666666666,79.83333333333333,217.625,7.791666666666667,13.120833333333332,213.54166666666666,210.20833333333334,29.445833333333336,0.16166666666666665,0.47125,20.804166666666667,20.791666666666668,20.629166666666666,20.3,0.36991666666666667,0.3814583333333333,0.38554166666666667,0.41558333333333336
2022-05-31,b,19.8,81.875,16.366666666666667,21.154166666666665,1011.5708333333333,879.1583333333333,0.0,51.625,27.708333333333332,24.666666666666668,69.66666666666667,250.125,178.91666666666666,71.20833333333333,247.1833333333333,6.0125,9.029166666666667,242.04166666666666,275.375,21.224999999999998,0.17166666666666666,0.4779166666666667,20.7375,20.733333333333334,20.6,20.3,0.35520833333333335,0.3629166666666666,0.37733333333333335,0.41450000000000004
2022-06-01,b,19.375,88.70833333333333,17.395833333333332,20.8,1012.4458333333333,879.6708333333332,0.0,74.625,37.583333333333336,30.875,87.5,162.33333333333334,73.33333333333333,89.0,104.3875,5.154166666666667,8.512500000000001,86.91666666666667,117.625,23.224999999999998,0.11166666666666668,0.2754166666666667,20.4875,20.683333333333334,20.6,20.3,0.37525000000000003,0.36033333333333334,0.37366666666666665,0.414
2022-06-02,b,19.108333333333334,90.29166666666667,17.400000000000002,20.333333333333332,1013.3416666666667,880.3333333333334,0.0,85.29166666666667,42.25,55.708333333333336,98.0,164.70833333333334,61.583333333333336,103.125,88.17916666666667,5.95,9.058333333333334,164.83333333333334,172.16666666666666,25.758333333333336,0.11416666666666668,0.24125,20.170833333333334,20.341666666666665,20.6,20.3,0.3978333333333333,0.372125,0.3706666666666667,0.41354166666666664
2022-06-03,b,19.320833333333333,88.54166666666667,17.258333333333333,20.2625,1013.5291666666667,880.4458333333333,0.0,84.41666666666667,25.708333333333332,60.375,98.91666666666667,145.66666666666666,37.875,107.79166666666667,50.50416666666666,6.404166666666666,10.154166666666667,220.45833333333334,219.875,25.724999999999998,0.09958333333333334,0.2891666666666666,20.145833333333332,20.224999999999998,20.529166666666665,20.3,0.41204166666666664,0.40395833333333336,0.3697083333333333,0.413
2022-06-04,b,19.7,86.54166666666667,17.212500000000002,21.504166666666666,1013.1541666666667,880.4250000000001,0.0,68.66666666666667,8.5,55.416666666666664,93.33333333333333,233.58333333333334,150.5,83.08333333333333,201.90833333333333,3.2458333333333336,5.154166666666667,236.58333333333334,210.125,16.095833333333335,0.15833333333333333,0.35250000000000004,20.745833333333334,20.587500000000002,20.5,20.3,0.3985,0.4015416666666667,0.36962500000000004,0.4125833333333333
2022-06-05,b,19.454166666666666,89.16666666666667,17.400000000000002,21.787499999999998,1012.8791666666666,880.2458333333334,0.0,65.54166666666667,18.791666666666668,39.25,97.625,220.16666666666666,127.79166666666667,92.375,172.11666666666667,3.1791666666666667,4.904166666666667,237.04166666666666,229.875,12.6,0.14958333333333335,0.30833333333333335,20.662499999999998,20.5625,20.5,20.3,0.405125,0.4054166666666667,0.36999999999999994,0.412
2022-06-06,b,18.891666666666666,92.95833333333333,17.633333333333333,22.008333333333336,1012.4458333333333,879.8833333333333,0.0,66.125,30.791666666666668,24.375,89.70833333333333,179.66666666666666,96.70833333333333,82.95833333333333,137.57083333333333,3.2125,4.766666666666667,218.25,217.16666666666666,10.429166666666667,0.12416666666666666,0.17875,20.354166666666668,20.575,20.5,20.3,0.41729166666666667,0.4170416666666667,0.37433333333333335,0.41170833333333334
2022-06-07,b,19.3,89.25,17.325,21.170833333333334,1012.8541666666666,879.9875000000001,0.0,63.416666666666664,14.75,35.791666666666664,95.41666666666667,235.41666666666666,150.79166666666666,84.625,198.75833333333333,3.0,4.2875000000000005,178.125,156.5,10.8375,0.155,0.28625,20.462500000000002,20.379166666666666,20.5,20.3,0.40729166666666666,0.413875,0.38366666666666666,0.411
2022-06-08,b,19.430434782608696,85.47826086956522,16.791304347826088,21.695652173913043,1012.9347826086956,880.1565217391304,0.0,68.47826086956522,26.347826086956523,33.47826086956522,93.30434782608695,201.7826086956522,127.30434782608695,74.47826086956522,174.6478260869565,2.7,4.073913043478261,96.04347826086956,84.52173913043478,11.278260869565216,0.1373913043478261,0.36869565217391304,20.269565217391303,20.304347826086957,20.469565217391306,20.3,0.39213043478260873,0.40073913043478265,0.38386956521739135,0.411
2022-06-09,b,19.129166666666666,89.45833333333333,17.166666666666668,21.704166666666666,1012.7791666666667,880.0333333333333,0.0,89.66666666666667,66.5,15.583333333333334,95.58333333333333,196.91666666666666,111.375,85.54166666666667,151.5875,1.7249999999999999,2.720833333333333,160.375,133.125,10.733333333333334,0.13625,0.2791666666666667,20.295833333333334,20.3625,20.425,20.316666666666666,0.39966666666666667,0.3970416666666667,0.3825,0.41054166666666664
2022-06-10,b,18.254166666666666,92.29166666666667,16.95,21.220833333333335,1013.0749999999999,880.2125,0.0,71.83333333333333,29.458333333333332,34.25,99.33333333333333,157.08333333333334,53.041666666666664,104.04166666666667,75.30416666666666,3.3541666666666665,5.120833333333334,142.08333333333334,181.20833333333334,11.75,0.10583333333333333,0.1775,19.504166666666666,19.958333333333332,20.4,20.395833333333332,0.40958333333333335,0.41029166666666667,0.383125,0.41
2022-06-11,b,19.008333333333333,89.70833333333333,17.175,20.654166666666665,1013.8000000000001,880.5958333333333,0.0,74.41666666666667,25.708333333333332,49.458333333333336,98.45833333333333,185.33333333333334,115.125,70.20833333333333,150.96666666666667,2.6,3.625,193.66666666666666,172.16666666666666,10.975,0.12541666666666665,0.255,19.904166666666665,19.883333333333333,20.3125,20.4,0.40958333333333335,0.4094166666666667,0.3841666666666667,0.41
2022-06-12,b,18.470833333333335,93.08333333333333,17.258333333333333,20.466666666666665,1014.025,880.6999999999999,0.0,96.375,46.375,78.79166666666667,98.33333333333333,127.58333333333333,48.333333333333336,79.25,65.94166666666666,1.7708333333333333,2.795833333333334,136.95833333333334,141.375,8.6625,0.09000000000000001,0.17124999999999999,19.804166666666667,19.941666666666666,20.275000000000002,20.341666666666665,0.423,0.4202916666666667,0.38808333333333334,0.41
2022-06-13,b,18.9375,91.125,17.358333333333334,21.75,1013.1374999999999,880.3916666666668,0.0,67.70833333333333,32.416666666666664,37.208333333333336,76.91666666666667,195.79166666666666,127.625,68.16666666666667,190.15416666666667,2.9125,4.408333333333333,186.16666666666666,160.75,10.929166666666667,0.1325,0.21875,20.05,20.008333333333333,20.204166666666666,20.3,0.41608333333333336,0.41962499999999997,0.3922916666666667,0.4094583333333333
2022-06-14,b,19.079166666666666,92.29166666666667,17.7625,21.416666666666668,1013.1958333333333,880.3333333333334,0.0,82.91666666666667,55.0,29.791666666666668,96.25,152.75,55.208333333333336,97.54166666666667,91.85833333333333,3.3791666666666664,5.325,216.54166666666666,233.125,14.679166666666667,0.10333333333333333,0.18500000000000003,20.016666666666666,20.095833333333335,20.2,20.3,0.418125,0.42358333333333337,0.3981666666666667,0.409
2022-06-15,b,19.175,87.5,16.920833333333334,19.916666666666668,1013.6166666666667,880.475,0.0,90.79166666666667,40.666666666666664,55.875,97.66666666666667,154.375,40.583333333333336,113.79166666666667,56.050000000000004,6.858333333333333,11.045833333333334,218.125,219.79166666666666,25.037499999999998,0.10458333333333335,0.3070833333333333,19.895833333333332,19.966666666666665,20.2,20.3,0.4066666666666667,0.41712499999999997,0.4035416666666667,0.409
2022-06-16,b,19.220833333333335,91.125,17.620833333333334,21.45,1013.5333333333333,880.6125000000001,0.0,73.70833333333333,19.333333333333332,45.0,98.41666666666667,198.20833333333334,127.95833333333333,70.25,158.95,2.3000000000000003,3.766666666666667,199.125,197.45833333333334,13.154166666666667,0.13916666666666666,0.23208333333333334,20.220833333333335,20.133333333333333,20.195833333333333,20.3,0.40475,0.41129166666666667,0.4040000000000001,0.409
2022-06-17,b,18.758333333333333,93.04166666666667,17.537499999999998,21.458333333333332,1013.8958333333334,880.8583333333332,0.0,66.79166666666667,30.666666666666668,25.166666666666668,90.29166666666667,141.83333333333334,58.916666666666664,82.91666666666667,74.87083333333334,2.0124999999999997,3.0875,233.29166666666666,219.45833333333334,10.120833333333334,0.09875,0.16958333333333334,19.995833333333334,20.083333333333332,20.2,20.3,0.4089583333333333,0.41562499999999997,0.40525000000000005,0.409
2022-06-19,b,18.916666666666668,90.66666666666667,17.295833333333334,21.454166666666666,1013.3249999999999,880.4250000000001,0.0,71.70833333333333,34.541666666666664,36.375,74.41666666666667,195.66666666666666,117.70833333333333,77.95833333333333,153.4375,2.3000000000000003,3.3541666666666665,205.83333333333334,171.25,10.120833333333334,0.13375,0.22541666666666668,19.879166666666666,19.995833333333334,20.2,20.3,0.4146666666666667,0.4190833333333333,0.4110416666666667,0.409
2022-06-20,b,19.308333333333334,86.375,16.795833333333334,21.037499999999998,1011.8249999999999,879.0375,0.0,60.25,28.583333333333332,16.166666666666668,85.875,205.66666666666666,123.33333333333333,82.33333333333333,180.10416666666666,2.566666666666667,3.920833333333333,189.83333333333334,155.0,9.883333333333333,0.13583333333333333,0.34791666666666665,20.045833333333334,20.025000000000002,20.166666666666668,20.3,0.400625,0.41050000000000003,0.41154166666666664,0.409
2022-06-21,b,18.704166666666666,93.20833333333333,17.470833333333335,20.995833333333334,1011.6958333333333,878.9250000000001,0.0,83.83333333333333,38.0,49.375,88.41666666666667,147.75,64.95833333333333,82.79166666666667,91.30833333333334,2.970833333333333,4.7375,231.125,229.16666666666666,12.604166666666666,0.10375000000000001,0.17541666666666667,19.879166666666666,20.05,20.175,20.3,0.40887500000000004,0.409875,0.41062499999999996,0.409
2022-06-22,b,18.441666666666666,93.75,17.3625,20.466666666666665,1013.0458333333332,879.9250000000001,0.0,89.29166666666667,17.666666666666668,79.79166666666667,97.91666666666667,150.45833333333334,59.666666666666664,90.79166666666667,89.07083333333333,2.7916666666666665,3.8041666666666667,217.75,209.70833333333334,12.508333333333333,0.10375,0.1525,19.508333333333333,19.7375,20.120833333333334,20.3,0.425,0.4290833333333333,0.41616666666666663,0.409
2022-06-23,b,18.154166666666665,97.58333333333333,17.7375,20.591666666666665,1014.1083333333332,880.8874999999999,0.0,96.66666666666667,54.291666666666664,75.125,99.66666666666667,92.54166666666667,13.875,78.66666666666667,18.3625,3.5416666666666665,5.954166666666667,226.20833333333334,224.95833333333334,13.2125,0.06916666666666667,0.06208333333333333,19.245833333333334,19.537499999999998,20.054166666666667,20.3,0.42241666666666666,0.4267916666666667,0.4290833333333333,0.41079166666666667
2022-06-24,b,18.125,96.54166666666667,17.495833333333334,20.004166666666666,1013.6083333333332,880.3041666666667,0.0,87.08333333333333,36.791666666666664,59.583333333333336,98.91666666666667,129.29166666666666,28.916666666666668,100.375,36.475,4.0,6.908333333333334,226.375,221.625,16.712500000000002,0.09041666666666666,0.08958333333333333,19.404166666666665,19.504166666666666,20.0,20.3,0.42283333333333334,0.42204166666666665,0.42970833333333336,0.41395833333333326
2022-06-25,b,19.558333333333334,83.83333333333333,16.45,20.604166666666668,1011.7583333333333,879.1041666666666,0.0,39.75,4.125,21.25,77.41666666666667,262.2083333333333,195.875,66.33333333333333,276.8958333333333,5.395833333333333,8.316666666666666,220.08333333333334,218.20833333333334,21.883333333333336,0.17375,0.43625,20.441666666666666,19.933333333333334,19.945833333333333,20.3,0.40850000000000003,0.41991666666666666,0.4280833333333333,0.4162083333333333
2022-06-26,b,19.379166666666666,85.45833333333333,16.683333333333334,20.5,1012.4708333333333,879.6750000000001,0.0,64.54166666666667,25.125,33.208333333333336,73.08333333333333,221.83333333333334,154.66666666666666,67.16666666666667,220.4,5.3374999999999995,7.858333333333333,222.75,221.16666666666666,21.033333333333335,0.14833333333333334,0.3725,20.295833333333334,20.245833333333334,20.0,20.3,0.3917083333333333,0.39820833333333333,0.4244583333333333,0.41754166666666664
2022-06-27,b,19.341666666666665,90.33333333333333,17.67083333333333,21.504166666666666,1013.0458333333332,880.3625000000001,0.0,71.66666666666667,30.041666666666668,33.041666666666664,84.66666666666667,165.91666666666666,76.91666666666667,89.0,116.77083333333333,4.2375,6.933333333333334,217.33333333333334,217.66666666666666,16.595833333333335,0.11208333333333333,0.23291666666666666,20.308333333333334,20.287499999999998,20.095833333333335,20.3,0.39970833333333333,0.396375,0.42083333333333334,0.418
2022-06-28,b,19.3125,89.58333333333333,17.466666666666665,20.337500000000002,1012.7083333333334,879.7458333333334,0.0,77.75,38.291666666666664,35.958333333333336,84.41666666666667,177.91666666666666,75.33333333333333,102.58333333333333,101.2,5.720833333333334,9.512500000000001,219.33333333333334,217.625,22.537499999999998,0.11708333333333333,0.26125000000000004,20.175,20.220833333333335,20.1,20.3,0.39891666666666664,0.399,0.41874999999999996,0.418
2022-06-29,b,18.866666666666667,87.33333333333333,16.5625,19.900000000000002,1011.9875000000001,879.0833333333334,0.0,73.04166666666667,29.708333333333332,40.708333333333336,89.08333333333333,193.375,113.125,80.25,155.38750000000002,6.904166666666666,11.487499999999999,218.25,216.83333333333334,26.354166666666668,0.12833333333333333,0.3225,19.833333333333332,19.954166666666666,20.1,20.3,0.40475,0.39799999999999996,0.4163333333333333,0.418
2022-06-30,b,19.675,81.91666666666667,16.208333333333332,19.720833333333335,1011.8125,879.0958333333333,0.0,79.54166666666667,31.208333333333332,52.875,97.54166666666667,203.75,110.70833333333333,93.04166666666667,150.47916666666666,8.487499999999999,14.1,219.33333333333334,219.875,33.137499999999996,0.14166666666666666,0.4741666666666667,20.3,20.079166666666666,20.1,20.3,0.405875,0.40291666666666665,0.4140833333333333,0.418
2022-07-01,b,19.891666666666666,78.5,15.887500000000001,20.462500000000002,1011.0916666666667,878.5916666666667,0.0,45.791666666666664,14.083333333333334,16.0,78.5,253.20833333333334,192.95833333333334,60.25,271.80833333333334,7.8875,12.604166666666666,218.16666666666666,219.875,27.27916666666667,0.16958333333333334,0.5479166666666667,20.566666666666666,20.379166666666666,20.116666666666667,20.3,0.38504166666666667,0.39362500000000006,0.41079166666666667,0.41758333333333336
2022-07-02,b,19.6375,84.08333333333333,16.745833333333334,20.183333333333334,1011.6291666666666,879.0625,0.0,74.75,43.25,30.875,80.625,201.83333333333334,129.79166666666666,72.04166666666667,178.98333333333335,11.35,18.75,216.29166666666666,215.625,33.516666666666666,0.13458333333333333,0.3975,20.416666666666668,20.400000000000002,20.2,20.3,0.38425,0.3844166666666667,0.40720833333333334,0.417
2022-07-03,b,20.316666666666666,80.04166666666667,16.470833333333335,21.52916666666667,1011.1625,878.9125,0.0,49.25,7.291666666666667,28.875,84.54166666666667,265.875,210.16666666666666,55.708333333333336,293.80833333333334,7.791666666666667,13.174999999999999,217.20833333333334,214.25,28.191666666666666,0.17708333333333334,0.5445833333333333,21.083333333333332,20.691666666666666,20.220833333333335,20.3,0.3702916666666667,0.376625,0.4030416666666667,0.417
2022-07-04,b,18.841666666666665,88.875,16.900000000000002,20.670833333333334,1011.9166666666666,879.2791666666667,0.0,69.5,34.166666666666664,22.583333333333332,93.79166666666667,119.125,37.375,81.75,51.55416666666667,6.920833333333333,11.433333333333332,220.83333333333334,216.20833333333334,27.204166666666666,0.08875,0.26208333333333333,20.0,20.454166666666666,20.3,20.3,0.3781666666666667,0.370875,0.3987083333333334,0.4165833333333333
2022-07-05,b,19.658333333333335,86.70833333333333,17.25,21.891666666666666,1011.7208333333333,879.4875000000001,0.0,52.5,8.208333333333334,36.958333333333336,79.75,232.29166666666666,173.125,59.166666666666664,245.39166666666665,5.795833333333333,9.433333333333334,214.70833333333334,209.16666666666666,23.09166666666667,0.15916666666666668,0.3425,20.3,20.141666666666666,20.3,20.3,0.39487500000000003,0.37966666666666665,0.3950833333333334,0.416
2022-07-06,b,19.854166666666668,85.41666666666667,17.162499999999998,21.958333333333332,1013.1791666666667,880.7291666666666,0.0,64.0,12.208333333333334,48.0,89.95833333333333,216.625,132.58333333333334,84.04166666666667,178.79999999999998,4.220833333333333,6.745833333333334,221.125,220.95833333333334,19.270833333333332,0.14958333333333332,0.38166666666666665,20.6875,20.495833333333334,20.3,20.3,0.386875,0.38404166666666667,0.3915416666666667,0.416
2022-07-07,b,20.1125,80.375,16.216666666666665,22.079166666666666,1012.975,880.7166666666667,0.0,18.541666666666668,1.8333333333333333,19.708333333333332,16.416666666666668,288.6666666666667,247.91666666666666,40.75,357.62083333333334,5.4624999999999995,8.766666666666667,237.70833333333334,219.0,22.245833333333334,0.19625,0.5566666666666666,20.75,20.525000000000002,20.3,20.3,0.37162500000000004,0.37729166666666664,0.38766666666666666,0.4154583333333333
2022-07-08,b,19.779166666666665,79.16666666666667,15.8125,19.675,1013.3000000000001,880.2916666666666,0.0,42.083333333333336,5.541666666666667,37.125,49.416666666666664,257.9583333333333,207.625,50.333333333333336,289.8208333333333,9.020833333333334,14.0375,218.16666666666666,216.66666666666666,30.545833333333334,0.17,0.5470833333333334,20.629166666666666,20.616666666666667,20.35833333333333,20.3,0.3595,0.3681666666666667,0.3833333333333333,0.415
2022-07-09,b,19.941666666666666,80.04166666666667,16.266666666666666,20.337500000000002,1012.6041666666666,879.9333333333334,0.0,87.58333333333333,16.458333333333332,81.125,90.91666666666667,191.625,94.66666666666667,96.95833333333333,130.56666666666666,9.6,16.25,216.20833333333334,215.08333333333334,31.849999999999998,0.13416666666666668,0.5016666666666667,20.741666666666667,20.679166666666667,20.4,20.3,0.3489166666666667,0.35991666666666666,0.37920833333333337,0.4143333333333333
2022-07-10,b,19.841666666666665,79.83333333333333,16.104166666666668,20.733333333333334,1012.3416666666667,879.7666666666668,0.0,56.625,6.375,36.375,96.79166666666667,192.33333333333334,99.0,93.33333333333333,138.37916666666666,7.495833333333334,12.566666666666668,216.95833333333334,215.16666666666666,23.5125,0.13333333333333333,0.5025000000000001,20.7375,20.691666666666666,20.40833333333333,20.3,0.3397916666666667,0.3525416666666667,0.375125,0.414
2022-07-11,b,19.462500000000002,84.79166666666667,16.641666666666666,20.741666666666667,1013.1833333333334,880.3208333333333,0.0,68.20833333333333,25.75,35.541666666666664,79.0,229.95833333333334,155.70833333333334,74.25,207.5041666666667,6.654166666666666,10.875,211.70833333333334,211.375,22.9875,0.15125,0.395,20.545833333333334,20.583333333333332,20.45,20.3,0.34070833333333334,0.34545833333333337,0.3710833333333334,0.41312499999999996
2022-07-12,b,19.258333333333333,89.5,17.404166666666665,20.920833333333334,1013.0041666666666,880.1166666666667,0.0,79.95833333333333,19.625,61.541666666666664,89.125,203.29166666666666,110.29166666666667,93.0,147.48333333333332,4.058333333333334,6.7749999999999995,208.04166666666666,207.29166666666666,18.662499999999998,0.1375,0.26125000000000004,20.183333333333334,20.354166666666668,20.429166666666664,20.3,0.365,0.34391666666666665,0.36741666666666667,0.413
2022-07-13,b,19.099999999999998,91.75,17.616666666666667,21.8,1011.2083333333334,878.7208333333333,0.0,92.04166666666667,57.625,49.291666666666664,82.75,189.66666666666666,85.875,103.79166666666667,125.17500000000001,3.5083333333333333,5.3999999999999995,207.45833333333334,202.66666666666666,14.891666666666666,0.12958333333333333,0.21375,20.333333333333332,20.341666666666665,20.4,20.3,0.38891666666666663,0.355,0.36424999999999996,0.412
2022-07-14,b,19.495833333333334,91.66666666666667,18.045833333333334,22.587500000000002,1011.3708333333334,879.1416666666668,0.0,77.91666666666667,42.875,23.75,94.125,182.41666666666666,99.58333333333333,82.83333333333333,149.50416666666666,2.920833333333333,4.495833333333334,253.20833333333334,254.33333333333334,11.979166666666666,0.125,0.21041666666666667,20.5875,20.454166666666666,20.4,20.3,0.39920833333333333,0.3741666666666667,0.3618333333333333,0.412
2022-07-15,b,19.958333333333332,87.04166666666667,17.558333333333334,21.995833333333334,1011.8000000000001,879.4458333333333,0.0,58.125,27.125,14.375,88.25,221.70833333333334,124.16666666666667,97.54166666666667,170.4125,3.35,4.8,253.54166666666666,244.33333333333334,14.979166666666666,0.15458333333333332,0.34833333333333333,20.645833333333332,20.533333333333335,20.4,20.3,0.38562500000000005,0.3790833333333334,0.3599583333333333,0.41112499999999996
2022-07-16,b,19.854166666666668,83.16666666666667,16.608333333333334,20.858333333333334,1012.6583333333333,879.9333333333334,0.0,48.666666666666664,27.291666666666668,17.458333333333332,47.166666666666664,272.25,226.70833333333334,45.541666666666664,318.84999999999997,5.4750000000000005,9.049999999999999,225.54166666666666,218.83333333333334,19.454166666666666,0.17875,0.4691666666666667,20.816666666666666,20.620833333333334,20.40833333333333,20.3,0.37333333333333335,0.373875,0.3575,0.4106666666666667
2022-07-17,b,20.220833333333335,81.91666666666667,16.662499999999998,22.854166666666668,1012.7375000000001,880.6875,0.0,29.291666666666668,5.875,13.583333333333334,52.625,279.9166666666667,229.20833333333334,50.708333333333336,328.83750000000003,3.908333333333333,5.729166666666667,222.0,209.0,16.275000000000002,0.19375,0.5166666666666667,21.083333333333332,20.833333333333332,20.474999999999998,20.3,0.35824999999999996,0.365375,0.35462499999999997,0.41
2022-07-18,b,20.45,83.20833333333333,17.154166666666665,22.5625,1011.9458333333333,879.8083333333334,0.0,35.416666666666664,17.875,15.25,36.166666666666664,278.5833333333333,227.95833333333334,50.625,310.53749999999997,2.970833333333333,4.3125,230.125,208.45833333333334,13.454166666666666,0.19333333333333333,0.4879166666666667,21.45,21.150000000000002,20.525000000000002,20.3,0.34754166666666664,0.3564583333333333,0.3515,0.409375
2022-07-19,b,19.1625,85.75,16.504166666666666,21.070833333333333,1011.9291666666667,879.3874999999999,0.0,52.833333333333336,25.875,10.125,79.5,216.625,124.5,92.125,169.01666666666668,4.883333333333334,7.6625000000000005,215.16666666666666,208.375,16.525000000000002,0.14916666666666667,0.3658333333333333,20.325,20.7375,20.6,20.3,0.34170833333333334,0.34870833333333334,0.34837499999999993,0.4087083333333333
2022-07-20,b,19.670833333333334,79.95833333333333,15.770833333333334,20.1125,1012.4333333333334,879.5416666666666,0.0,38.666666666666664,8.0,3.2083333333333335,98.16666666666667,248.08333333333334,147.04166666666666,101.04166666666667,209.35416666666666,5.5,8.095833333333333,226.08333333333334,223.20833333333334,20.5125,0.16666666666666666,0.5379166666666667,20.533333333333335,20.45,20.5625,20.3,0.33808333333333335,0.342875,0.34554166666666664,0.408
2022-07-21,b,18.883333333333333,84.04166666666667,15.916666666666666,20.929166666666667,1012.7291666666666,880.0041666666666,0.0,47.916666666666664,17.541666666666668,14.25,78.29166666666667,227.875,167.125,60.75,237.025,4.658333333333333,6.504166666666666,215.83333333333334,217.5,16.8875,0.15541666666666668,0.39958333333333335,20.204166666666666,20.441666666666666,20.525000000000002,20.3,0.3353333333333333,0.336125,0.34241666666666665,0.407375
2022-07-23,b,19.270833333333332,91.125,17.758333333333333,22.1125,1012.8416666666667,880.3249999999999,0.0,76.625,37.666666666666664,34.75,92.45833333333333,178.20833333333334,87.375,90.83333333333333,122.91666666666667,4.129166666666666,7.175,60.333333333333336,60.333333333333336,20.158333333333335,0.12291666666666667,0.21208333333333332,20.183333333333334,20.279166666666665,20.5,20.3,0.3762083333333333,0.3710833333333334,0.339,0.40608333333333335
2022-07-24,b,19.0,90.33333333333333,17.320833333333333,20.491666666666667,1012.1041666666666,879.0749999999999,0.0,80.20833333333333,46.708333333333336,39.416666666666664,97.20833333333333,184.33333333333334,90.625,93.70833333333333,125.4875,2.891666666666667,5.120833333333334,150.16666666666666,142.125,15.304166666666667,0.12166666666666666,0.22916666666666666,19.912499999999998,20.091666666666665,20.416666666666668,20.3,0.3821666666666667,0.36962500000000004,0.33837500000000004,0.40599999999999997
2022-07-25,b,18.745833333333334,93.625,17.675,20.041666666666668,1012.2083333333334,879.0708333333333,0.0,97.25,64.0,50.833333333333336,99.79166666666667,138.33333333333334,46.0,92.33333333333333,68.09583333333333,3.9333333333333336,6.658333333333334,253.20833333333334,247.83333333333334,15.958333333333334,0.09333333333333334,0.14666666666666667,19.841666666666665,20.025000000000002,20.395833333333332,20.3,0.40329166666666666,0.38625,0.338125,0.405
2022-07-26,b,19.020833333333332,92.16666666666667,17.675,21.462500000000002,1011.7791666666667,879.1374999999999,0.0,97.91666666666667,75.29166666666667,36.208333333333336,98.375,152.125,56.333333333333336,95.79166666666667,83.06666666666666,3.483333333333333,5.995833333333334,232.83333333333334,239.95833333333334,16.845833333333335,0.105,0.1875,19.933333333333334,19.9875,20.3,20.3,0.41275,0.40970833333333334,0.3414166666666667,0.405
2022-07-27,b,18.916666666666668,94.625,17.979166666666668,20.5625,1011.8541666666666,878.9250000000001,0.0,89.58333333333333,51.166666666666664,66.75,92.0,160.375,66.33333333333333,94.04166666666667,90.62083333333334,5.3125,8.7125,226.16666666666666,229.54166666666666,17.879166666666666,0.10625,0.1375,20.045833333333334,20.066666666666666,20.3,20.3,0.417,0.41762499999999997,0.34833333333333333,0.40420833333333334
2022-07-28,b,19.470833333333335,87.75,17.254166666666666,21.4375,1011.7041666666668,879.1875,0.0,61.375,28.291666666666668,21.791666666666668,85.875,208.04166666666666,125.91666666666667,82.125,182.17916666666667,5.758333333333333,9.004166666666666,222.33333333333334,220.83333333333334,20.908333333333335,0.13958333333333334,0.31416666666666665,20.516666666666666,20.254166666666666,20.25,20.3,0.41291666666666665,0.4127083333333333,0.35666666666666663,0.4040000000000001
2022-07-29,b,19.545833333333334,88.33333333333333,17.416666666666668,21.025000000000002,1012.3916666666668,879.8166666666666,0.0,80.625,42.375,60.166666666666664,80.04166666666667,158.54166666666666,60.5,98.04166666666667,78.70416666666667,8.762500000000001,14.075000000000001,214.0,214.16666666666666,31.645833333333332,0.10875,0.2966666666666667,20.420833333333334,20.45,20.3,20.3,0.4116666666666667,0.41375,0.36125,0.4037916666666667
2022-07-30,b,19.575,85.83333333333333,17.041666666666668,20.474999999999998,1012.4041666666667,879.6041666666666,0.0,55.416666666666664,16.583333333333332,30.25,74.66666666666667,196.25,121.91666666666667,74.33333333333333,180.10833333333335,7.216666666666666,11.954166666666666,220.20833333333334,217.20833333333334,26.166666666666668,0.12833333333333333,0.35250000000000004,20.4875,20.429166666666667,20.3,20.3,0.40125000000000005,0.40275,0.3645416666666667,0.403
2022-07-31,b,19.633333333333333,84.20833333333333,16.712500000000002,21.933333333333334,1010.7166666666667,878.5416666666666,0.0,43.375,11.708333333333334,15.875,77.66666666666667,245.54166666666666,167.16666666666666,78.375,236.6208333333333,4.041666666666667,5.879166666666666,215.58333333333334,214.25,17.191666666666666,0.17,0.4066666666666667,20.358333333333334,20.349999999999998,20.3,20.3,0.3984166666666667,0.396375,0.36508333333333337,0.403
2022-08-01,b,19.4875,93.66666666666667,18.39166666666667,22.616666666666664,1011.3000000000001,879.0208333333334,0.0,89.54166666666667,44.791666666666664,45.958333333333336,98.25,182.375,80.29166666666667,102.08333333333333,113.55833333333334,2.5166666666666666,3.3833333333333333,186.95833333333334,183.79166666666666,10.241666666666667,0.12541666666666668,0.1575,20.370833333333334,20.3625,20.3,20.3,0.4079166666666667,0.4025,0.3655,0.40254166666666674
2022-08-02,b,18.8125,95.625,18.037499999999998,20.57916666666667,1012.3000000000001,879.4208333333332,0.0,90.0,46.375,58.416666666666664,99.54166666666667,97.45833333333333,13.083333333333334,84.375,18.041666666666668,5.420833333333333,8.491666666666667,228.66666666666666,228.83333333333334,19.508333333333333,0.07125,0.10625,19.825,20.166666666666668,20.3,20.3,0.42158333333333337,0.4194583333333333,0.37083333333333335,0.40199999999999997
2022-08-03,b,19.145833333333332,88.875,17.175,19.587500000000002,1013.9958333333334,880.6416666666668,0.0,89.625,48.583333333333336,76.75,99.0,158.04166666666666,53.083333333333336,104.95833333333333,81.91666666666667,6.129166666666666,9.904166666666667,223.79166666666666,225.16666666666666,25.0625,0.105,0.2758333333333333,19.945833333333333,19.933333333333334,20.2875,20.3,0.42166666666666663,0.42591666666666667,0.3892083333333334,0.40199999999999997
2022-08-04,b,18.5625,87.04166666666667,16.216666666666665,18.412499999999998,1014.3708333333334,880.7208333333333,0.0,85.16666666666667,11.375,84.41666666666667,94.58333333333333,163.33333333333334,78.20833333333333,85.125,105.30833333333334,5.916666666666667,9.9625,217.45833333333334,215.58333333333334,21.525000000000002,0.11125,0.31666666666666665,19.629166666666666,19.8625,20.220833333333335,20.3,0.4116666666666666,0.4194583333333333,0.39608333333333334,0.40199999999999997
2022-08-05,b,19.391666666666666,79.16666666666667,15.375,20.745833333333334,1013.5708333333333,880.7208333333333,0.0,53.791666666666664,6.083333333333333,42.416666666666664,80.08333333333333,268.4583333333333,205.79166666666666,62.666666666666664,271.95416666666665,4.5375000000000005,6.720833333333334,231.625,220.875,19.425,0.18083333333333332,0.535,20.170833333333334,19.95,20.175,20.3,0.39479166666666665,0.40570833333333334,0.3982916666666667,0.40199999999999997
2022-08-06,b,19.370833333333334,81.29166666666667,15.8125,20.670833333333334,1013.0916666666667,880.3249999999999,0.0,38.875,14.708333333333334,29.958333333333332,25.416666666666668,254.70833333333334,195.16666666666666,59.541666666666664,274.3208333333333,6.179166666666667,9.137500000000001,221.0,220.45833333333334,21.016666666666666,0.17333333333333334,0.4770833333333333,20.354166666666668,20.270833333333332,20.2,20.3,0.3946666666666667,0.39691666666666664,0.397125,0.4015
2022-08-07,b,19.820833333333333,79.91666666666667,16.095833333333335,20.266666666666666,1012.1541666666667,879.4791666666666,0.0,51.958333333333336,2.9583333333333335,62.041666666666664,40.041666666666664,136.875,40.291666666666664,96.58333333333333,68.07916666666667,5.520833333333333,9.012500000000001,225.0,225.5,18.8625,0.10291666666666667,0.4945833333333333,20.474999999999998,20.395833333333332,20.2,20.3,0.38237499999999996,0.39054166666666673,0.39558333333333334,0.401
2022-08-08,b,19.758333333333333,78.375,15.391666666666666,20.545833333333334,1012.4666666666667,879.7916666666666,0.0,30.375,7.416666666666667,9.125,60.5,299.1666666666667,258.5416666666667,40.625,359.4916666666666,6.629166666666666,10.795833333333334,215.75,213.33333333333334,22.8125,0.20083333333333334,0.6008333333333333,20.76666666666667,20.470833333333335,20.224999999999998,20.3,0.36741666666666667,0.38033333333333336,0.39337500000000003,0.401
2022-08-09,b,19.64166666666667,79.33333333333333,15.529166666666667,21.183333333333334,1012.2666666666668,879.7624999999999,0.0,43.75,8.333333333333334,31.75,57.333333333333336,286.0833333333333,234.79166666666666,51.291666666666664,320.8041666666667,4.870833333333334,7.425,222.54166666666666,217.0,18.912499999999998,0.19625,0.5633333333333334,20.575,20.537499999999998,20.3,20.3,0.35566666666666663,0.36879166666666663,0.39058333333333334,0.4007083333333334
2022-08-10,b,19.708333333333332,80.5,15.9,21.795833333333334,1012.0666666666666,879.7416666666667,0.0,41.666666666666664,16.375,8.708333333333334,72.29166666666667,267.375,194.25,73.125,249.52499999999998,3.908333333333333,5.929166666666667,228.29166666666666,216.75,16.1875,0.18541666666666667,0.5245833333333333,20.604166666666668,20.525000000000002,20.308333333333334,20.3,0.345875,0.35883333333333334,0.38758333333333334,0.4000000000000001
2022-08-11,b,20.1875,80.20833333333333,16.141666666666666,22.204166666666666,1012.2666666666668,879.9958333333334,0.0,56.833333333333336,37.416666666666664,9.833333333333334,58.5,297.0416666666667,250.04166666666666,47.0,342.4083333333333,3.7916666666666665,6.108333333333333,228.29166666666666,224.54166666666666,14.5875,0.2058333333333333,0.5779166666666667,21.175,20.787499999999998,20.375,20.3,0.33604166666666674,0.34975,0.38433333333333336,0.4000000000000001
2022-08-12,b,19.900000000000002,78.58333333333333,15.566666666666668,21.212500000000002,1012.8166666666666,880.2416666666667,0.0,53.958333333333336,29.75,8.083333333333334,74.375,282.25,223.625,58.625,308.16249999999997,5.266666666666667,8.883333333333333,217.75,212.79166666666666,18.8375,0.19458333333333333,0.595,21.145833333333332,21.025000000000002,20.433333333333334,20.3,0.3270416666666667,0.340625,0.38066666666666665,0.39958333333333335
2022-08-13,b,19.341666666666665,79.04166666666667,15.308333333333332,20.254166666666666,1012.8291666666668,880.0666666666666,0.0,66.66666666666667,8.958333333333334,57.041666666666664,81.58333333333333,205.625,86.91666666666667,118.70833333333333,118.44583333333333,3.8375,5.8,208.375,212.91666666666666,14.383333333333333,0.14458333333333334,0.53625,20.491666666666667,20.691666666666666,20.5,20.3,0.32045833333333335,0.3333333333333333,0.37733333333333335,0.399
2022-08-14,b,18.966666666666665,87.66666666666667,16.716666666666665,21.766666666666666,1013.2583333333333,880.6875,0.0,50.125,20.958333333333332,23.75,56.583333333333336,211.66666666666666,144.79166666666666,66.875,200.26666666666665,2.975,4.166666666666667,192.33333333333334,175.58333333333334,10.65,0.14625000000000002,0.30416666666666664,20.2625,20.408333333333335,20.5,20.3,0.3403333333333333,0.32937500000000003,0.3740833333333333,0.399
2022-08-15,b,19.195833333333333,85.66666666666667,16.508333333333333,22.2375,1013.8000000000001,881.3166666666666,0.0,64.125,36.541666666666664,14.958333333333334,80.95833333333333,230.16666666666666,126.04166666666667,104.125,153.82916666666668,3.5,5.379166666666666,230.25,204.75,14.733333333333334,0.16333333333333333,0.3725,20.316666666666666,20.370833333333334,20.5,20.3,0.36108333333333337,0.33266666666666667,0.3713333333333333,0.39858333333333335
2022-08-16,b,18.716666666666665,87.66666666666667,16.5,20.6875,1013.8249999999999,880.9250000000001,0.0,51.791666666666664,8.916666666666666,34.416666666666664,76.91666666666667,200.04166666666666,90.04166666666667,110.0,115.59166666666665,4.254166666666666,7.295833333333333,212.54166666666666,210.625,17.05,0.14208333333333334,0.2995833333333333,19.775000000000002,20.095833333333335,20.429166666666664,20.3,0.38075,0.34195833333333336,0.36883333333333335,0.39799999999999996
2022-08-17,b,19.058333333333334,86.95833333333333,16.595833333333335,21.537499999999998,1013.0666666666666,880.4,0.0,64.54166666666667,36.125,11.958333333333334,84.125,235.91666666666666,155.54166666666666,80.375,217.95416666666668,2.9916666666666667,4.620833333333334,232.41666666666666,225.29166666666666,14.629166666666665,0.16166666666666665,0.3466666666666667,20.158333333333335,20.091666666666665,20.383333333333333,20.3,0.38854166666666673,0.36224999999999996,0.36683333333333334,0.39799999999999996
2022-08-18,b,19.41304347826087,88.95652173913044,17.391304347826086,21.617391304347827,1012.7434782608696,880.0521739130435,0.0,74.08695652173913,22.695652173913043,46.608695652173914,86.47826086956522,194.34782608695653,82.26086956521739,112.08695652173913,111.93478260869566,2.1565217391304348,3.7652173913043474,215.2608695652174,229.1304347826087,9.656521739130435,0.13304347826086957,0.2956521739130435,20.517391304347825,20.33913043478261,20.343478260869563,20.3,0.39486956521739136,0.37504347826086953,0.36547826086956525,0.398
2022-08-19,b,19.391666666666666,88.125,17.25,21.97083333333333,1012.525,879.9583333333334,0.0,63.125,39.958333333333336,17.291666666666668,59.708333333333336,215.58333333333334,144.45833333333334,71.125,207.60833333333335,2.4375,3.2916666666666665,99.5,110.79166666666667,10.158333333333333,0.14791666666666667,0.3025,20.349999999999998,20.391666666666666,20.349999999999998,20.3,0.39316666666666666,0.3782916666666667,0.36441666666666667,0.397125
2022-08-21,b,18.708333333333332,93.54166666666667,17.554166666666667,20.0,1013.1208333333334,879.8708333333334,0.0,94.58333333333333,34.291666666666664,81.0,98.54166666666667,164.70833333333334,71.16666666666667,93.54166666666667,84.95416666666667,4.1499999999999995,6.5874999999999995,231.08333333333334,230.08333333333334,15.270833333333334,0.11041666666666666,0.16874999999999998,19.858333333333334,19.995833333333334,20.3,20.3,0.41383333333333333,0.41691666666666666,0.36975,0.397
2022-08-22,b,18.808333333333334,93.08333333333333,17.599999999999998,21.083333333333332,1012.725,879.8083333333334,0.0,94.29166666666667,40.875,66.79166666666667,94.875,165.41666666666666,64.04166666666667,101.375,77.10416666666667,2.470833333333333,3.4958333333333336,193.75,172.16666666666666,10.591666666666667,0.115,0.17416666666666666,20.045833333333334,20.0625,20.3,20.3,0.4180833333333333,0.42154166666666665,0.3775833333333333,0.397
2022-08-23,b,18.595833333333335,96.04166666666667,17.908333333333335,20.754166666666666,1013.4833333333332,880.2875,0.0,93.29166666666667,61.791666666666664,62.291666666666664,97.625,148.5,59.166666666666664,89.33333333333333,78.04583333333333,2.341666666666667,3.920833333333334,157.54166666666666,159.875,10.491666666666667,0.10208333333333335,0.09916666666666667,19.741666666666667,19.912499999999998,20.220833333333335,20.3,0.418375,0.42324999999999996,0.3870416666666667,0.397
2022-08-24,b,18.733333333333334,92.04166666666667,17.3625,20.962500000000002,1012.7583333333333,879.8666666666667,0.0,81.375,46.291666666666664,50.25,81.45833333333333,177.16666666666666,93.29166666666667,83.875,140.90833333333333,3.233333333333333,5.583333333333333,237.95833333333334,250.45833333333334,13.795833333333334,0.12125000000000001,0.18875,20.041666666666668,19.995833333333334,20.2,20.3,0.4150833333333333,0.423125,0.395,0.39658333333333334
2022-08-25,b,18.383333333333333,96.16666666666667,17.716666666666665,19.470833333333335,1012.3541666666666,879.1416666666668,0.0,100.0,69.58333333333333,93.375,97.375,78.95833333333333,10.875,68.08333333333333,15.320833333333333,6.333333333333333,10.720833333333333,229.625,231.0,29.875,0.05833333333333334,0.09166666666666667,19.345833333333335,19.766666666666666,20.175,20.3,0.42554166666666665,0.42891666666666667,0.4068333333333333,0.397
2022-08-26,b,18.7625,92.08333333333333,17.379166666666666,19.441666666666666,1012.8041666666667,879.5958333333333,0.0,95.875,40.416666666666664,83.58333333333333,99.95833333333333,101.83333333333333,16.25,85.58333333333333,21.037499999999998,7.2875000000000005,12.525,222.20833333333334,219.16666666666666,28.4375,0.07416666666666667,0.18791666666666665,19.454166666666666,19.554166666666667,20.1,20.3,0.4154166666666666,0.42487499999999995,0.42191666666666666,0.3978333333333333
2022-08-27,b,19.345833333333335,87.04166666666667,17.037499999999998,20.787499999999998,1012.35,879.4583333333334,0.0,79.91666666666667,24.375,57.416666666666664,98.33333333333333,198.91666666666666,105.95833333333333,92.95833333333333,139.01250000000002,3.3625000000000003,5.170833333333333,159.625,139.125,13.116666666666667,0.13583333333333333,0.31916666666666665,20.133333333333333,19.870833333333334,20.0125,20.3,0.40975,0.41287499999999994,0.421875,0.39962500000000006
2022-08-28,b,18.7375,95.54166666666667,17.954166666666666,20.8125,1012.4083333333333,879.4250000000001,0.0,91.16666666666667,38.541666666666664,76.125,95.5,133.75,55.0,78.75,66.37083333333334,2.5791666666666666,4.2875000000000005,154.08333333333334,160.41666666666666,10.799999999999999,0.09375,0.11333333333333334,20.054166666666667,20.1125,20.070833333333336,20.3,0.42250000000000004,0.42487499999999995,0.425,0.4015416666666667
2022-08-30,b,18.258333333333333,95.125,17.412499999999998,20.400000000000002,1013.1750000000001,880.0208333333334,0.0,88.54166666666667,52.041666666666664,60.125,97.75,112.08333333333333,30.041666666666668,82.04166666666667,45.5,3.5749999999999997,5.8875,205.16666666666666,210.08333333333334,15.854166666666666,0.08,0.11208333333333333,19.433333333333334,19.616666666666667,20.0,20.3,0.4187916666666667,0.4263333333333333,0.42945833333333333,0.4084583333333333
2022-08-31,b,18.7,88.91666666666667,16.733333333333334,20.670833333333334,1012.275,879.3791666666666,0.0,83.54166666666667,53.916666666666664,28.625,92.08333333333333,203.04166666666666,125.625,77.41666666666667,160.49583333333334,4.45,7.020833333333333,222.29166666666666,214.33333333333334,20.108333333333334,0.13875,0.27416666666666667,19.641666666666666,19.629166666666666,19.954166666666666,20.3,0.412375,0.42241666666666666,0.4282083333333333,0.41120833333333334
2022-09-01,b,18.454166666666666,93.95833333333333,17.441666666666666,19.608333333333334,1013.3874999999999,879.9541666666668,0.0,87.45833333333333,48.041666666666664,55.791666666666664,96.70833333333333,125.625,37.875,87.75,49.4,4.829166666666667,8.225,225.54166666666666,219.45833333333334,17.383333333333333,0.08375,0.13708333333333333,19.554166666666667,19.712500000000002,19.916666666666668,20.3,0.414,0.4225833333333333,0.42650000000000005,0.41333333333333333
2022-09-02,b,18.25,92.08333333333333,16.916666666666668,19.741666666666667,1014.0541666666667,880.5958333333333,0.0,76.08333333333333,30.666666666666668,50.5,91.375,152.125,53.791666666666664,98.33333333333333,87.12916666666666,3.579166666666667,6.045833333333333,202.29166666666666,176.16666666666666,16.120833333333334,0.10125,0.17416666666666666,19.179166666666667,19.379166666666666,19.9,20.3,0.41429166666666667,0.419375,0.42554166666666665,0.4149583333333333
2022-09-03,b,18.691666666666666,85.83333333333333,16.133333333333333,19.529166666666665,1013.8249999999999,880.7375000000001,0.0,85.04166666666667,43.416666666666664,41.041666666666664,95.70833333333333,179.0,74.75,104.25,103.15416666666665,8.754166666666666,13.924999999999999,221.08333333333334,221.08333333333334,26.837500000000002,0.12625,0.3425,19.658333333333335,19.570833333333333,19.837500000000002,20.3,0.40420833333333334,0.41124999999999995,0.42404166666666665,0.4160833333333333
2022-09-04,b,18.920833333333334,84.5,16.025000000000002,19.608333333333334,1014.0333333333333,880.8416666666667,0.0,64.5,14.291666666666666,39.708333333333336,92.45833333333333,239.70833333333334,149.29166666666666,90.41666666666667,196.94166666666663,7.7250000000000005,12.408333333333333,220.0,217.04166666666666,26.479166666666668,0.16166666666666668,0.39916666666666667,19.833333333333332,19.7,19.825,20.2625,0.40054166666666663,0.4001666666666667,0.42133333333333334,0.417
2022-09-05,b,19.349999999999998,81.5,15.85,21.308333333333334,1013.7458333333334,881.0333333333333,0.0,54.125,4.708333333333333,33.25,99.70833333333333,251.25,150.25,101.0,193.32083333333333,3.7458333333333336,5.320833333333334,229.0,219.41666666666666,14.954166666666666,0.17458333333333334,0.47291666666666665,20.066666666666666,19.962500000000002,19.8625,20.2,0.38208333333333333,0.388125,0.41791666666666666,0.417
2022-09-06,b,19.279166666666665,80.875,15.5,21.133333333333333,1013.6125000000001,880.8708333333334,0.0,46.583333333333336,12.083333333333334,11.333333333333334,96.08333333333333,277.5833333333333,209.04166666666666,68.54166666666667,255.71666666666667,5.041666666666667,7.5249999999999995,219.75,210.0,16.941666666666666,0.19041666666666668,0.5104166666666666,20.245833333333334,20.1375,19.941666666666666,20.2,0.3705833333333333,0.376875,0.4140833333333333,0.417
2022-09-07,b,18.454166666666666,79.25,14.512500000000001,18.8625,1014.5541666666667,881.1708333333332,0.0,47.833333333333336,2.9166666666666665,26.166666666666668,98.08333333333333,212.41666666666666,87.20833333333333,125.20833333333333,110.49583333333334,5.595833333333334,8.208333333333334,226.20833333333334,222.875,19.8875,0.15041666666666667,0.4908333333333333,19.587500000000002,19.912499999999998,20.0,20.2,0.3585,0.3672916666666666,0.40970833333333334,0.41654166666666664
2022-09-09,b,19.258333333333333,80.125,15.358333333333334,20.770833333333332,1015.0749999999999,882.0625,0.0,48.083333333333336,3.6666666666666665,36.291666666666664,76.75,274.0416666666667,207.5,66.54166666666667,268.90416666666664,5.3875,7.729166666666667,237.33333333333334,228.08333333333334,18.729166666666668,0.18666666666666668,0.5266666666666667,19.983333333333334,19.825,19.954166666666666,20.2,0.36591666666666667,0.357875,0.40025,0.416
2022-09-10,b,19.220833333333335,77.83333333333333,14.883333333333333,20.145833333333332,1014.4958333333334,881.3916666666668,0.0,52.75,9.375,33.5,86.79166666666667,271.3333333333333,194.04166666666666,77.29166666666667,263.3,4.883333333333334,6.833333333333333,210.0,202.91666666666666,18.962500000000002,0.18375,0.5629166666666666,20.175,20.091666666666665,20.0,20.2,0.35274999999999995,0.3521666666666667,0.39516666666666667,0.4154583333333333
2022-09-11,b,18.966666666666665,86.29166666666667,16.462500000000002,20.283333333333335,1014.0666666666666,880.7708333333334,0.0,73.95833333333333,9.166666666666666,65.5,87.79166666666667,246.41666666666666,157.375,89.04166666666667,200.7125,2.65,4.5625,157.58333333333334,154.25,12.112499999999999,0.16375,0.34041666666666665,20.1375,20.170833333333334,20.0,20.2,0.36345833333333327,0.3485833333333333,0.39045833333333335,0.415
2022-09-12,b,18.245833333333334,90.95833333333333,16.7,21.004166666666666,1013.8916666666668,880.8249999999999,0.0,89.375,51.333333333333336,46.625,88.875,169.625,60.625,109.0,85.59166666666665,2.220833333333333,3.3708333333333336,191.45833333333334,161.45833333333334,9.616666666666667,0.11708333333333333,0.20291666666666666,19.845833333333335,19.983333333333334,20.0,20.2,0.3977916666666667,0.3702083333333333,0.38679166666666664,0.415
2022-09-13,b,18.6125,89.04166666666667,16.633333333333333,20.599999999999998,1015.1875,881.9625,0.0,52.041666666666664,21.375,24.666666666666668,60.041666666666664,215.91666666666666,138.58333333333334,77.33333333333333,193.73749999999998,4.5625,6.970833333333334,227.08333333333334,225.95833333333334,14.9375,0.14541666666666667,0.2704166666666667,19.941666666666666,19.904166666666665,20.0,20.2,0.40220833333333333,0.4027083333333334,0.38495833333333335,0.414375
2022-09-14,b,18.325,89.0,16.320833333333333,20.8625,1016.0458333333332,882.6791666666667,0.0,75.58333333333333,36.458333333333336,42.375,87.79166666666667,227.75,137.58333333333334,90.16666666666667,159.00416666666666,2.1666666666666665,3.420833333333333,206.79166666666666,218.79166666666666,12.4375,0.1575,0.27208333333333334,19.708333333333332,19.849999999999998,20.0,20.2,0.4134166666666667,0.409875,0.38504166666666667,0.414
2022-09-15,b,18.321739130434782,89.08695652173913,16.321739130434782,21.52173913043478,1015.3086956521738,882.2608695652174,0.0,72.6086956521739,27.73913043478261,35.47826086956522,92.65217391304348,224.52173913043478,120.73913043478261,103.78260869565217,152.4217391304348,1.9739130434782608,2.930434782608696,172.30434782608697,171.7826086956522,10.57391304347826,0.15478260869565216,0.2717391304347826,19.547826086956523,19.64782608695652,20.0,20.2,0.41182608695652173,0.4120869565217391,0.3860869565217392,0.41400000000000003
2022-09-17,b,18.633333333333333,87.625,16.391666666666666,20.349999999999998,1013.5749999999999,880.4625,0.0,80.54166666666667,50.0,42.791666666666664,78.5,215.66666666666666,120.95833333333333,94.70833333333333,146.52916666666667,4.866666666666666,7.529166666666666,218.08333333333334,222.45833333333334,17.120833333333334,0.14583333333333334,0.3075,19.745833333333334,19.787499999999998,19.9,20.2,0.40737500000000004,0.4070833333333333,0.3875,0.413
2022-09-18,b,18.533333333333335,88.125,16.404166666666665,18.795833333333334,1014.9416666666666,881.2916666666666,0.0,83.25,37.541666666666664,75.125,99.08333333333333,143.875,27.416666666666668,116.45833333333333,38.175000000000004,6.4624999999999995,10.729166666666666,214.79166666666666,215.5,23.241666666666664,0.09708333333333334,0.2804166666666667,19.470833333333335,19.654166666666665,19.9,20.2,0.4164583333333333,0.41629166666666667,0.388625,0.413
2022-09-19,b,18.70416666666667,84.0,15.833333333333334,20.645833333333332,1014.6041666666666,881.5333333333333,0.0,60.541666666666664,13.208333333333334,33.208333333333336,96.41666666666667,223.25,152.95833333333334,70.29166666666667,202.70000000000002,4.4125,6.833333333333333,208.625,204.5,17.9375,0.15458333333333332,0.375,19.675,19.670833333333334,19.9,20.2,0.40562499999999996,0.4086666666666667,0.38999999999999996,0.41241666666666665
2022-09-20,b,18.445833333333333,90.16666666666667,16.708333333333332,20.599999999999998,1014.2125,880.975,0.0,81.375,42.958333333333336,39.666666666666664,98.25,187.83333333333334,67.0,120.83333333333333,79.27083333333333,2.970833333333333,3.9416666666666664,203.625,197.625,11.183333333333332,0.12875,0.24083333333333334,19.604166666666668,19.691666666666666,19.9,20.2,0.40929166666666666,0.41483333333333333,0.39058333333333334,0.412
2022-09-21,b,18.208333333333332,93.29166666666667,17.058333333333334,20.704166666666666,1013.7333333333332,880.5875,0.0,84.58333333333333,43.375,46.916666666666664,87.04166666666667,185.70833333333334,102.08333333333333,83.625,135.91666666666666,3.095833333333333,4.883333333333334,203.25,195.0,13.429166666666667,0.12833333333333333,0.16125,19.470833333333335,19.604166666666668,19.85833333333333,20.2,0.41441666666666666,0.42,0.3945,0.412
2022-09-22,b,18.045833333333334,94.20833333333333,17.025000000000002,19.033333333333335,1013.7833333333333,880.1791666666667,0.0,80.125,29.958333333333332,70.75,90.75,99.29166666666667,29.625,69.66666666666667,44.07083333333333,4.245833333333334,6.8,233.16666666666666,230.54166666666666,16.754166666666666,0.06916666666666667,0.14166666666666666,19.033333333333335,19.349999999999998,19.8125,20.154166666666665,0.42,0.425,0.40445833333333336,0.412
2022-09-23,b,18.5,87.125,16.179166666666667,20.620833333333334,1013.5666666666666,880.6,0.0,75.66666666666667,40.458333333333336,53.125,75.29166666666667,233.25,165.66666666666666,67.58333333333333,227.04583333333332,4.3999999999999995,6.7124999999999995,213.125,213.875,16.95,0.15708333333333332,0.3129166666666667,19.375,19.337500000000002,19.733333333333334,20.1,0.41183333333333333,0.41766666666666663,0.4101666666666666,0.412
2022-09-24,b,19.0625,89.66666666666667,17.208333333333332,20.833333333333332,1013.0500000000001,880.125,0.0,89.45833333333333,60.041666666666664,52.083333333333336,91.95833333333333,226.5,141.75,84.75,177.32500000000002,4.4875,7.116666666666667,230.91666666666666,230.20833333333334,18.616666666666667,0.15375,0.2625,20.016666666666666,19.766666666666666,19.724999999999998,20.1,0.4143333333333333,0.4226666666666667,0.4130416666666667,0.412
2022-09-25,b,18.9375,88.08333333333333,16.791666666666668,20.17083333333333,1013.0708333333333,880.0124999999999,0.0,87.54166666666667,37.666666666666664,60.833333333333336,92.04166666666667,173.625,91.20833333333333,82.41666666666667,122.74166666666667,5.9624999999999995,9.566666666666666,226.45833333333334,227.54166666666666,21.191666666666666,0.11416666666666668,0.29125,20.037499999999998,20.0,19.8,20.1,0.4163333333333333,0.41791666666666666,0.415,0.412
2022-09-26,b,19.308333333333334,85.875,16.662499999999998,20.941666666666666,1012.9125,880.0791666666668,0.0,82.375,23.5,57.166666666666664,98.125,228.45833333333334,125.29166666666667,103.16666666666667,156.63750000000002,5.054166666666666,8.433333333333334,220.33333333333334,224.83333333333334,20.545833333333334,0.15708333333333332,0.37166666666666665,20.345833333333335,20.091666666666665,19.829166666666666,20.1,0.4164583333333333,0.418,0.4150833333333333,0.412
2022-09-27,b,18.645833333333332,88.58333333333333,16.608333333333334,19.633333333333333,1013.0083333333333,879.7666666666668,0.0,86.29166666666667,49.291666666666664,55.0,98.29166666666667,175.29166666666666,79.125,96.16666666666667,92.10416666666667,5.7250000000000005,9.808333333333334,218.5,216.75,22.212500000000002,0.12041666666666667,0.27458333333333335,19.875,20.058333333333334,19.9,20.1,0.411875,0.41724999999999995,0.4150416666666667,0.412
2022-09-28,b,18.458333333333332,91.54166666666667,17.0,18.912499999999998,1012.1125000000001,878.7833333333333,0.0,100.0,72.08333333333333,79.83333333333333,99.375,94.70833333333333,14.458333333333334,80.25,18.754166666666666,8.804166666666667,15.125,216.5,212.0,34.88333333333333,0.06375,0.19375,19.291666666666668,19.599999999999998,19.9,20.1,0.42641666666666667,0.42933333333333334,0.42,0.412375
2022-09-29,b,19.3625,83.83333333333333,16.441666666666666,19.791666666666668,1011.6416666666668,878.8166666666666,0.0,96.0,58.625,52.125,97.45833333333333,172.20833333333334,80.375,91.83333333333333,109.83749999999999,9.0375,14.7875,216.54166666666666,212.75,32.05833333333333,0.11416666666666665,0.39166666666666666,19.912499999999998,19.733333333333334,19.9,20.1,0.4053333333333333,0.41566666666666663,0.421875,0.41320833333333334
2022-09-30,b,18.083333333333332,96.875,17.575,20.783333333333335,1012.8083333333334,879.7541666666666,0.0,93.83333333333333,34.666666666666664,79.875,99.58333333333333,62.458333333333336,7.083333333333333,55.375,8.908333333333333,3.2624999999999997,5.8999999999999995,243.625,228.625,12.545833333333334,0.04833333333333334,0.06333333333333334,19.020833333333332,19.479166666666668,19.85833333333333,20.1,0.4149583333333333,0.41075,0.42025,0.414
2022-10-01,b,18.833333333333332,93.08333333333333,17.599999999999998,21.141666666666666,1013.1666666666666,880.2041666666668,0.0,96.66666666666667,48.083333333333336,83.25,95.41666666666667,152.91666666666666,52.458333333333336,100.45833333333333,69.10833333333333,3.3249999999999997,5.508333333333333,112.66666666666667,94.79166666666667,12.495833333333332,0.10416666666666667,0.17333333333333334,19.991666666666667,19.695833333333333,19.8,20.1,0.42158333333333337,0.42758333333333337,0.42166666666666663,0.41474999999999995
2022-10-02,b,18.691666666666666,95.875,17.991666666666667,20.95,1012.9041666666667,879.9333333333334,0.0,96.54166666666667,52.5,88.66666666666667,89.375,111.16666666666667,27.458333333333332,83.70833333333333,35.416666666666664,3.033333333333333,4.633333333333334,195.625,179.20833333333334,11.716666666666667,0.07958333333333333,0.10166666666666667,19.745833333333334,19.8,19.8,20.1,0.42170833333333335,0.42754166666666665,0.4263333333333333,0.41570833333333335
2022-10-03,b,18.920833333333334,92.75,17.620833333333334,20.837500000000002,1012.3958333333334,879.4208333333332,0.0,95.45833333333333,55.333333333333336,79.54166666666667,96.91666666666667,191.5,85.91666666666667,105.58333333333333,106.92916666666666,3.283333333333333,5.6625000000000005,240.29166666666666,238.41666666666666,14.945833333333333,0.12875,0.18416666666666667,19.900000000000002,19.854166666666668,19.816666666666666,20.1,0.41133333333333333,0.4200833333333333,0.4295833333333334,0.4177916666666666
2022-10-04,b,18.462500000000002,94.16666666666667,17.404166666666665,19.900000000000002,1012.6583333333333,879.4833333333332,0.0,83.83333333333333,52.583333333333336,53.833333333333336,96.0,157.16666666666666,74.16666666666667,83.0,98.37916666666666,5.2,7.966666666666666,237.91666666666666,235.75,20.779166666666665,0.10708333333333332,0.15375,19.770833333333332,19.829166666666666,19.85833333333333,20.1,0.413375,0.4187916666666667,0.43249999999999994,0.42054166666666665
2022-10-05,b,18.408333333333335,93.625,17.258333333333333,19.0,1013.6708333333332,880.1125000000001,0.0,97.5,46.125,91.125,97.95833333333333,104.0,20.0,84.0,25.0,6.2749999999999995,10.683333333333332,225.79166666666666,226.45833333333334,27.379166666666666,0.0725,0.15875,19.462500000000002,19.633333333333333,19.833333333333332,20.1,0.42195833333333327,0.42449999999999993,0.43333333333333335,0.4240833333333333
2022-10-06,b,18.779166666666665,90.91666666666667,17.154166666666665,19.983333333333334,1013.4583333333334,880.2958333333332,0.0,95.375,40.041666666666664,85.25,94.83333333333333,154.875,54.75,100.125,80.0125,5.833333333333333,9.891666666666667,223.79166666666666,223.625,24.745833333333334,0.10791666666666666,0.22916666666666666,19.670833333333334,19.604166666666668,19.8,20.1,0.41562499999999997,0.41775,0.4305833333333333,0.4262916666666667
2022-10-07,b,18.779166666666665,90.66666666666667,17.091666666666665,19.758333333333333,1013.7958333333332,880.4875000000001,0.0,95.29166666666667,42.041666666666664,78.70833333333333,97.45833333333333,150.91666666666666,51.0,99.91666666666667,72.62083333333334,5.6499999999999995,8.762500000000001,225.75,225.41666666666666,23.525000000000002,0.1025,0.22958333333333333,19.662499999999998,19.7375,19.8,20.1,0.40558333333333335,0.4085833333333333,0.427875,0.427
2022-10-08,b,18.083333333333332,91.70833333333333,16.641666666666666,20.695833333333333,1013.9958333333334,880.8958333333334,0.0,82.25,18.958333333333332,73.0,82.04166666666667,159.125,70.20833333333333,88.91666666666667,86.83749999999999,4.033333333333333,6.454166666666667,216.20833333333334,211.79166666666666,14.979166666666666,0.11166666666666668,0.19041666666666668,19.0625,19.383333333333333,19.8,20.087500000000002,0.4093333333333333,0.40608333333333335,0.42449999999999993,0.427
2022-10-09,b,18.395833333333332,89.75,16.504166666666666,20.162499999999998,1014.5833333333334,881.4,0.0,76.45833333333333,8.791666666666666,65.625,98.75,154.625,40.666666666666664,113.95833333333333,51.4625,3.9416666666666664,6.458333333333333,224.41666666666666,222.75,15.045833333333334,0.11291666666666667,0.25708333333333333,19.379166666666666,19.375,19.720833333333335,20.0,0.4130416666666667,0.414125,0.42133333333333334,0.427
2022-10-10,b,18.8625,82.20833333333333,15.379166666666668,21.220833333333335,1014.9375,881.9541666666668,0.0,59.208333333333336,5.875,41.333333333333336,96.95833333333333,248.25,163.25,85.0,221.1,3.2083333333333335,5.125,215.375,215.70833333333334,14.579166666666667,0.1708333333333333,0.46375000000000005,19.620833333333334,19.483333333333334,19.7,20.0,0.39970833333333333,0.40399999999999997,0.4171666666666667,0.42650000000000005
2022-10-11,b,19.279166666666665,78.95833333333333,15.15,20.483333333333334,1014.7666666666668,881.5958333333333,0.0,50.875,14.125,19.291666666666668,93.04166666666667,266.6666666666667,184.20833333333334,82.45833333333333,242.72083333333333,4.875,8.091666666666667,209.08333333333334,204.0,18.537499999999998,0.17916666666666667,0.5466666666666666,20.145833333333332,19.891666666666666,19.7125,20.0,0.38883333333333336,0.39445833333333336,0.41162499999999996,0.426
2022-10-12,b,18.825,86.0,16.3,20.254166666666666,1014.775,881.5416666666666,0.0,74.58333333333333,18.333333333333332,49.458333333333336,95.79166666666667,181.58333333333334,58.75,122.83333333333333,87.16250000000001,3.704166666666667,5.654166666666666,211.875,205.29166666666666,12.991666666666667,0.12625,0.33791666666666664,19.875,19.954166666666666,19.8,20.0,0.3797083333333333,0.385,0.40549999999999997,0.4258333333333333
2022-10-13,b,18.795833333333334,84.20833333333333,15.887500000000001,20.55,1014.0458333333332,880.9375,0.0,73.625,40.291666666666664,21.833333333333332,87.45833333333333,242.75,163.375,79.375,213.95833333333334,4.004166666666666,6.433333333333334,215.5,210.375,16.650000000000002,0.16333333333333333,0.38625,19.8875,19.866666666666667,19.8,20.0,0.37975000000000003,0.37845833333333334,0.3993333333333333,0.425
2022-10-14,b,18.258333333333333,90.79166666666667,16.625,19.970833333333335,1013.2416666666667,880.0875,0.0,88.45833333333333,55.375,27.875,96.79166666666667,146.25,39.875,106.375,53.175000000000004,4.495833333333334,6.845833333333334,212.625,210.25,16.879166666666666,0.10416666666666667,0.22083333333333333,19.433333333333334,19.7,19.8,20.0,0.39775,0.38008333333333333,0.3935416666666667,0.4247916666666667
2022-10-15,b,17.925,95.70833333333333,17.2,19.254166666666666,1012.8541666666666,879.4458333333333,0.0,96.70833333333333,60.166666666666664,49.958333333333336,96.75,85.70833333333333,10.458333333333334,75.25,15.133333333333333,6.3625,10.450000000000001,221.54166666666666,218.66666666666666,21.724999999999998,0.058750000000000004,0.09375,18.925,19.254166666666666,19.8,20.0,0.4190833333333333,0.4177916666666666,0.39433333333333337,0.424
2022-10-16,b,18.229166666666668,93.08333333333333,17.0125,19.266666666666666,1014.7375000000001,881.2041666666668,0.0,97.41666666666667,53.875,71.0,99.5,136.29166666666666,41.333333333333336,94.95833333333333,47.775000000000006,7.9750000000000005,13.35,217.16666666666666,215.5,29.816666666666666,0.09083333333333334,0.1625,19.008333333333333,19.170833333333334,19.7,20.0,0.4167083333333333,0.416125,0.39854166666666674,0.424
2022-10-17,b,19.308333333333334,82.375,15.9125,20.183333333333334,1014.25,881.1750000000001,0.0,63.083333333333336,4.125,49.375,99.125,253.79166666666666,155.66666666666666,98.125,203.3708333333333,5.766666666666667,9.983333333333333,223.91666666666666,217.83333333333334,25.583333333333332,0.1729166666666667,0.46541666666666665,20.066666666666666,19.575,19.650000000000002,20.0,0.4056666666666667,0.41375,0.39808333333333334,0.423375
2022-10-18,b,19.195833333333333,83.58333333333333,16.2,20.016666666666666,1013.7666666666668,880.6333333333333,0.0,66.25,29.041666666666668,22.5,99.25,215.875,122.5,93.375,164.79583333333332,6.545833333333333,10.575000000000001,222.0,218.16666666666666,23.34583333333333,0.145,0.4058333333333333,20.0125,19.995833333333334,19.704166666666666,20.0,0.39683333333333337,0.40175000000000005,0.39487500000000003,0.423
2022-10-19,b,19.279166666666665,81.16666666666667,15.716666666666667,19.6875,1013.4041666666667,880.35,0.0,73.54166666666667,22.041666666666668,43.375,97.875,242.66666666666666,143.79166666666666,98.875,193.95000000000002,8.7875,14.508333333333333,218.95833333333334,217.125,32.475,0.16041666666666668,0.4808333333333334,20.1875,20.0,19.766666666666666,20.0,0.389,0.3960000000000001,0.39091666666666663,0.4223333333333333
2022-10-20,b,19.1875,82.66666666666667,16.054166666666667,19.229166666666668,1014.0666666666666,880.6958333333333,0.0,82.875,45.083333333333336,36.333333333333336,90.0,213.04166666666666,127.66666666666667,85.375,163.84583333333333,8.691666666666666,14.362499999999999,216.08333333333334,215.0,33.31666666666667,0.13458333333333333,0.41958333333333336,20.158333333333335,20.079166666666666,19.808333333333334,20.0,0.38129166666666664,0.387375,0.3861666666666667,0.421875
2022-10-21,b,18.875,90.5,17.195833333333333,20.462500000000002,1014.9041666666667,881.7333333333332,0.0,92.66666666666667,59.541666666666664,49.5,96.58333333333333,125.16666666666667,37.458333333333336,87.70833333333333,56.55416666666667,8.033333333333333,12.883333333333333,216.66666666666666,214.45833333333334,27.745833333333334,0.08750000000000001,0.22791666666666666,19.704166666666666,19.895833333333332,19.9,20.0,0.39395833333333335,0.3857916666666667,0.382125,0.421
2022-10-22,b,18.383333333333333,98.45833333333333,18.087500000000002,20.558333333333334,1015.5166666666668,882.0333333333333,0.0,93.16666666666667,23.458333333333332,88.33333333333333,99.70833333333333,90.25,19.041666666666668,71.20833333333333,26.02916666666667,3.1333333333333333,5.483333333333333,207.41666666666666,198.20833333333334,14.799999999999999,0.065,0.0425,19.395833333333332,19.595833333333335,19.837500000000002,20.0,0.42391666666666666,0.4197916666666666,0.38558333333333333,0.421
2022-10-23,b,18.8875,93.41666666666667,17.716666666666665,21.220833333333335,1015.475,882.2166666666667,0.0,93.79166666666667,41.291666666666664,67.29166666666667,97.625,177.04166666666666,79.04166666666667,98.0,119.59166666666665,3.0583333333333336,5.204166666666667,125.08333333333333,115.41666666666667,11.966666666666667,0.11958333333333333,0.165,19.849999999999998,19.787499999999998,19.8,20.0,0.4165833333333333,0.4243333333333333,0.39645833333333336,0.4202083333333333
2022-10-26,b,18.966666666666665,93.625,17.85,21.083333333333332,1014.7041666666668,881.5375,0.0,93.29166666666667,35.875,80.16666666666667,100.0,164.70833333333334,63.833333333333336,100.875,79.04166666666667,3.4,5.441666666666666,222.75,218.95833333333334,13.204166666666666,0.1125,0.15875,19.974999999999998,19.933333333333334,19.820833333333333,20.0,0.41033333333333327,0.41629166666666667,0.41054166666666664,0.42
2022-10-27,b,18.570833333333333,93.91666666666667,17.5125,20.654166666666665,1013.4291666666667,880.2916666666666,0.0,100.0,60.958333333333336,84.125,99.41666666666667,145.16666666666666,48.958333333333336,96.20833333333333,63.57083333333333,4.054166666666666,6.454166666666667,207.875,208.125,16.5625,0.09749999999999999,0.14416666666666667,19.683333333333334,19.804166666666667,19.85833333333333,20.0,0.41975,0.4212916666666666,0.41041666666666665,0.42
2022-10-29,b,18.720833333333335,93.83333333333333,17.625,21.116666666666667,1011.9583333333334,879.1625,0.0,98.75,69.83333333333333,61.708333333333336,98.41666666666667,179.41666666666666,85.54166666666667,93.875,112.10416666666667,3.2708333333333335,5.375,220.04166666666666,212.16666666666666,14.612499999999999,0.125,0.16,19.883333333333333,19.733333333333334,19.8,20.0,0.4190416666666667,0.42124999999999996,0.4347916666666667,0.423
2022-10-30,b,18.224999999999998,98.54166666666667,17.966666666666665,20.75,1012.5291666666667,879.5625,0.0,99.375,78.91666666666667,62.25,98.79166666666667,89.25,24.916666666666668,64.33333333333333,32.4625,4.454166666666667,7.716666666666666,211.25,211.41666666666666,22.05,0.06625,0.03833333333333333,19.275000000000002,19.591666666666665,19.8,19.925,0.42845833333333333,0.425875,0.43370833333333336,0.4262916666666667
2022-10-31,b,18.091666666666665,98.95833333333333,17.870833333333334,20.525000000000002,1013.3458333333333,880.1916666666666,0.0,98.91666666666667,57.833333333333336,87.16666666666667,98.66666666666667,57.083333333333336,8.5,48.583333333333336,12.0375,4.616666666666666,7.675,222.5,221.0,16.483333333333334,0.045000000000000005,0.030833333333333334,18.983333333333334,19.270833333333332,19.75,19.9,0.42425,0.42366666666666664,0.4360833333333333,0.43133333333333335
2022-11-01,b,18.291666666666668,95.79166666666667,17.529166666666665,20.933333333333334,1013.3833333333333,880.4,0.0,91.29166666666667,42.625,73.625,99.375,81.29166666666667,14.125,67.16666666666667,21.695833333333336,3.7291666666666665,6.108333333333333,191.75,192.04166666666666,15.316666666666668,0.06291666666666666,0.10791666666666666,19.325,19.245833333333334,19.7,19.9,0.41933333333333334,0.41762499999999997,0.4350416666666667,0.43516666666666665
2022-11-02,b,18.349999999999998,94.29166666666667,17.3625,21.400000000000002,1013.1833333333334,880.4125,0.0,89.25,47.166666666666664,55.666666666666664,99.54166666666667,153.08333333333334,66.5,86.58333333333333,87.70416666666667,3.6458333333333335,6.133333333333333,202.25,188.83333333333334,13.637500000000001,0.10833333333333334,0.1325,19.25,19.425,19.633333333333336,19.9,0.42124999999999996,0.4159583333333334,0.42845833333333333,0.43616666666666665
2022-11-03,b,18.150000000000002,94.79166666666667,17.233333333333334,21.108333333333334,1013.4625,880.5333333333333,0.0,98.08333333333333,66.08333333333333,69.95833333333333,99.875,145.29166666666666,58.5,86.79166666666667,87.21666666666665,3.5708333333333333,5.658333333333334,228.29166666666666,220.79166666666666,14.575000000000001,0.10125,0.12666666666666668,19.224999999999998,19.325,19.6,19.9,0.415375,0.42595833333333327,0.42274999999999996,0.436
2022-11-04,b,18.204166666666666,96.08333333333333,17.5125,19.662499999999998,1014.7791666666667,881.2666666666668,0.0,100.0,66.33333333333333,89.625,99.875,95.625,14.833333333333334,80.79166666666667,19.654166666666665,6.208333333333333,10.291666666666666,221.125,220.70833333333334,28.224999999999998,0.06666666666666667,0.09791666666666667,19.154166666666665,19.270833333333332,19.6,19.9,0.41962499999999997,0.424625,0.4186666666666667,0.43520833333333336
2022-11-05,b,18.866666666666667,86.875,16.366666666666667,20.920833333333334,1015.2708333333334,882.1958333333333,0.0,62.041666666666664,19.083333333333332,34.958333333333336,90.25,217.95833333333334,145.91666666666666,72.04166666666667,192.66250000000002,6.854166666666667,11.008333333333333,221.75,222.29166666666666,26.02916666666667,0.14708333333333332,0.34791666666666665,19.662499999999998,19.45,19.570833333333336,19.9,0.41583333333333333,0.42375,0.4189583333333333,0.4347083333333333
2022-11-06,b,18.587500000000002,86.625,16.183333333333334,20.841666666666665,1015.3166666666666,882.1083333333332,0.0,70.20833333333333,23.541666666666668,41.958333333333336,97.58333333333333,189.70833333333334,117.04166666666667,72.66666666666667,166.1625,3.9125,6.112500000000001,219.5,214.58333333333334,17.341666666666665,0.12833333333333333,0.3204166666666667,19.4375,19.529166666666665,19.6,19.9,0.40608333333333335,0.41604166666666664,0.4095,0.434
2022-11-07,b,18.441666666666666,92.20833333333333,17.058333333333334,21.1375,1014.9916666666667,881.8291666666668,0.0,85.95833333333333,36.708333333333336,54.25,99.66666666666667,174.33333333333334,57.875,116.45833333333333,72.72500000000001,3.608333333333333,5.9125000000000005,214.66666666666666,208.95833333333334,15.770833333333334,0.11916666666666666,0.19291666666666665,19.679166666666667,19.599999999999998,19.6,19.9,0.4139583333333334,0.41912499999999997,0.4023333333333334,0.433
2022-11-09,b,18.075,92.75,16.8125,21.095833333333335,1014.0375,881.0083333333333,0.0,72.125,22.791666666666668,43.583333333333336,97.91666666666667,154.16666666666666,57.458333333333336,96.70833333333333,82.0625,4.283333333333333,6.9875,81.91666666666667,90.83333333333333,15.283333333333333,0.10375000000000001,0.17041666666666666,19.120833333333334,19.349999999999998,19.6,19.9,0.41758333333333336,0.425375,0.4074583333333333,0.43154166666666666
2022-11-10,b,17.45,95.0,16.583333333333332,20.466666666666665,1013.8541666666666,880.6833333333334,0.0,94.83333333333333,53.708333333333336,59.083333333333336,99.79166666666667,113.70833333333333,37.291666666666664,76.41666666666667,52.65416666666667,4.45,9.375,103.66666666666667,116.25,17.712500000000002,0.07875,0.10958333333333332,18.320833333333333,18.866666666666667,19.554166666666667,19.9,0.4123333333333334,0.42154166666666665,0.40679166666666666,0.431
2022-11-11,b,17.1125,99.91666666666667,17.0625,20.354166666666668,1013.4375,880.1916666666666,0.0,97.875,76.5,87.91666666666667,99.95833333333333,63.458333333333336,11.416666666666666,52.041666666666664,14.529166666666667,4.25,9.112499999999999,98.66666666666667,109.70833333333333,19.445833333333333,0.04750000000000001,0.007916666666666667,18.058333333333334,18.479166666666668,19.441666666666666,19.9,0.42845833333333333,0.431125,0.4182916666666667,0.4305833333333333
2022-11-12,b,17.966666666666665,97.04166666666667,17.462500000000002,20.870833333333334,1012.6958333333333,879.6291666666666,0.0,100.0,93.70833333333333,85.58333333333333,99.66666666666667,68.83333333333333,16.375,52.458333333333336,23.15833333333333,3.141666666666667,5.279166666666667,90.04166666666667,113.70833333333333,19.066666666666666,0.050416666666666665,0.06791666666666667,18.533333333333335,18.5625,19.316666666666666,19.9,0.42041666666666666,0.42283333333333334,0.436375,0.434625
2022-11-13,b,18.008333333333333,99.25,17.870833333333334,21.391666666666666,1012.5791666666668,879.6958333333333,0.0,100.0,87.04166666666667,96.41666666666667,99.91666666666667,59.916666666666664,9.416666666666666,50.5,11.512500000000001,3.045833333333333,5.079166666666667,153.25,166.375,11.5875,0.04750000000000001,0.01958333333333333,18.683333333333334,18.8125,19.254166666666666,19.816666666666666,0.4242083333333333,0.42554166666666665,0.43212500000000004,0.43733333333333335
2022-11-14,b,18.3625,95.83333333333333,17.629166666666666,20.570833333333333,1012.7666666666668,879.7666666666668,0.0,96.875,54.708333333333336,70.58333333333333,99.125,124.5,37.583333333333336,86.91666666666667,56.71666666666667,4.616666666666666,7.0125,226.125,224.375,20.224999999999998,0.08625,0.10208333333333335,19.095833333333335,19.008333333333333,19.2,19.8,0.41683333333333333,0.42720833333333336,0.41225,0.4375833333333334
2022-11-15,b,18.150000000000002,93.66666666666667,17.05,19.7,1013.1625,879.9625,0.0,99.54166666666667,78.58333333333333,62.0,99.79166666666667,106.0,27.125,78.875,36.53333333333334,7.841666666666666,13.495833333333332,216.5,214.0,35.21666666666667,0.0725,0.14875,18.816666666666666,18.9375,19.2,19.8,0.41570833333333335,0.42383333333333334,0.4105833333333333,0.43625
2022-11-16,b,19.25,87.875,17.095833333333335,20.8875,1012.5958333333333,879.8083333333334,0.0,89.33333333333333,52.458333333333336,60.875,93.875,199.91666666666666,115.79166666666667,84.125,165.50833333333333,7.120833333333334,11.958333333333334,212.95833333333334,211.79166666666666,33.12083333333333,0.13041666666666665,0.3020833333333333,19.6875,19.345833333333335,19.224999999999998,19.8,0.41391666666666665,0.41570833333333335,0.4022916666666667,0.435125
2022-11-17,b,18.958333333333332,88.29166666666667,16.879166666666666,19.670833333333334,1012.9583333333334,879.7875,0.0,90.04166666666667,52.0,56.125,99.58333333333333,178.83333333333334,86.91666666666667,91.91666666666667,108.36250000000001,7.4624999999999995,12.475,217.75,216.375,27.608333333333334,0.11625,0.2866666666666667,19.616666666666667,19.520833333333332,19.3,19.8,0.4130416666666667,0.41454166666666664,0.3937916666666667,0.43375
2022-11-18,b,18.970833333333335,85.58333333333333,16.333333333333332,20.716666666666665,1013.1083333333332,880.2166666666667,0.0,71.75,30.083333333333332,37.5,94.66666666666667,197.16666666666666,108.16666666666667,89.0,149.39166666666668,5.8999999999999995,9.341666666666667,211.79166666666666,208.04166666666666,22.508333333333336,0.13291666666666666,0.3541666666666667,19.745833333333334,19.591666666666665,19.3875,19.8,0.40687500000000004,0.40891666666666665,0.3870833333333334,0.43254166666666666
2022-11-19,b,18.1875,96.58333333333333,17.57916666666667,20.349999999999998,1013.2833333333333,880.1,0.0,91.91666666666667,48.25,78.58333333333333,97.04166666666667,98.54166666666667,23.041666666666668,75.5,28.858333333333334,4.791666666666667,7.854166666666667,207.70833333333334,199.70833333333334,19.108333333333334,0.07,0.08541666666666665,19.254166666666666,19.474999999999998,19.4,19.8,0.4204583333333333,0.42112499999999997,0.38491666666666663,0.431375
2022-11-20,b,18.904166666666665,89.95833333333333,17.095833333333335,21.004166666666666,1012.0375,879.3249999999999,0.0,68.70833333333333,37.0,30.416666666666668,74.79166666666667,196.70833333333334,124.625,72.08333333333333,182.54166666666666,5.25,8.533333333333333,214.08333333333334,203.54166666666666,23.520833333333332,0.13208333333333333,0.25458333333333333,19.729166666666668,19.525000000000002,19.425,19.8,0.4087083333333334,0.42175,0.39808333333333334,0.43045833333333333
2022-11-21,b,18.858333333333334,87.125,16.554166666666667,20.329166666666666,1011.9083333333333,879.0916666666667,0.0,66.20833333333333,30.75,16.125,97.70833333333333,179.5,64.25,115.25,87.04583333333333,6.320833333333333,10.666666666666666,216.20833333333334,213.29166666666666,24.224999999999998,0.12,0.3104166666666667,19.616666666666667,19.575,19.5,19.8,0.40358333333333335,0.41279166666666667,0.3961666666666667,0.4297916666666666
2022-11-22,b,19.029166666666665,86.25,16.545833333333334,20.708333333333332,1012.6333333333333,879.8333333333334,0.0,73.0,46.375,11.833333333333334,84.125,212.625,133.20833333333334,79.41666666666667,184.09166666666667,7.291666666666667,11.637500000000001,216.375,216.04166666666666,25.90416666666667,0.13916666666666666,0.34375,19.770833333333332,19.704166666666666,19.5,19.770833333333332,0.40116666666666667,0.4077916666666666,0.3912083333333334,0.429
2022-11-23,b,18.974999999999998,86.04166666666667,16.429166666666667,20.308333333333334,1013.3833333333333,880.4041666666667,0.0,86.08333333333333,55.916666666666664,21.291666666666668,86.20833333333333,200.45833333333334,130.5,69.95833333333333,184.34583333333333,7.666666666666667,11.9625,219.70833333333334,220.25,26.108333333333334,0.13,0.3441666666666667,19.833333333333332,19.7375,19.558333333333334,19.7,0.40087500000000004,0.40641666666666665,0.387125,0.42804166666666665
2022-11-24,b,18.733333333333334,87.25,16.425,20.083333333333332,1013.7208333333333,880.6166666666667,0.0,89.08333333333333,63.375,39.333333333333336,67.33333333333333,179.66666666666666,106.875,72.79166666666667,152.525,8.233333333333333,13.475,217.58333333333334,216.0,29.691666666666666,0.1175,0.31,19.650000000000002,19.7,19.6,19.7,0.4035416666666667,0.40158333333333335,0.3827083333333334,0.4272916666666666
2022-11-25,b,18.95,85.125,16.258333333333333,20.408333333333335,1014.4208333333332,881.3458333333333,0.0,72.54166666666667,42.541666666666664,24.541666666666668,80.75,229.08333333333334,154.16666666666666,74.91666666666667,214.62916666666663,7.304166666666667,11.700000000000001,217.95833333333334,219.08333333333334,25.412499999999998,0.15333333333333332,0.3670833333333334,19.733333333333334,19.654166666666665,19.6,19.7,0.40025,0.40025,0.3786666666666667,0.42645833333333333
2022-11-26,b,18.879166666666666,86.33333333333333,16.366666666666667,21.133333333333333,1013.8458333333333,881.0458333333332,0.0,76.875,46.416666666666664,16.791666666666668,88.58333333333333,206.5,115.375,91.125,171.24166666666667,5.4375,8.6875,217.375,216.45833333333334,20.033333333333335,0.14166666666666666,0.34208333333333335,19.866666666666667,19.783333333333335,19.616666666666667,19.7,0.3895416666666667,0.393125,0.3745,0.42554166666666665
2022-11-27,b,19.004166666666666,85.20833333333333,16.2625,21.395833333333332,1012.7208333333333,880.025,0.0,71.66666666666667,43.708333333333336,10.583333333333334,91.08333333333333,220.58333333333334,129.75,90.83333333333333,185.4,2.7083333333333335,3.8791666666666664,176.08333333333334,167.16666666666666,12.045833333333334,0.15041666666666667,0.3775,19.920833333333334,19.783333333333335,19.666666666666668,19.7,0.3818333333333333,0.3862916666666667,0.3701666666666667,0.424625
2022-11-28,b,19.240909090909092,88.4090909090909,17.204545454545453,22.136363636363637,1012.7318181818181,880.2227272727273,0.0,79.45454545454545,57.31818181818182,17.5,68.0909090909091,214.0909090909091,131.27272727272728,82.81818181818181,196.37727272727273,2.536363636363636,3.3272727272727276,112.36363636363636,118.9090909090909,11.363636363636363,0.145,0.2786363636363636,20.013636363636365,19.89090909090909,19.7,19.7,0.38372727272727275,0.38086363636363635,0.3657727272727273,0.4237727272727273
2022-11-29,b,18.733333333333334,89.58333333333333,16.908333333333335,21.241666666666667,1013.4166666666666,880.4583333333334,0.0,85.29166666666667,58.208333333333336,32.666666666666664,91.29166666666667,186.45833333333334,96.08333333333333,90.375,142.475,2.658333333333333,4.045833333333333,119.875,104.75,11.729166666666666,0.12541666666666665,0.25,19.716666666666665,19.766666666666666,19.7,19.7,0.3874583333333333,0.3804166666666667,0.3622083333333333,0.423
2022-11-30,b,18.566666666666666,91.54166666666667,17.099999999999998,20.808333333333334,1013.2333333333332,880.125,0.0,88.41666666666667,65.875,24.875,95.625,149.58333333333334,61.5,88.08333333333333,87.14583333333333,2.5416666666666665,4.070833333333334,172.45833333333334,151.16666666666666,10.75,0.1025,0.19958333333333333,19.370833333333334,19.5625,19.7,19.7,0.3895416666666667,0.38000000000000006,0.3587916666666666,0.422
2022-12-01,b,17.933333333333334,93.79166666666667,16.920833333333334,20.208333333333332,1012.65,879.4875000000001,0.0,97.25,56.291666666666664,61.625,98.91666666666667,134.08333333333334,38.25,95.83333333333333,61.05416666666667,3.8958333333333335,6.595833333333334,149.375,151.83333333333334,12.1875,0.08833333333333333,0.1325,18.925,19.295833333333334,19.691666666666666,19.7,0.3978333333333333,0.384625,0.35612499999999997,0.42120833333333335
2022-12-02,b,18.341666666666665,89.45833333333333,16.5125,19.970833333333335,1011.8874999999999,878.7708333333334,0.0,92.04166666666667,33.375,73.20833333333333,99.625,163.45833333333334,67.41666666666667,96.04166666666667,88.15416666666665,3.6,6.6125,148.66666666666666,154.04166666666666,15.5625,0.11,0.24625,19.125,19.145833333333332,19.6,19.7,0.3998333333333333,0.3940416666666667,0.3544583333333333,0.42049999999999993
2022-12-03,b,18.220833333333335,94.29166666666667,17.212500000000002,19.845833333333335,1011.6875,878.6125000000001,0.0,99.33333333333333,60.333333333333336,77.125,99.75,129.08333333333334,31.791666666666668,97.29166666666667,46.875,5.379166666666666,9.075000000000001,211.16666666666666,204.95833333333334,20.425,0.08791666666666666,0.13416666666666666,19.045833333333334,19.212500000000002,19.533333333333335,19.7,0.4015416666666667,0.40020833333333333,0.35441666666666666,0.41975
2022-12-04,b,18.329166666666666,92.70833333333333,17.058333333333334,19.854166666666668,1011.775,878.7666666666668,0.0,95.66666666666667,61.083333333333336,61.75,99.16666666666667,128.91666666666666,54.625,74.29166666666667,73.17916666666666,6.3999999999999995,10.183333333333334,221.95833333333334,222.5,22.270833333333332,0.08875,0.1725,19.3125,19.2625,19.5,19.7,0.4182083333333333,0.4147083333333333,0.3565,0.419
2022-12-05,b,18.466666666666665,92.375,17.091666666666665,20.587500000000002,1012.3708333333334,879.4791666666666,0.0,96.75,57.625,68.95833333333333,99.70833333333333,125.5,31.458333333333332,94.04166666666667,46.525,5.8500000000000005,9.549999999999999,220.20833333333334,221.0,26.983333333333334,0.08750000000000001,0.19083333333333333,19.533333333333335,19.483333333333334,19.5,19.7,0.425125,0.4232916666666666,0.36562500000000003,0.4182916666666667
2022-12-06,b,18.245833333333334,96.58333333333333,17.645833333333332,20.141666666666666,1012.375,879.3416666666667,0.0,100.0,72.54166666666667,82.16666666666667,98.79166666666667,88.45833333333333,16.625,71.83333333333333,22.75,6.604166666666667,11.025,213.95833333333334,213.25,26.1125,0.06458333333333334,0.08416666666666667,19.099999999999998,19.287499999999998,19.5,19.7,0.43095833333333333,0.4267083333333333,0.37554166666666666,0.418
2022-12-07,b,19.070833333333333,88.70833333333333,17.05,20.933333333333334,1012.2166666666667,879.5166666666668,0.0,88.95833333333333,40.666666666666664,66.625,96.08333333333333,170.66666666666666,72.375,98.29166666666667,106.07499999999999,4.704166666666667,7.433333333333334,198.5,195.75,22.620833333333334,0.11833333333333333,0.27666666666666667,19.5625,19.416666666666668,19.5,19.7,0.41558333333333336,0.41758333333333336,0.38275,0.4174583333333333
2022-12-08,b,17.845833333333335,96.20833333333333,17.195833333333333,20.845833333333335,1012.6666666666666,879.6583333333333,0.0,93.95833333333333,43.875,77.45833333333333,99.58333333333333,93.54166666666667,16.5,77.04166666666667,27.8125,3.8000000000000003,7.3999999999999995,109.16666666666667,115.875,19.379166666666666,0.06541666666666666,0.08750000000000001,18.945833333333333,19.287499999999998,19.5,19.7,0.41454166666666664,0.41804166666666664,0.38595833333333335,0.417
2022-12-09,b,17.125,97.0,16.591666666666665,19.537499999999998,1012.5124999999999,879.1750000000001,0.0,95.58333333333333,28.833333333333332,86.95833333333333,99.95833333333333,107.29166666666667,22.791666666666668,84.5,31.370833333333337,4.0874999999999995,8.237499999999999,118.5,111.91666666666667,23.55,0.07375,0.07291666666666667,18.304166666666667,18.758333333333333,19.429166666666664,19.7,0.42887499999999995,0.4287083333333333,0.39258333333333334,0.417
2022-12-10,b,16.412499999999998,99.91666666666667,16.3625,18.441666666666666,1012.1416666666668,878.5,0.0,94.45833333333333,68.625,87.20833333333333,99.79166666666667,26.916666666666668,1.0416666666666667,25.875,2.183333333333333,4.5874999999999995,9.866666666666667,117.25,113.08333333333333,25.09166666666667,0.025833333333333333,0.0062499999999999995,17.579166666666666,18.220833333333335,19.3,19.7,0.429125,0.4326666666666667,0.41608333333333336,0.4170416666666667
2022-12-11,b,16.554166666666667,99.91666666666667,16.520833333333332,18.254166666666666,1012.8666666666667,879.0875,0.0,96.79166666666667,59.75,91.875,99.91666666666667,35.708333333333336,1.2083333333333333,34.5,2.7624999999999997,5.720833333333332,10.854166666666666,117.25,122.875,21.770833333333332,0.030416666666666665,0.005833333333333334,17.483333333333334,17.9375,19.1375,19.7,0.4263333333333333,0.4303333333333333,0.437625,0.4254583333333333
2022-12-12,b,17.208333333333332,98.95833333333333,17.016666666666666,20.241666666666667,1012.4791666666666,879.2791666666667,0.0,99.95833333333333,65.125,87.125,100.0,55.833333333333336,8.583333333333334,47.25,13.383333333333333,3.4875000000000003,6.470833333333334,85.33333333333333,95.04166666666667,13.491666666666667,0.04416666666666667,0.024999999999999998,17.825,17.983333333333334,18.9625,19.7,0.4247916666666667,0.42370833333333335,0.43654166666666666,0.43566666666666665
2022-12-13,b,17.9,94.54166666666667,16.933333333333334,20.795833333333334,1011.9958333333334,879.1916666666666,0.0,89.04166666666667,56.666666666666664,47.916666666666664,99.79166666666667,156.66666666666666,63.458333333333336,93.20833333333333,85.95,5.316666666666666,9.200000000000001,168.79166666666666,201.04166666666666,18.495833333333334,0.10625,0.13208333333333333,18.795833333333334,18.533333333333335,18.9,19.633333333333336,0.41570833333333335,0.4222916666666667,0.43183333333333335,0.43612500000000004
2022-12-14,b,18.229166666666668,97.54166666666667,17.804166666666667,20.425,1012.6416666666668,879.4791666666666,0.0,99.83333333333333,75.91666666666667,79.66666666666667,100.0,108.375,26.416666666666668,81.95833333333333,35.075,3.829166666666667,7.445833333333333,253.25,257.0,20.412499999999998,0.07583333333333334,0.06125,18.95,18.879166666666666,18.9,19.6,0.42825,0.43245833333333333,0.4331666666666667,0.43649999999999994
2022-12-15,b,18.0,95.58333333333333,17.1875,20.654166666666665,1011.5291666666667,878.6708333333332,0.0,95.33333333333333,37.75,88.04166666666667,91.04166666666667,139.54166666666666,60.5,79.04166666666667,80.00416666666666,3.0666666666666664,5.345833333333334,262.4166666666667,265.0833333333333,17.283333333333335,0.09875,0.11583333333333333,19.166666666666668,19.0625,18.954166666666666,19.6,0.4272916666666666,0.4287916666666667,0.41041666666666665,0.4379166666666667
2022-12-16,b,18.158333333333335,93.16666666666667,16.9,21.791666666666668,1010.5124999999999,878.1,0.0,65.125,27.791666666666668,33.833333333333336,78.45833333333333,206.29166666666666,146.41666666666666,59.875,215.29999999999998,2.504166666666667,4.166666666666667,263.5833333333333,249.5,12.450000000000001,0.14125,0.17875,19.183333333333334,19.087500000000002,19.004166666666666,19.6,0.4203333333333333,0.42745833333333333,0.4023333333333334,0.43616666666666665
2022-12-17,b,18.208333333333332,89.66666666666667,16.391666666666666,20.616666666666667,1010.9375,878.1666666666666,0.0,71.33333333333333,38.0,21.791666666666668,97.0,199.04166666666666,126.125,72.91666666666667,200.92916666666667,3.266666666666667,5.1625,125.04166666666667,135.91666666666666,14.754166666666668,0.12916666666666668,0.24416666666666667,19.129166666666666,19.079166666666666,19.0625,19.6,0.40537500000000004,0.41570833333333335,0.40054166666666674,0.4347083333333333
2022-12-18,b,17.837500000000002,93.70833333333333,16.758333333333333,20.341666666666665,1010.3166666666666,877.4125,0.0,96.08333333333333,67.25,60.375,99.33333333333333,147.70833333333334,78.41666666666667,69.29166666666667,111.18333333333334,2.733333333333333,4.720833333333333,209.79166666666666,191.29166666666666,11.420833333333334,0.10041666666666667,0.145,19.066666666666666,19.154166666666665,19.1,19.6,0.41575,0.41825,0.39483333333333337,0.43354166666666666
2022-12-19,b,17.825,95.58333333333333,17.091666666666665,20.724999999999998,1010.475,877.7624999999999,0.0,82.625,48.583333333333336,34.208333333333336,96.16666666666667,159.45833333333334,67.66666666666667,91.79166666666667,110.17083333333333,2.8625000000000003,4.4125000000000005,94.0,120.58333333333333,12.404166666666667,0.1075,0.10041666666666667,18.825,18.929166666666667,19.1,19.6,0.41562499999999997,0.4250833333333333,0.4014583333333333,0.4325833333333333
2022-12-20,b,18.420833333333334,93.08333333333333,17.170833333333334,21.308333333333334,1011.1208333333334,878.4666666666667,0.0,94.33333333333333,50.666666666666664,67.125,91.70833333333333,161.04166666666666,78.125,82.91666666666667,106.96666666666665,2.3833333333333333,3.6333333333333333,220.95833333333334,224.95833333333334,11.049999999999999,0.11208333333333333,0.17875,19.479166666666668,19.254166666666666,19.116666666666667,19.6,0.4185833333333333,0.422375,0.404125,0.432
2022-12-21,b,17.974999999999998,94.08333333333333,16.958333333333332,20.420833333333334,1011.6958333333333,878.7041666666668,0.0,76.375,14.5,61.791666666666664,97.625,158.45833333333334,85.58333333333333,72.875,128.17499999999998,2.766666666666667,4.825,232.70833333333334,240.33333333333334,11.016666666666666,0.10625,0.13291666666666666,19.020833333333332,19.150000000000002,19.2,19.5125,0.41754166666666664,0.42491666666666666,0.40754166666666664,0.431
2022-12-22,b,17.621739130434783,97.52173913043478,17.182608695652174,20.556521739130435,1012.5173913043479,879.4521739130436,0.0,83.95652173913044,36.69565217391305,77.1304347826087,99.3913043478261,119.30434782608695,28.956521739130434,90.34782608695652,41.03478260869565,3.595652173913044,6.382608695652174,203.95652173913044,265.69565217391306,13.747826086956522,0.08347826086956521,0.060000000000000005,18.63478260869565,18.87391304347826,19.2,19.5,0.42030434782608694,0.4258695652173913,0.40778260869565214,0.43091304347826087
2021-08-02,t,12.8125,95.66666666666667,12.141666666666666,13.679166666666667,1017.6416666666668,745.3541666666666,0.0,87.29166666666667,56.75,40.791666666666664,62.458333333333336,156.375,89.95833333333333,66.41666666666667,125.73333333333333,2.8958333333333335,4.391666666666667,91.66666666666667,85.25,18.583333333333332,0.09999999999999999,0.065,15.7125,15.762500000000001,15.679166666666667,15.9,0.35274999999999995,0.35037499999999994,0.3056666666666667,0.34829166666666667
2021-08-03,t,12.975,95.58333333333333,12.283333333333333,14.279166666666667,1018.8125,746.475,0.0,91.95833333333333,63.75,44.666666666666664,83.54166666666667,153.70833333333334,78.83333333333333,74.875,116.84583333333335,3.0416666666666665,4.4125000000000005,121.58333333333333,104.75,19.6375,0.09666666666666666,0.06791666666666667,16.016666666666666,15.870833333333332,15.720833333333333,15.875,0.342,0.34191666666666665,0.31758333333333333,0.34708333333333335
2021-08-04,t,12.479166666666666,97.0,11.995833333333332,13.233333333333334,1019.9291666666667,746.6083333333332,0.0,87.08333333333333,54.083333333333336,61.791666666666664,64.83333333333333,107.79166666666667,39.625,68.16666666666667,56.22083333333333,2.3000000000000003,3.483333333333333,162.91666666666666,199.16666666666666,18.520833333333332,0.07166666666666667,0.043750000000000004,15.35,15.608333333333334,15.712499999999999,15.804166666666667,0.35354166666666664,0.3577083333333333,0.33666666666666667,0.34637499999999993
2021-08-05,t,11.64782608695652,94.95652173913044,10.860869565217392,12.165217391304349,1020.0521739130435,746.1434782608695,0.0,90.26086956521739,57.73913043478261,61.04347826086956,63.43478260869565,80.21739130434783,20.956521739130434,59.26086956521739,33.94782608695652,1.9695652173913045,2.4782608695652173,143.04347826086956,183.65217391304347,14.64782608695652,0.05565217391304348,0.07173913043478261,14.356521739130434,14.92608695652174,15.665217391304349,15.8,0.3492173913043478,0.353,0.35139130434782606,0.3476521739130435
2021-08-06,t,12.045833333333334,95.45833333333333,11.3375,13.208333333333334,1019.6625,746.5333333333333,0.0,85.375,81.04166666666667,14.083333333333334,31.416666666666668,157.29166666666666,88.375,68.91666666666667,125.24583333333334,2.8083333333333336,4.3625,129.25,130.16666666666666,18.962500000000002,0.09875,0.06666666666666667,15.254166666666668,15.070833333333333,15.516666666666666,15.800000000000002,0.328,0.32866666666666666,0.35074999999999995,0.3499583333333333
2021-08-07,t,12.5375,92.70833333333333,11.358333333333334,13.516666666666666,1019.5458333333332,746.5291666666667,0.0,88.5,71.125,50.625,80.45833333333333,172.54166666666666,100.125,72.41666666666667,135.5625,2.6083333333333334,4.170833333333333,117.375,122.33333333333333,19.3875,0.10916666666666668,0.10916666666666668,15.958333333333334,15.629166666666668,15.529166666666667,15.800000000000002,0.32083333333333336,0.3202916666666667,0.34237500000000004,0.3499999999999999
2021-08-08,t,12.487499999999999,95.70833333333333,11.799999999999999,13.520833333333334,1019.2791666666667,746.2958333333332,0.0,80.125,61.666666666666664,32.0,73.45833333333333,163.33333333333334,92.0,71.33333333333333,134.35,2.595833333333333,3.841666666666667,118.45833333333333,128.16666666666666,19.241666666666667,0.10291666666666667,0.06625,15.983333333333334,15.883333333333333,15.612499999999999,15.800000000000002,0.3282083333333333,0.3255416666666667,0.330125,0.34979166666666667
2021-08-09,t,12.252173913043478,96.3913043478261,11.708695652173914,13.4,1018.5217391304348,745.6652173913043,0.0,80.0,59.34782608695652,42.47826086956522,80.82608695652173,133.82608695652175,67.65217391304348,66.17391304347827,97.64347826086957,2.3434782608695652,3.9826086956521736,123.47826086956522,140.04347826086956,18.391304347826086,0.08608695652173913,0.051304347826086956,15.41304347826087,15.665217391304349,15.639130434782608,15.8,0.3473913043478261,0.34847826086956524,0.330304347826087,0.349
2021-08-10,t,12.679166666666667,96.41666666666667,12.112499999999999,14.237499999999999,1018.7958333333332,746.4375,0.0,90.16666666666667,43.958333333333336,63.916666666666664,85.125,159.5,95.625,63.875,127.43333333333334,2.3041666666666667,3.3125,124.58333333333333,119.16666666666667,18.1875,0.10583333333333333,0.05333333333333334,15.829166666666666,15.75,15.658333333333333,15.800000000000002,0.34720833333333334,0.3535833333333333,0.34391666666666665,0.349
2021-08-11,t,12.654166666666667,94.29166666666667,11.75,13.5375,1019.7791666666667,746.7666666666668,0.0,95.375,42.125,61.208333333333336,96.91666666666667,87.0,20.041666666666668,66.95833333333333,37.608333333333334,2.8166666666666664,4.325,106.41666666666667,117.33333333333333,18.2875,0.05958333333333334,0.08666666666666667,14.958333333333334,15.320833333333333,15.6625,15.800000000000002,0.3262916666666667,0.33008333333333334,0.34270833333333334,0.34862499999999996
2021-08-12,t,12.533333333333333,92.5,11.3125,13.341666666666667,1019.35,746.3291666666668,0.0,82.33333333333333,48.5,33.291666666666664,96.29166666666667,148.45833333333334,81.95833333333333,66.5,115.16666666666667,2.0541666666666667,3.141666666666667,114.95833333333333,129.25,18.304166666666667,0.09791666666666667,0.11458333333333333,15.779166666666667,15.566666666666668,15.604166666666666,15.800000000000002,0.30720833333333336,0.3094166666666667,0.33183333333333337,0.34800000000000003
2021-08-13,t,12.429166666666667,94.70833333333333,11.591666666666667,13.4625,1017.6416666666668,745.0916666666667,0.0,79.0,61.5,14.125,80.45833333333333,125.125,44.333333333333336,80.79166666666667,71.28333333333333,2.345833333333333,3.6458333333333335,111.41666666666667,107.04166666666667,19.025000000000002,0.08166666666666667,0.08083333333333333,15.3375,15.495833333333332,15.6,15.800000000000002,0.315375,0.31375000000000003,0.316625,0.34733333333333327
2021-08-14,t,12.845833333333333,93.66666666666667,11.829166666666666,14.4,1017.1083333333332,745.2458333333334,0.0,79.75,64.54166666666667,36.333333333333336,86.875,209.04166666666666,139.41666666666666,69.625,188.48749999999998,2.4625,3.733333333333333,138.54166666666666,112.41666666666667,20.354166666666668,0.135,0.09833333333333333,16.445833333333333,15.9375,15.633333333333333,15.800000000000002,0.3342083333333333,0.33279166666666665,0.30741666666666667,0.3462083333333333
2021-08-15,t,12.862499999999999,93.66666666666667,11.862499999999999,14.066666666666668,1018.3874999999999,746.0625,0.0,97.20833333333333,59.583333333333336,58.791666666666664,99.375,126.83333333333333,46.666666666666664,80.16666666666667,56.833333333333336,1.7416666666666665,2.658333333333333,104.5,107.04166666666667,17.008333333333333,0.08750000000000001,0.09708333333333334,15.775,15.950000000000001,15.729166666666666,15.800000000000002,0.34954166666666664,0.35545833333333327,0.33525000000000005,0.345
2021-08-16,t,12.637500000000001,94.04166666666667,11.658333333333333,13.916666666666666,1018.65,746.1916666666666,0.0,80.91666666666667,68.25,26.791666666666668,43.541666666666664,180.04166666666666,114.54166666666667,65.5,153.98333333333332,2.1791666666666667,3.3833333333333333,115.20833333333333,134.25,17.833333333333332,0.11625,0.09250000000000001,15.945833333333333,15.858333333333334,15.745833333333332,15.800000000000002,0.321,0.32625,0.339,0.345
2021-08-17,t,12.125,95.58333333333333,11.404166666666667,13.2875,1017.3833333333333,744.8333333333334,0.0,85.33333333333333,57.291666666666664,47.583333333333336,46.125,91.41666666666667,31.75,59.666666666666664,54.1,2.2375,3.0749999999999997,102.125,122.29166666666667,16.675,0.06208333333333333,0.06666666666666667,14.762500000000001,15.299999999999999,15.725,15.800000000000002,0.3409583333333333,0.3405833333333333,0.33625,0.345
2021-08-18,t,11.991666666666667,94.95833333333333,11.191666666666668,12.808333333333332,1016.4083333333333,743.8166666666666,0.0,84.66666666666667,68.29166666666667,35.666666666666664,49.333333333333336,124.20833333333333,51.333333333333336,72.875,78.14999999999999,2.1083333333333334,3.0416666666666665,101.625,101.625,16.154166666666665,0.07958333333333334,0.07458333333333333,14.920833333333334,15.033333333333333,15.616666666666667,15.800000000000002,0.3127083333333333,0.31945833333333334,0.33758333333333335,0.345
2021-08-19,t,12.75,93.5,11.725,13.579166666666666,1016.6875,744.4791666666666,0.0,90.875,68.20833333333333,31.958333333333332,83.125,130.79166666666666,40.791666666666664,90.0,55.0,2.4541666666666666,3.579166666666667,127.58333333333333,136.91666666666666,16.2,0.08625000000000001,0.09999999999999999,15.429166666666667,15.3125,15.549999999999999,15.800000000000002,0.3143333333333333,0.311375,0.32708333333333334,0.34404166666666663
2021-08-20,t,11.933333333333332,96.29166666666667,11.366666666666667,12.504166666666668,1017.3375,744.2541666666666,0.0,95.75,71.16666666666667,76.625,87.58333333333333,63.125,9.458333333333334,53.666666666666664,15.495833333333332,2.4166666666666665,3.8874999999999997,127.125,156.0,15.095833333333333,0.04541666666666667,0.051666666666666666,14.308333333333332,14.904166666666667,15.516666666666666,15.800000000000002,0.35079166666666667,0.3452916666666666,0.3274166666666667,0.34400000000000003
2021-08-21,t,12.325000000000001,91.33333333333333,10.870833333333332,13.5,1017.1541666666667,744.8000000000001,0.0,82.625,28.791666666666668,54.958333333333336,87.375,189.33333333333334,104.16666666666667,85.16666666666667,130.05833333333334,2.245833333333333,3.295833333333333,109.875,136.75,19.091666666666665,0.12375000000000001,0.1325,15.541666666666666,15.225,15.416666666666666,15.800000000000002,0.3325416666666667,0.3429166666666667,0.3487916666666666,0.34462499999999996
2021-08-22,t,13.033333333333333,94.33333333333333,12.133333333333333,13.804166666666667,1016.8416666666667,744.7125,0.0,89.95833333333333,79.54166666666667,39.458333333333336,78.0,160.41666666666666,86.83333333333333,73.58333333333333,124.43333333333334,2.558333333333333,3.595833333333333,115.79166666666667,113.375,18.383333333333333,0.10166666666666667,0.08750000000000001,16.295833333333334,15.858333333333334,15.450000000000001,15.800000000000002,0.333125,0.32529166666666665,0.3443333333333333,0.3459999999999999
2021-08-23,t,12.666666666666666,95.54166666666667,11.966666666666667,13.512500000000001,1016.9041666666667,744.525,0.0,96.70833333333333,47.875,63.958333333333336,94.91666666666667,115.54166666666667,44.5,71.04166666666667,62.92083333333333,1.6916666666666667,2.3833333333333333,112.79166666666667,103.125,17.400000000000002,0.07708333333333334,0.06625,15.4625,15.7125,15.579166666666666,15.708333333333334,0.348625,0.3561666666666667,0.3569166666666666,0.347875
2021-08-24,t,12.424999999999999,95.66666666666667,11.741666666666667,13.458333333333334,1016.6666666666666,744.3916666666668,0.0,94.95833333333333,68.875,32.083333333333336,89.83333333333333,177.95833333333334,105.125,72.83333333333333,140.2875,2.629166666666667,3.641666666666667,104.83333333333333,99.20833333333333,19.224999999999998,0.1125,0.0625,15.795833333333334,15.658333333333333,15.575000000000001,15.699999999999998,0.33391666666666664,0.327625,0.353875,0.351625
2021-08-25,t,12.5625,95.16666666666667,11.779166666666667,13.612499999999999,1016.6208333333334,744.4375,0.0,82.04166666666667,67.95833333333333,57.791666666666664,75.04166666666667,151.875,65.20833333333333,86.66666666666667,100.35000000000001,2.375,3.3249999999999997,124.83333333333333,187.75,17.645833333333332,0.09833333333333333,0.07541666666666667,15.733333333333334,15.6875,15.6,15.699999999999998,0.33425,0.32808333333333334,0.3445833333333333,0.35200000000000004
2021-08-26,t,12.283333333333333,96.45833333333333,11.720833333333333,13.566666666666668,1016.5749999999999,744.4250000000001,0.0,98.45833333333333,79.375,67.45833333333333,82.375,112.33333333333333,31.708333333333332,80.625,41.8375,2.716666666666667,3.3791666666666664,103.29166666666667,94.08333333333333,18.116666666666667,0.07583333333333334,0.05333333333333334,15.275,15.483333333333334,15.6,15.699999999999998,0.3433333333333333,0.3481666666666667,0.3405833333333334,0.3511666666666666
2021-08-27,t,12.75,95.16666666666667,11.987499999999999,13.941666666666668,1015.9250000000001,744.0583333333334,0.0,83.20833333333333,66.83333333333333,62.25,67.125,154.95833333333334,87.70833333333333,67.25,119.40833333333335,2.066666666666667,2.9375,117.75,125.95833333333333,18.466666666666665,0.10291666666666667,0.07208333333333333,15.679166666666667,15.529166666666667,15.6,15.699999999999998,0.333875,0.3350416666666667,0.33604166666666674,0.351
2021-08-28,t,12.754166666666668,94.95833333333333,11.983333333333334,14.0625,1016.3916666666668,744.6458333333334,0.0,88.70833333333333,56.333333333333336,42.041666666666664,79.58333333333333,146.25,69.54166666666667,76.70833333333333,100.35833333333333,2.3833333333333333,3.6291666666666664,112.45833333333333,142.875,19.025000000000002,0.09749999999999999,0.07333333333333333,15.549999999999999,15.575000000000001,15.6,15.699999999999998,0.33791666666666664,0.3421666666666667,0.3350416666666667,0.3501666666666667
2021-08-29,t,13.679166666666667,92.16666666666667,12.395833333333334,14.924999999999999,1015.4583333333334,744.3291666666668,0.0,74.29166666666667,68.5,39.666666666666664,35.083333333333336,229.29166666666666,164.58333333333334,64.70833333333333,224.1625,2.5124999999999997,3.5833333333333335,107.25,100.25,19.391666666666666,0.145,0.13166666666666668,17.416666666666668,16.545833333333334,15.670833333333334,15.699999999999998,0.3317083333333333,0.336,0.3279166666666667,0.3496666666666666
2021-08-30,t,13.15,92.625,11.9625,14.541666666666666,1016.75,745.2458333333334,0.0,99.91666666666667,68.75,56.666666666666664,97.0,82.75,11.791666666666666,70.95833333333333,20.820833333333333,2.1666666666666665,3.454166666666667,156.70833333333334,174.66666666666666,14.916666666666666,0.06125,0.11375,15.6,16.045833333333334,15.800000000000002,15.699999999999998,0.3441666666666667,0.35437500000000005,0.34933333333333333,0.34979166666666667
2021-08-31,t,13.370833333333332,94.04166666666667,12.4,14.720833333333333,1016.9666666666667,745.2708333333334,0.0,77.20833333333333,62.875,43.541666666666664,77.125,211.54166666666666,146.66666666666666,64.875,190.44583333333333,2.5708333333333333,4.0249999999999995,147.04166666666666,130.75,19.891666666666666,0.13708333333333333,0.09875,17.091666666666665,16.454166666666666,15.845833333333333,15.699999999999998,0.3330416666666666,0.32583333333333336,0.3491666666666666,0.35175
2021-09-01,t,12.958333333333334,95.79166666666667,12.316666666666668,14.333333333333334,1017.3375,745.5041666666666,0.0,96.0,69.25,61.75,84.875,94.75,15.5,79.25,17.975,2.908333333333333,4.179166666666666,117.08333333333333,110.375,18.325,0.06833333333333333,0.06333333333333334,15.637500000000001,16.016666666666666,15.954166666666666,15.699999999999998,0.34674999999999995,0.35429166666666667,0.35824999999999996,0.35308333333333336
2021-09-02,t,13.620833333333332,93.91666666666667,12.591666666666667,15.049999999999999,1016.3958333333334,745.025,0.0,77.16666666666667,60.791666666666664,17.125,67.20833333333333,231.16666666666666,155.95833333333334,75.20833333333333,211.26666666666668,2.1708333333333334,2.7875,122.33333333333333,150.20833333333334,18.525000000000002,0.14875,0.10291666666666667,17.4875,16.666666666666668,15.958333333333334,15.699999999999998,0.31220833333333337,0.31045833333333334,0.34933333333333333,0.35483333333333333
2021-09-03,t,12.869565217391305,94.95652173913044,12.082608695652173,13.81304347826087,1016.0217391304348,744.1304347826087,0.0,97.91304347826087,69.17391304347827,80.34782608695652,96.95652173913044,96.6086956521739,34.04347826086956,62.56521739130435,39.68695652173913,2.2956521739130435,3.0869565217391304,153.30434782608697,181.82608695652175,15.456521739130435,0.06826086956521739,0.07478260869565218,15.665217391304349,16.195652173913043,16.1,15.734782608695651,0.33756521739130435,0.32482608695652176,0.3328695652173913,0.354
2021-09-04,t,13.1875,91.04166666666667,11.720833333333333,15.0,1016.125,744.9583333333334,0.0,96.29166666666667,48.5,72.25,89.20833333333333,164.25,66.91666666666667,97.33333333333333,86.07083333333333,1.75,2.65,105.0,88.375,16.191666666666666,0.11291666666666667,0.14291666666666666,16.2375,16.004166666666666,16.008333333333333,15.800000000000002,0.3264166666666667,0.3383333333333334,0.33395833333333336,0.35308333333333336
2021-09-05,t,12.658333333333333,96.83333333333333,12.1875,14.733333333333334,1016.8666666666667,745.2458333333334,0.0,93.04166666666667,52.833333333333336,61.458333333333336,92.375,109.29166666666667,26.0,83.29166666666667,50.300000000000004,1.9208333333333334,2.9499999999999997,149.70833333333334,156.16666666666666,17.525000000000002,0.075,0.04541666666666667,15.370833333333332,15.808333333333332,16.0,15.800000000000002,0.34629166666666666,0.34879166666666667,0.33433333333333337,0.35224999999999995
2021-09-06,t,12.479166666666666,95.79166666666667,11.808333333333332,14.424999999999999,1017.1791666666667,745.5,0.0,91.04166666666667,74.5,45.333333333333336,66.83333333333333,126.54166666666667,53.958333333333336,72.58333333333333,75.19583333333334,2.704166666666667,4.091666666666667,157.125,149.875,17.220833333333335,0.08625000000000001,0.06375,15.137500000000001,15.424999999999999,15.912500000000001,15.800000000000002,0.34754166666666664,0.35229166666666667,0.3498333333333334,0.35241666666666666
2021-09-07,t,11.954166666666666,95.16666666666667,11.195833333333333,13.4,1017.1291666666666,744.8000000000001,0.0,97.79166666666667,50.791666666666664,79.0,97.625,81.0,9.125,71.875,11.866666666666667,2.5416666666666665,3.8333333333333335,113.66666666666667,114.625,15.1625,0.059166666666666666,0.07041666666666667,14.308333333333332,14.7875,15.75,15.800000000000002,0.34170833333333334,0.3349583333333333,0.35270833333333335,0.3539999999999999
2021-09-08,t,12.291666666666666,94.70833333333333,11.458333333333334,13.65,1016.9291666666667,744.7916666666666,0.0,94.5,65.45833333333333,73.91666666666667,45.875,119.41666666666667,45.166666666666664,74.25,68.39999999999999,2.441666666666667,3.6125000000000003,110.625,106.33333333333333,18.683333333333334,0.08166666666666667,0.07833333333333332,14.720833333333333,14.816666666666668,15.583333333333334,15.800000000000002,0.36033333333333334,0.3599583333333333,0.35520833333333335,0.35474999999999995
2021-09-09,t,13.325000000000001,95.20833333333333,12.549999999999999,15.2125,1017.5958333333333,746.025,0.0,93.83333333333333,78.45833333333333,44.0,60.125,203.125,130.16666666666666,72.95833333333333,160.88333333333335,2.4583333333333335,3.529166666666667,110.83333333333333,158.29166666666666,18.7375,0.13333333333333333,0.07666666666666666,16.6125,15.9,15.533333333333333,15.800000000000002,0.35633333333333334,0.3587916666666666,0.3629583333333333,0.35799999999999993
2021-09-10,t,12.891666666666666,95.70833333333333,12.216666666666667,14.0625,1017.35,745.3041666666667,0.0,99.25,53.958333333333336,79.45833333333333,95.375,70.04166666666667,21.875,48.166666666666664,31.9375,2.7624999999999997,4.45,139.16666666666666,155.16666666666666,15.616666666666667,0.0525,0.065,15.108333333333334,15.558333333333335,15.6,15.800000000000002,0.3584583333333333,0.35720833333333335,0.366625,0.36145833333333327
2021-09-11,t,13.112499999999999,95.125,12.329166666666666,14.75,1016.8958333333334,745.3708333333334,0.0,95.83333333333333,46.125,56.291666666666664,96.08333333333333,111.58333333333333,33.083333333333336,78.5,39.85,2.091666666666667,3.0375,100.41666666666667,86.29166666666667,18.224999999999998,0.07833333333333332,0.07291666666666667,15.408333333333333,15.4625,15.6,15.800000000000002,0.35770833333333335,0.3594583333333334,0.37845833333333334,0.37104166666666666
2021-09-12,t,13.3125,94.95833333333333,12.516666666666666,14.720833333333333,1016.4416666666666,744.9250000000001,0.0,78.04166666666667,59.25,17.916666666666668,82.125,191.83333333333334,112.0,79.83333333333333,166.27083333333334,2.5875,3.858333333333333,112.125,107.91666666666667,19.554166666666667,0.12125000000000001,0.07666666666666667,16.691666666666666,16.1125,15.633333333333333,15.716666666666667,0.31504166666666666,0.30145833333333333,0.3406666666666667,0.3749166666666666
2021-09-13,t,13.520833333333334,95.25,12.766666666666666,14.754166666666668,1017.5333333333333,745.8000000000001,0.0,86.625,74.91666666666667,29.625,48.916666666666664,169.04166666666666,86.625,82.41666666666667,116.8,3.1166666666666667,4.208333333333333,139.20833333333334,147.375,19.45416666666667,0.10958333333333332,0.075,16.970833333333335,16.579166666666666,15.762500000000001,15.699999999999998,0.3365,0.32837500000000003,0.29441666666666666,0.37041666666666667
2021-09-14,t,13.220833333333333,94.75,12.383333333333333,13.9125,1018.3041666666667,745.8958333333334,0.0,98.04166666666667,73.5,59.5,90.79166666666667,120.33333333333333,36.291666666666664,84.04166666666667,47.84166666666667,2.7624999999999997,4.141666666666667,129.75,128.58333333333334,21.462500000000002,0.08125,0.08374999999999999,16.208333333333332,16.333333333333332,15.9,15.737499999999999,0.342,0.34558333333333335,0.2955,0.36566666666666664
2021-09-15,t,13.316666666666668,94.625,12.4625,14.529166666666667,1017.3083333333334,745.5458333333332,0.0,89.70833333333333,80.25,22.333333333333332,66.0,197.91666666666666,121.95833333333333,75.95833333333333,157.30833333333334,3.2083333333333335,4.604166666666667,125.66666666666667,127.91666666666667,23.287499999999998,0.12791666666666665,0.08750000000000001,17.104166666666668,16.620833333333334,15.958333333333334,15.800000000000002,0.3250416666666667,0.32808333333333334,0.28291666666666665,0.36166666666666664
2021-09-16,t,12.325000000000001,93.125,11.225,12.895833333333334,1017.1541666666667,744.5375,0.0,95.33333333333333,51.458333333333336,66.91666666666667,98.45833333333333,112.41666666666667,26.291666666666668,86.125,33.75,2.6833333333333336,3.829166666666667,80.45833333333333,78.79166666666667,18.491666666666667,0.07833333333333332,0.10083333333333333,15.325000000000001,15.879166666666668,16.016666666666666,15.800000000000002,0.3242916666666667,0.32304166666666667,0.27187500000000003,0.35766666666666663
2021-09-17,t,12.766666666666666,95.125,11.991666666666667,14.191666666666668,1016.2916666666666,744.5458333333332,0.0,79.41666666666667,62.625,34.791666666666664,78.91666666666667,211.16666666666666,139.5,71.66666666666667,187.90416666666667,2.4541666666666666,3.625,96.08333333333333,102.70833333333333,19.712500000000002,0.13416666666666666,0.07583333333333334,16.308333333333334,15.979166666666666,15.966666666666667,15.800000000000002,0.33225,0.3263333333333333,0.2637916666666667,0.3539583333333333
2021-09-18,t,13.220833333333333,97.125,12.791666666666666,14.487499999999999,1017.2833333333333,745.375,0.0,94.875,81.70833333333333,46.041666666666664,96.79166666666667,146.20833333333334,48.375,97.83333333333333,70.03750000000001,2.066666666666667,2.6958333333333333,186.0,184.70833333333334,17.854166666666668,0.09708333333333334,0.043750000000000004,16.370833333333334,16.3,16.0,15.800000000000002,0.34862499999999996,0.33925,0.26733333333333337,0.35062499999999996
2021-09-20,t,12.804166666666667,96.04166666666667,12.170833333333334,14.1,1017.1125000000001,745.1999999999999,0.0,96.41666666666667,47.25,88.33333333333333,95.5,117.08333333333333,21.958333333333332,95.125,28.224999999999998,2.6750000000000003,3.841666666666667,105.375,97.875,17.308333333333334,0.08166666666666667,0.06,15.2875,15.329166666666666,15.820833333333333,15.800000000000002,0.35833333333333334,0.3627916666666666,0.3579583333333333,0.35070833333333334
2021-09-21,t,12.791666666666666,96.41666666666667,12.229166666666666,13.891666666666666,1016.7916666666666,744.85,0.0,95.625,58.458333333333336,56.791666666666664,95.625,138.04166666666666,43.333333333333336,94.70833333333333,51.17916666666667,3.1166666666666667,4.133333333333334,124.5,105.20833333333333,18.733333333333334,0.09333333333333334,0.05333333333333334,15.558333333333332,15.520833333333334,15.762500000000001,15.800000000000002,0.35841666666666666,0.3584583333333333,0.36070833333333335,0.35483333333333333
2021-09-22,t,12.362499999999999,96.41666666666667,11.808333333333332,13.620833333333332,1017.1625,744.875,0.0,93.91666666666667,76.375,53.0,77.54166666666667,120.95833333333333,47.083333333333336,73.875,81.56666666666666,2.4791666666666665,3.4,133.54166666666666,136.91666666666666,15.041666666666666,0.07958333333333333,0.051666666666666666,15.1875,15.383333333333333,15.708333333333334,15.800000000000002,0.3243333333333333,0.326125,0.35824999999999996,0.3577916666666667
2021-09-23,t,12.4375,95.54166666666667,11.725,13.229166666666666,1017.2791666666667,744.6958333333333,0.0,90.95833333333333,44.25,67.08333333333333,98.58333333333333,63.291666666666664,4.416666666666667,58.875,6.766666666666667,2.0625,3.2916666666666665,107.41666666666667,93.0,14.1875,0.04833333333333333,0.06625,14.391666666666666,14.854166666666666,15.625,15.800000000000002,0.34920833333333334,0.34975,0.3619583333333333,0.35962500000000003
2021-09-24,t,12.879166666666668,96.70833333333333,12.354166666666666,14.108333333333334,1017.3083333333334,745.1750000000001,0.0,98.41666666666667,74.125,72.79166666666667,89.70833333333333,135.75,32.25,103.5,38.72083333333333,2.154166666666667,3.1958333333333333,138.16666666666666,115.25,17.349999999999998,0.09333333333333334,0.05125,15.491666666666667,15.262500000000001,15.5,15.800000000000002,0.32154166666666667,0.308625,0.353375,0.363
2021-09-25,t,13.35,94.75,12.512500000000001,14.541666666666666,1016.4541666666668,744.8541666666666,0.0,90.91666666666667,74.66666666666667,51.833333333333336,54.041666666666664,177.375,78.625,98.75,114.67916666666667,2.9,4.316666666666666,121.58333333333333,115.5,18.858333333333334,0.11458333333333333,0.08458333333333334,16.433333333333334,16.0125,15.541666666666666,15.800000000000002,0.33991666666666664,0.3307083333333333,0.32775000000000004,0.3617916666666667
2021-09-26,t,13.279166666666667,94.45833333333333,12.4125,14.700000000000001,1016.225,744.8166666666666,0.0,96.83333333333333,74.375,54.25,72.5,145.29166666666666,56.083333333333336,89.20833333333333,76.08333333333333,1.5999999999999999,2.370833333333333,168.29166666666666,189.95833333333334,15.737499999999999,0.09958333333333334,0.08541666666666665,16.162499999999998,16.091666666666665,15.645833333333334,15.800000000000002,0.3430416666666667,0.34674999999999995,0.32008333333333333,0.35991666666666666
2021-09-27,t,13.2125,95.375,12.491666666666667,14.625,1015.9833333333332,744.6458333333334,0.0,92.875,65.125,58.833333333333336,89.04166666666667,150.625,58.125,92.5,78.95,2.5416666666666665,3.641666666666667,106.08333333333333,129.58333333333334,17.058333333333334,0.09916666666666667,0.06999999999999999,16.145833333333332,16.037499999999998,15.737499999999999,15.800000000000002,0.32816666666666666,0.3320416666666667,0.30895833333333333,0.357875
2021-09-28,t,13.424999999999999,94.79166666666667,12.616666666666667,14.4,1016.1625,744.6041666666666,0.0,81.41666666666667,46.875,37.625,75.79166666666667,149.125,69.20833333333333,79.91666666666667,95.7375,2.566666666666667,3.720833333333333,117.95833333333333,127.125,17.833333333333332,0.09833333333333333,0.08125,16.325,16.162499999999998,15.816666666666668,15.800000000000002,0.3265416666666667,0.330125,0.2979583333333333,0.3555
2021-09-29,t,13.629166666666668,95.375,12.9,14.674999999999999,1016.75,745.1875,0.0,98.33333333333333,69.33333333333333,74.0,92.08333333333333,145.33333333333334,46.916666666666664,98.41666666666667,62.479166666666664,2.841666666666667,4.2124999999999995,105.375,101.375,17.0,0.09749999999999999,0.07416666666666667,16.291666666666668,16.170833333333334,15.862499999999999,15.800000000000002,0.33575,0.33283333333333337,0.29066666666666663,0.35304166666666664
2021-09-30,t,13.791666666666666,96.875,13.299999999999999,15.450000000000001,1016.7624999999999,745.525,0.0,97.70833333333333,69.70833333333333,59.75,90.70833333333333,167.875,67.0,100.875,77.08749999999999,2.3375,2.970833333333333,146.33333333333334,166.29166666666666,17.029166666666665,0.1125,0.04958333333333333,16.854166666666668,16.545833333333334,15.9375,15.800000000000002,0.33283333333333337,0.3350416666666667,0.29275,0.3507916666666666
2021-10-01,t,13.121739130434783,94.8695652173913,12.304347826086957,14.078260869565218,1016.1782608695652,744.5391304347827,0.0,98.43478260869566,60.82608695652174,74.78260869565217,98.34782608695652,110.17391304347827,15.304347826086957,94.8695652173913,20.530434782608694,2.743478260869565,3.9869565217391307,118.6086956521739,125.56521739130434,14.747826086956522,0.07739130434782608,0.0791304347826087,15.821739130434782,16.09565217391304,16.0,15.8,0.3313913043478261,0.33021739130434785,0.29143478260869565,0.3487826086956522
2021-10-02,t,13.195833333333333,94.20833333333333,12.254166666666668,14.225,1015.5291666666667,744.0375,0.0,91.16666666666667,64.375,48.25,93.66666666666667,178.45833333333334,77.20833333333333,101.25,105.54166666666667,2.5833333333333335,3.4375,115.45833333333333,117.20833333333333,17.870833333333334,0.1175,0.08958333333333333,16.650000000000002,16.316666666666666,16.025000000000002,15.800000000000002,0.332875,0.3315,0.29029166666666667,0.3467916666666666
2021-10-03,t,12.633333333333333,95.5,11.941666666666668,13.575000000000001,1015.3833333333333,743.6041666666666,0.0,82.5,48.291666666666664,36.916666666666664,97.29166666666667,121.75,49.375,72.375,71.99583333333334,2.966666666666667,4.345833333333333,102.66666666666667,94.75,17.945833333333333,0.08125,0.06833333333333334,15.570833333333333,15.979166666666666,16.045833333333334,15.800000000000002,0.3405,0.34625,0.305875,0.3452916666666666
2021-10-04,t,13.308333333333332,94.83333333333333,12.475,14.9,1013.9916666666667,743.1999999999999,0.0,74.75,57.166666666666664,14.833333333333334,76.91666666666667,218.625,139.04166666666666,79.58333333333333,185.9125,2.566666666666667,4.270833333333333,111.29166666666667,116.75,19.337500000000002,0.14083333333333334,0.08375,16.875,16.266666666666666,16.008333333333333,15.800000000000002,0.32204166666666667,0.32958333333333334,0.31304166666666666,0.3442083333333333
2021-10-05,t,13.066666666666668,95.91666666666667,12.420833333333334,14.75,1014.35,743.5500000000001,0.0,99.95833333333333,87.20833333333333,40.75,98.04166666666667,110.70833333333333,25.666666666666668,85.04166666666667,37.475,2.983333333333333,4.066666666666666,125.95833333333333,130.29166666666666,19.875,0.075,0.06208333333333333,16.05,16.283333333333335,16.1,15.800000000000002,0.33487500000000003,0.33887500000000004,0.3137083333333333,0.34325
2021-10-06,t,12.875,96.29166666666667,12.299999999999999,14.370833333333332,1014.6583333333333,743.4791666666666,0.0,99.79166666666667,61.5,83.375,87.25,63.416666666666664,7.583333333333333,55.833333333333336,14.674999999999999,2.120833333333333,2.9625,124.66666666666667,128.5,14.5625,0.049166666666666664,0.055,15.083333333333334,15.533333333333333,16.029166666666665,15.800000000000002,0.35525,0.35741666666666666,0.3349583333333333,0.343
2021-10-07,t,13.0875,95.75,12.416666666666666,13.966666666666667,1015.65,743.9208333333332,0.0,99.16666666666667,59.708333333333336,87.16666666666667,92.5,113.625,39.5,74.125,61.708333333333336,2.0458333333333334,2.8333333333333335,113.95833333333333,123.45833333333333,13.966666666666667,0.07666666666666667,0.06541666666666666,15.612499999999999,15.570833333333333,15.912500000000001,15.800000000000002,0.327625,0.33016666666666666,0.3469583333333333,0.34412499999999996
2021-10-08,t,13.279166666666667,95.54166666666667,12.575000000000001,14.754166666666668,1015.9791666666666,744.6999999999999,0.0,89.875,42.625,65.0,63.958333333333336,132.41666666666666,52.833333333333336,79.58333333333333,82.2625,2.3125,3.6750000000000003,96.16666666666667,97.25,16.45,0.08916666666666667,0.06958333333333334,15.795833333333334,15.775,15.883333333333333,15.800000000000002,0.3423333333333333,0.34029166666666666,0.3449583333333333,0.345
2021-10-09,t,13.658333333333333,94.04166666666667,12.708333333333334,15.008333333333333,1015.6958333333333,744.625,0.0,81.875,38.208333333333336,55.875,89.95833333333333,206.04166666666666,122.58333333333333,83.45833333333333,167.66666666666666,2.625,3.775,103.0,94.41666666666667,18.170833333333334,0.13291666666666666,0.09833333333333333,16.75,16.383333333333333,15.895833333333334,15.800000000000002,0.3354166666666667,0.34029166666666666,0.34612499999999996,0.3451666666666666
2021-10-10,t,13.808333333333332,93.0,12.633333333333333,15.558333333333332,1015.15,744.4666666666667,0.0,86.0,72.5,48.208333333333336,36.083333333333336,242.58333333333334,172.5,70.08333333333333,227.45416666666665,2.4791666666666665,3.3249999999999997,94.125,91.5,20.099999999999998,0.15916666666666665,0.1225,17.704166666666666,16.966666666666665,16.01666666666667,15.800000000000002,0.3388333333333333,0.3369583333333333,0.34474999999999995,0.3459999999999999
2021-10-11,t,13.541666666666666,93.625,12.512500000000001,14.279166666666667,1015.5,744.0208333333334,0.0,95.20833333333333,31.041666666666668,95.45833333333333,85.04166666666667,112.375,47.833333333333336,64.54166666666667,64.98333333333333,2.316666666666667,3.8208333333333333,94.95833333333333,93.45833333333333,15.3125,0.0775,0.09958333333333334,16.170833333333334,16.5625,16.2,15.800000000000002,0.362875,0.36716666666666664,0.36604166666666665,0.35004166666666664
2021-10-12,t,13.929166666666667,91.0,12.450000000000001,14.883333333333333,1015.4125,744.3541666666666,0.0,83.25,20.916666666666668,88.91666666666667,52.083333333333336,177.83333333333334,76.91666666666667,100.91666666666667,93.02916666666665,1.7458333333333333,2.8125,105.125,117.70833333333333,15.091666666666667,0.12166666666666666,0.14916666666666667,16.620833333333334,16.3625,16.175,15.800000000000002,0.32495833333333335,0.3145833333333333,0.35912499999999997,0.3585416666666667
2021-10-13,t,13.775,95.70833333333333,13.079166666666666,15.3125,1015.7666666666668,744.7958333333332,0.0,90.25,55.458333333333336,74.08333333333333,52.375,166.25,67.91666666666667,98.33333333333333,90.7375,2.379166666666667,3.329166666666667,108.16666666666667,104.41666666666667,16.158333333333335,0.11125,0.07083333333333333,16.729166666666668,16.5625,16.220833333333335,15.804166666666667,0.32408333333333333,0.310625,0.3375416666666667,0.35833333333333334
2021-10-14,t,12.825000000000001,94.0,11.862499999999999,13.887500000000001,1016.7291666666666,744.8458333333333,0.0,93.41666666666667,27.541666666666668,96.66666666666667,90.41666666666667,54.75,6.208333333333333,48.541666666666664,9.875,1.9375,3.1,131.70833333333334,132.0,11.391666666666666,0.044583333333333336,0.08875,14.916666666666666,15.654166666666667,16.2,15.895833333333334,0.3509166666666667,0.35158333333333336,0.33008333333333334,0.35712499999999997
2021-10-15,t,13.320833333333333,90.375,11.737499999999999,14.333333333333334,1016.4875000000001,744.85,0.0,73.875,46.166666666666664,34.833333333333336,54.75,224.79166666666666,139.29166666666666,85.5,186.59166666666667,2.7458333333333336,4.658333333333333,119.5,118.66666666666667,19.791666666666668,0.14583333333333334,0.16041666666666668,16.654166666666665,16.208333333333332,16.070833333333336,15.9,0.33141666666666664,0.3385416666666667,0.3287083333333333,0.3558333333333333
2021-10-16,t,13.762500000000001,90.625,12.1625,15.045833333333334,1016.3916666666668,745.0041666666666,0.0,85.0,63.416666666666664,31.25,93.95833333333333,269.0833333333333,208.20833333333334,60.875,266.825,3.1208333333333336,4.245833333333334,122.20833333333333,132.54166666666666,21.3125,0.17125,0.16333333333333333,17.779166666666665,16.983333333333334,16.158333333333335,15.9,0.3300416666666666,0.33379166666666665,0.31716666666666665,0.3545416666666667
2021-10-17,t,13.204166666666666,97.45833333333333,12.833333333333334,13.525,1018.3958333333334,745.5625,0.0,87.58333333333333,57.333333333333336,67.75,99.125,86.04166666666667,18.166666666666668,67.875,25.349999999999998,1.7375,2.591666666666667,117.79166666666667,102.83333333333333,14.299999999999999,0.06166666666666667,0.03666666666666667,16.108333333333334,16.587500000000002,16.3,15.9,0.34204166666666663,0.3472916666666667,0.32025,0.35308333333333336
2021-10-18,t,13.254166666666668,93.5,12.216666666666667,13.691666666666668,1018.8083333333334,746.1875,0.0,78.70833333333333,56.041666666666664,14.416666666666666,94.66666666666667,181.0,81.54166666666667,99.45833333333333,127.66250000000001,3.0041666666666664,4.7375,117.125,125.875,20.925,0.115,0.10083333333333333,16.287499999999998,16.208333333333332,16.258333333333333,15.9,0.322375,0.32845833333333335,0.31679166666666664,0.3517083333333333
2021-10-19,t,13.75,94.58333333333333,12.891666666666666,14.529166666666667,1019.4125,747.0416666666666,0.0,82.33333333333333,65.04166666666667,40.75,80.75,192.04166666666666,100.83333333333333,91.20833333333333,147.05,2.8375,3.8708333333333336,107.83333333333333,123.33333333333333,21.833333333333332,0.12458333333333332,0.08708333333333333,17.079166666666666,16.712500000000002,16.258333333333333,15.9,0.3202916666666667,0.3247083333333333,0.30520833333333336,0.35033333333333333
2021-10-20,t,13.174999999999999,94.45833333333333,12.270833333333334,14.341666666666667,1018.8625000000001,746.5625,0.0,93.04166666666667,72.45833333333333,27.791666666666668,96.79166666666667,151.0,65.375,85.625,79.39999999999999,2.2875,3.1791666666666667,108.08333333333333,131.91666666666666,21.058333333333334,0.10125,0.08791666666666666,16.483333333333334,16.566666666666666,16.325,15.9,0.316375,0.322625,0.29641666666666666,0.3485416666666667
2021-10-21,t,13.674999999999999,92.45833333333333,12.420833333333334,14.700000000000001,1017.5500000000001,745.775,0.0,78.45833333333333,63.083333333333336,27.0,78.58333333333333,225.54166666666666,149.75,75.79166666666667,204.22500000000002,3.2583333333333333,4.8875,137.125,145.58333333333334,21.84166666666667,0.14291666666666666,0.12333333333333334,17.566666666666666,16.974999999999998,16.341666666666665,15.9,0.33516666666666667,0.33512499999999995,0.29424999999999996,0.3466666666666667
2021-10-22,t,12.8375,93.66666666666667,11.825000000000001,13.375,1018.8541666666666,745.9708333333333,0.0,94.29166666666667,61.791666666666664,55.25,98.58333333333333,115.20833333333333,44.458333333333336,70.75,61.94166666666666,2.5,3.716666666666667,119.625,116.70833333333333,20.154166666666665,0.07625,0.09458333333333334,16.166666666666668,16.545833333333334,16.4,15.9,0.33258333333333334,0.33958333333333335,0.32308333333333333,0.345625
2021-10-23,t,13.325000000000001,93.0,12.183333333333332,14.625,1018.5333333333333,746.4625,0.0,89.75,58.833333333333336,44.541666666666664,92.83333333333333,165.70833333333334,73.66666666666667,92.04166666666667,93.33333333333333,2.3208333333333333,3.6833333333333336,121.0,103.70833333333333,19.195833333333333,0.11208333333333333,0.11375,16.520833333333332,16.416666666666668,16.395833333333332,15.929166666666667,0.33949999999999997,0.34149999999999997,0.3239166666666667,0.345
2021-10-24,t,13.25,94.79166666666667,12.424999999999999,14.9375,1017.3166666666666,745.7583333333333,0.0,92.75,86.70833333333333,35.666666666666664,75.91666666666667,142.79166666666666,54.25,88.54166666666667,74.30416666666666,2.6125000000000003,3.3791666666666664,175.33333333333334,176.25,19.099999999999998,0.09541666666666666,0.08291666666666667,16.266666666666666,16.3,16.370833333333334,16.0,0.35062499999999996,0.34958333333333336,0.328625,0.34412499999999996
2021-10-26,t,13.220833333333333,93.5,12.174999999999999,14.679166666666667,1017.8333333333334,745.9208333333332,0.0,80.66666666666667,50.208333333333336,27.0,92.75,188.125,105.5,82.625,134.33333333333334,2.2916666666666665,3.5708333333333333,108.54166666666667,125.25,18.745833333333334,0.12333333333333334,0.1025,16.5375,16.333333333333332,16.270833333333332,16.0,0.324,0.32583333333333336,0.350875,0.34941666666666665
2021-10-27,t,13.620833333333332,93.04166666666667,12.479166666666666,15.333333333333334,1018.0,746.4791666666666,0.0,79.66666666666667,56.166666666666664,17.958333333333332,86.83333333333333,192.41666666666666,109.83333333333333,82.58333333333333,149.07916666666668,2.4208333333333334,3.420833333333333,120.375,129.41666666666666,19.670833333333334,0.12875,0.11499999999999999,17.05,16.704166666666666,16.304166666666667,16.0,0.31445833333333334,0.316125,0.3421666666666667,0.34912499999999996
2021-10-29,t,13.204166666666666,93.41666666666667,12.15,14.4,1017.9,745.9375,0.0,90.91666666666667,46.25,68.25,99.20833333333333,137.70833333333334,44.375,93.33333333333333,64.175,1.6875,2.8125,126.375,123.66666666666667,15.566666666666668,0.09416666666666668,0.10541666666666667,15.7125,15.945833333333333,16.3,16.0,0.33179166666666665,0.326625,0.314375,0.34783333333333327
2021-10-30,t,13.558333333333332,94.75,12.729166666666666,14.887500000000001,1018.4833333333332,746.725,0.0,94.58333333333333,76.25,29.333333333333332,91.25,202.0,115.95833333333333,86.04166666666667,149.85833333333332,3.5625,4.7375,135.125,143.75,18.337500000000002,0.13,0.08208333333333333,16.7,16.375,16.241666666666667,16.0,0.3450416666666667,0.3443333333333333,0.31604166666666667,0.34674999999999995
2021-10-31,t,13.7125,94.29166666666667,12.775,15.5,1017.5875,746.2166666666667,0.0,94.41666666666667,82.375,22.333333333333332,92.54166666666667,204.91666666666666,121.125,83.79166666666667,158.60416666666666,2.704166666666667,3.641666666666667,135.58333333333334,155.41666666666666,21.691666666666666,0.13458333333333333,0.09458333333333334,17.474999999999998,16.974999999999998,16.308333333333334,16.0,0.3303333333333333,0.3356666666666667,0.3189166666666667,0.345875
2021-11-01,t,13.579166666666666,94.0,12.5875,14.379166666666668,1017.9499999999999,745.9208333333332,0.0,96.95833333333333,63.541666666666664,65.375,98.75,126.75,48.25,78.5,63.729166666666664,2.3958333333333335,3.4583333333333335,131.04166666666666,125.79166666666667,17.466666666666665,0.08625,0.09833333333333334,16.675,16.791666666666668,16.4,16.0,0.33408333333333334,0.33791666666666664,0.32058333333333333,0.345
2021-11-02,t,13.658333333333333,94.5,12.791666666666666,14.887500000000001,1017.4833333333332,745.9250000000001,0.0,91.08333333333333,42.583333333333336,64.29166666666667,97.45833333333333,160.25,60.5,99.75,81.79166666666667,2.8166666666666664,4.208333333333333,70.95833333333333,72.95833333333333,20.566666666666666,0.11,0.08708333333333333,16.662499999999998,16.641666666666666,16.433333333333334,16.0,0.3473333333333333,0.350125,0.32916666666666666,0.3441666666666667
2021-11-03,t,13.579166666666666,93.66666666666667,12.575000000000001,15.470833333333333,1017.0375,745.8000000000001,0.0,76.95833333333333,51.583333333333336,15.875,84.75,229.66666666666666,151.91666666666666,77.75,199.84583333333333,2.475,3.8625000000000003,117.04166666666667,115.08333333333333,20.391666666666666,0.15,0.10125,17.416666666666668,16.979166666666668,16.445833333333333,16.045833333333334,0.3219166666666667,0.329,0.3337916666666667,0.34400000000000003
2021-11-04,t,14.058333333333332,93.66666666666667,13.016666666666666,15.479166666666666,1016.1083333333332,745.0625,0.0,76.41666666666667,66.66666666666667,13.666666666666666,64.875,234.95833333333334,164.45833333333334,70.5,233.60416666666666,2.6458333333333335,3.6500000000000004,116.75,132.125,21.895833333333332,0.14916666666666667,0.10791666666666666,18.070833333333333,17.483333333333334,16.566666666666666,16.1,0.325375,0.33241666666666664,0.32837500000000003,0.3436666666666666
2021-11-05,t,14.033333333333333,94.20833333333333,13.058333333333332,15.545833333333334,1015.1333333333333,744.4541666666668,0.0,93.91666666666667,61.5,59.875,91.625,204.41666666666666,129.41666666666666,75.0,179.69583333333333,2.6875,3.5833333333333335,92.33333333333333,88.375,20.787499999999998,0.13458333333333333,0.09958333333333334,18.029166666666665,17.766666666666666,16.741666666666667,16.1,0.34041666666666665,0.3455,0.33258333333333334,0.343
2021-11-06,t,13.65,94.125,12.700000000000001,15.554166666666667,1014.3916666666668,744.0749999999999,0.0,94.79166666666667,49.125,66.0,89.29166666666667,146.91666666666666,61.25,85.66666666666667,89.25833333333334,2.404166666666667,3.4499999999999997,101.58333333333333,104.95833333333333,18.462500000000002,0.10125,0.09541666666666666,16.625,16.954166666666666,16.8,16.1,0.34195833333333336,0.349,0.35037499999999994,0.34462499999999996
2021-11-07,t,13.891666666666666,93.45833333333333,12.841666666666667,15.020833333333334,1014.9333333333334,744.025,0.0,76.25,59.375,32.333333333333336,57.291666666666664,194.04166666666666,106.29166666666667,87.75,150.71666666666667,2.595833333333333,4.041666666666667,123.5,123.16666666666667,20.175,0.12458333333333334,0.10666666666666667,17.474999999999998,17.145833333333332,16.783333333333335,16.1,0.3233333333333333,0.3239166666666667,0.3472916666666666,0.3459999999999999
2021-11-08,t,13.887500000000001,90.20833333333333,12.275,14.737499999999999,1015.6208333333334,744.4583333333334,0.0,79.16666666666667,54.958333333333336,28.375,74.58333333333333,203.91666666666666,128.29166666666666,75.625,179.52083333333334,3.233333333333333,4.825,117.95833333333333,118.29166666666667,18.045833333333334,0.12916666666666668,0.1625,17.7,17.408333333333335,16.837500000000002,16.1,0.298875,0.30341666666666667,0.33866666666666667,0.3459999999999999
2021-11-09,t,14.070833333333333,91.58333333333333,12.666666666666666,15.366666666666667,1015.275,744.5666666666666,0.0,76.16666666666667,58.083333333333336,12.916666666666666,73.04166666666667,215.625,134.04166666666666,81.58333333333333,191.52083333333334,3.0500000000000003,4.883333333333334,119.70833333333333,124.95833333333333,18.595833333333335,0.13749999999999998,0.14625,18.0625,17.704166666666666,16.933333333333334,16.183333333333334,0.3045833333333333,0.2954583333333333,0.3233333333333333,0.34583333333333327
2021-11-10,t,14.779166666666667,95.83333333333333,14.108333333333334,16.691666666666666,1015.1041666666666,745.0833333333334,0.0,86.375,73.625,13.958333333333334,76.25,219.29166666666666,145.54166666666666,73.75,207.42916666666667,3.1041666666666665,4.416666666666667,133.625,135.04166666666666,21.650000000000002,0.14333333333333334,0.07458333333333333,18.454166666666666,17.991666666666667,17.041666666666668,16.2,0.3385416666666667,0.33279166666666665,0.314125,0.3448333333333333
2021-11-11,t,13.620833333333332,94.54166666666667,12.754166666666668,14.237499999999999,1015.8333333333334,744.2624999999999,0.0,97.25,78.54166666666667,58.791666666666664,96.25,97.625,34.208333333333336,63.416666666666664,49.59166666666667,3.0625,4.1125,147.25,147.08333333333334,16.408333333333335,0.06666666666666667,0.08625,16.683333333333334,17.133333333333333,17.1,16.2,0.348875,0.3529583333333333,0.3334166666666667,0.34400000000000003
2021-11-12,t,14.708333333333334,93.08333333333333,13.566666666666668,16.395833333333332,1016.1708333333332,745.725,0.0,92.04166666666667,78.91666666666667,35.333333333333336,91.79166666666667,223.375,136.20833333333334,87.16666666666667,179.19583333333333,2.6,3.7416666666666667,147.04166666666666,155.83333333333334,20.970833333333335,0.14916666666666667,0.12333333333333334,18.3875,17.695833333333333,17.05,16.2,0.34641666666666665,0.3505833333333333,0.34520833333333334,0.34504166666666664
2021-11-13,t,13.958333333333334,94.91666666666667,13.145833333333334,15.5,1016.2291666666666,745.4416666666666,0.0,92.125,66.125,36.25,87.625,137.95833333333334,39.875,98.08333333333333,61.85833333333333,2.9583333333333335,4.329166666666667,123.58333333333333,123.95833333333333,18.595833333333335,0.09499999999999999,0.08166666666666667,17.3,17.491666666666667,17.133333333333336,16.258333333333333,0.345,0.35175,0.3612916666666666,0.3499583333333333
2021-11-14,t,13.529166666666667,95.25,12.799999999999999,14.841666666666667,1015.8791666666666,744.6,0.0,86.625,70.625,40.0,85.875,123.20833333333333,56.25,66.95833333333333,90.20833333333333,2.2333333333333334,3.0041666666666664,127.83333333333333,125.875,15.729166666666666,0.0825,0.0725,16.808333333333334,16.958333333333332,17.1,16.3,0.32708333333333334,0.322625,0.3529166666666666,0.35312499999999997
2021-11-15,t,13.204166666666666,95.04166666666667,12.4125,14.383333333333333,1015.9958333333334,744.5208333333334,0.0,100.0,87.375,86.04166666666667,98.95833333333333,70.33333333333333,7.041666666666667,63.291666666666664,11.458333333333334,2.3249999999999997,3.3041666666666667,158.66666666666666,156.04166666666666,16.004166666666666,0.05416666666666667,0.07583333333333334,15.75,16.308333333333334,16.9625,16.3,0.3433333333333333,0.3453333333333333,0.34725,0.353
2021-11-16,t,13.362499999999999,95.29166666666667,12.604166666666666,14.529166666666667,1015.7833333333333,744.4916666666667,0.0,94.91666666666667,39.916666666666664,82.875,94.375,125.29166666666667,36.375,88.91666666666667,48.225,2.75,3.9499999999999997,102.5,92.75,17.166666666666668,0.08625,0.07208333333333333,16.0125,16.150000000000002,16.766666666666666,16.3,0.34474999999999995,0.3450416666666667,0.34670833333333334,0.353
2021-11-17,t,13.541666666666666,94.95833333333333,12.745833333333332,15.141666666666666,1015.9291666666667,744.8833333333333,0.0,95.41666666666667,66.29166666666667,66.875,92.25,154.20833333333334,66.54166666666667,87.66666666666667,101.45,2.7541666666666664,3.733333333333333,117.375,109.91666666666667,17.483333333333334,0.1025,0.07916666666666666,16.595833333333335,16.479166666666668,16.662499999999998,16.3,0.32879166666666665,0.33216666666666667,0.34191666666666665,0.353
2021-11-18,t,13.366666666666667,95.58333333333333,12.670833333333334,14.670833333333334,1015.1374999999999,743.9916666666667,0.0,93.625,45.416666666666664,78.625,84.16666666666667,130.58333333333334,40.916666666666664,89.66666666666667,52.39166666666667,2.5291666666666663,3.8541666666666665,104.91666666666667,115.20833333333333,19.662499999999998,0.08916666666666667,0.07125,16.2,16.358333333333334,16.604166666666668,16.3,0.33549999999999996,0.3322916666666667,0.33079166666666665,0.35224999999999995
2021-11-19,t,13.383333333333333,95.375,12.658333333333333,14.9125,1015.35,744.3458333333333,0.0,98.41666666666667,60.958333333333336,63.583333333333336,97.41666666666667,144.25,46.583333333333336,97.66666666666667,67.54583333333333,2.7375000000000003,4.0874999999999995,130.79166666666666,127.16666666666667,18.658333333333335,0.09791666666666667,0.07291666666666667,16.337500000000002,16.391666666666666,16.5375,16.3,0.34208333333333335,0.34470833333333334,0.32608333333333334,0.3513333333333333
2021-11-20,t,13.908333333333333,92.58333333333333,12.700000000000001,15.079166666666666,1015.4041666666667,744.4875000000001,0.0,86.33333333333333,37.583333333333336,55.208333333333336,92.95833333333333,197.25,114.875,82.375,154.89166666666668,2.783333333333333,4.1375,120.25,108.25,18.329166666666666,0.12958333333333333,0.12291666666666667,17.270833333333332,16.8625,16.533333333333335,16.3,0.3280416666666667,0.33625,0.3235,0.35041666666666665
2021-11-21,t,14.091666666666667,96.0,13.475,15.641666666666666,1015.5083333333333,744.7666666666668,0.0,92.91666666666667,41.166666666666664,74.45833333333333,93.375,167.625,68.66666666666667,98.95833333333333,84.2,2.566666666666667,3.704166666666667,120.41666666666667,109.16666666666667,18.379166666666666,0.11416666666666668,0.06291666666666666,17.233333333333334,17.079166666666666,16.629166666666666,16.341666666666665,0.34170833333333334,0.33975,0.31995833333333334,0.349375
2021-11-22,t,13.241666666666667,96.45833333333333,12.695833333333333,14.708333333333334,1016.025,744.6750000000001,0.0,89.45833333333333,60.916666666666664,49.666666666666664,94.29166666666667,128.79166666666666,40.166666666666664,88.625,62.337500000000006,2.7083333333333335,4.1125,120.375,124.375,18.3,0.08625,0.05375,16.266666666666666,16.616666666666667,16.662499999999998,16.4,0.34850000000000003,0.35354166666666664,0.3312916666666667,0.3484583333333333
2021-11-23,t,14.15,94.91666666666667,13.333333333333334,15.545833333333334,1015.4041666666667,744.7291666666666,0.0,92.54166666666667,65.91666666666667,43.833333333333336,71.66666666666667,186.91666666666666,98.70833333333333,88.20833333333333,134.51666666666668,3.4958333333333336,5.329166666666667,134.75,133.54166666666666,19.358333333333334,0.12208333333333334,0.08375,17.333333333333332,16.825,16.620833333333334,16.4,0.321625,0.3272916666666667,0.334625,0.34800000000000003
2021-11-24,t,13.366666666666667,95.08333333333333,12.583333333333334,13.4125,1015.6708333333332,743.6999999999999,0.0,91.95833333333333,51.208333333333336,77.375,98.5,88.79166666666667,25.916666666666668,62.875,44.49166666666667,2.7916666666666665,4.466666666666667,111.83333333333333,106.83333333333333,17.866666666666667,0.0625,0.07791666666666668,16.054166666666667,16.55,16.650000000000002,16.4,0.33479166666666665,0.33575,0.3272916666666667,0.34745833333333326
2021-11-25,t,13.578260869565218,93.43478260869566,12.534782608695652,15.160869565217391,1014.8695652173913,743.9652173913043,0.0,75.47826086956522,41.95652173913044,36.73913043478261,75.69565217391305,207.2173913043478,143.34782608695653,63.869565217391305,200.45652173913044,1.7478260869565219,2.817391304347826,111.3913043478261,109.04347826086956,17.291304347826088,0.13434782608695653,0.10347826086956521,16.982608695652175,16.68695652173913,16.573913043478264,16.4,0.32713043478260867,0.33543478260869564,0.3277826086956522,0.347
2021-11-27,t,13.737499999999999,91.625,12.362499999999999,14.3375,1015.6083333333332,744.1458333333334,0.0,83.45833333333333,62.791666666666664,46.75,79.25,209.33333333333334,144.04166666666666,65.29166666666667,212.42916666666667,3.1916666666666664,4.845833333333333,145.20833333333334,149.5,20.370833333333334,0.13125,0.13125,17.283333333333335,16.82916666666667,16.570833333333336,16.4,0.3285416666666667,0.3333333333333333,0.31825,0.3453333333333333
2021-11-28,t,13.5875,95.33333333333333,12.858333333333334,14.820833333333333,1015.4125,744.3625000000001,0.0,98.95833333333333,67.95833333333333,56.125,95.79166666666667,167.16666666666666,63.666666666666664,103.5,91.33333333333333,3.0500000000000003,4.6375,134.95833333333334,145.79166666666666,17.775000000000002,0.10875,0.07375,17.0125,17.037499999999998,16.645833333333332,16.4,0.33195833333333336,0.3365833333333334,0.319375,0.3445
2021-11-29,t,13.924999999999999,93.91666666666667,12.933333333333332,15.304166666666667,1014.4708333333333,743.9375,0.0,89.41666666666667,65.54166666666667,21.833333333333332,93.04166666666667,210.75,135.875,74.875,198.95416666666665,3.2541666666666664,4.783333333333333,136.54166666666666,141.375,20.075,0.13458333333333333,0.10166666666666667,17.587500000000002,17.1875,16.712500000000002,16.4,0.32475,0.3325,0.31695833333333334,0.34375
2021-11-30,t,14.216666666666667,92.375,12.954166666666666,15.4375,1014.5708333333333,743.9791666666666,0.0,89.375,63.083333333333336,32.625,93.16666666666667,199.16666666666666,118.79166666666667,80.375,161.0625,2.733333333333333,4.1499999999999995,120.29166666666667,126.08333333333333,20.287499999999998,0.13083333333333333,0.12791666666666665,17.791666666666668,17.4375,16.804166666666667,16.4,0.31883333333333336,0.32837500000000003,0.3155833333333333,0.3429583333333333
2021-12-01,t,13.421739130434782,93.08695652173913,12.299999999999999,14.273913043478261,1015.1086956521739,743.7434782608696,0.0,97.08695652173913,55.21739130434783,82.34782608695652,96.91304347826087,96.95652173913044,21.391304347826086,75.56521739130434,38.82608695652174,1.8347826086956522,2.9478260869565216,139.6086956521739,157.6086956521739,14.839130434782609,0.06869565217391305,0.1082608695652174,16.204347826086956,16.752173913043478,16.83478260869565,16.4,0.3470869565217391,0.34308695652173915,0.31617391304347825,0.342
2021-12-02,t,13.795833333333334,94.41666666666667,12.891666666666666,14.458333333333334,1015.8625000000001,744.3375,0.0,90.91666666666667,67.20833333333333,58.625,97.83333333333333,113.45833333333333,33.541666666666664,79.91666666666667,43.525,2.766666666666667,3.9791666666666665,126.16666666666667,131.04166666666666,20.479166666666668,0.07791666666666668,0.08916666666666667,16.616666666666667,16.6375,16.8,16.4,0.3585416666666667,0.35991666666666666,0.33958333333333335,0.3421666666666667
2021-12-03,t,14.1,92.0,12.783333333333333,15.595833333333333,1016.0041666666666,745.1458333333334,0.0,81.29166666666667,47.958333333333336,34.5,97.33333333333333,199.25,98.54166666666667,100.70833333333333,143.41666666666666,2.2291666666666665,3.154166666666667,134.45833333333334,132.45833333333334,17.9875,0.13125,0.13416666666666668,17.587500000000002,17.133333333333333,16.754166666666666,16.4,0.34391666666666665,0.3475,0.355,0.3459583333333333
2021-12-04,t,13.9125,94.70833333333333,13.058333333333332,15.266666666666666,1015.4625,744.5625,0.0,89.58333333333333,63.916666666666664,36.208333333333336,89.08333333333333,152.0,67.70833333333333,84.29166666666667,99.84166666666665,2.7416666666666667,3.9958333333333336,159.625,161.375,17.529166666666665,0.10083333333333333,0.09208333333333334,17.537499999999998,17.404166666666665,16.845833333333335,16.5,0.3415416666666667,0.34354166666666663,0.35304166666666664,0.3489166666666666
2021-12-05,t,13.054166666666667,96.875,12.575000000000001,13.166666666666666,1014.9666666666667,743.1166666666667,0.0,99.83333333333333,74.45833333333333,57.458333333333336,98.625,164.625,57.166666666666664,107.45833333333333,78.15416666666667,3.7083333333333335,5.608333333333333,194.54166666666666,195.83333333333334,21.079166666666666,0.1025,0.04750000000000001,16.025000000000002,16.570833333333333,16.883333333333333,16.5,0.3405,0.3405416666666667,0.35112499999999996,0.3499999999999999
2021-12-06,t,13.329166666666666,94.95833333333333,12.529166666666667,14.366666666666667,1014.0458333333332,743.225,0.0,97.04166666666667,68.58333333333333,54.5,92.20833333333333,166.16666666666666,79.41666666666667,86.75,127.31666666666666,3.1,4.408333333333333,171.54166666666666,180.91666666666666,19.787499999999998,0.1075,0.08166666666666667,16.650000000000002,16.529166666666665,16.7625,16.5,0.3176666666666667,0.317875,0.34437500000000004,0.3499999999999999
2021-12-07,t,13.891666666666666,94.125,12.958333333333334,15.904166666666667,1014.5875,744.3083333333334,0.0,91.83333333333333,65.33333333333333,75.08333333333333,97.20833333333333,169.41666666666666,92.16666666666667,77.25,135.4125,2.3000000000000003,3.016666666666667,203.16666666666666,201.08333333333334,18.4375,0.11291666666666667,0.09708333333333334,16.966666666666665,16.783333333333335,16.724999999999998,16.5,0.342875,0.33520833333333333,0.337375,0.3499999999999999
2021-12-09,t,13.670833333333334,91.41666666666667,12.220833333333333,14.916666666666666,1016.1916666666666,745.1666666666666,0.0,90.16666666666667,42.875,79.04166666666667,83.625,146.91666666666666,61.833333333333336,85.08333333333333,83.18333333333334,2.8000000000000003,4.808333333333334,254.04166666666666,272.625,31.2625,0.09958333333333334,0.14333333333333334,16.766666666666666,16.775000000000002,16.7375,16.5,0.3115,0.3076666666666667,0.3525416666666667,0.35662499999999997
2021-12-10,t,14.049999999999999,90.54166666666667,12.4625,15.15,1015.5458333333332,744.6791666666667,0.0,83.70833333333333,34.833333333333336,64.29166666666667,92.125,203.16666666666666,133.66666666666666,69.5,185.2125,2.625,4.2625,184.70833333333334,287.0416666666667,32.708333333333336,0.1325,0.16583333333333333,17.070833333333333,16.870833333333334,16.729166666666668,16.5,0.3165,0.30545833333333333,0.3307083333333333,0.3558333333333333
2021-12-11,t,14.016666666666666,86.29166666666667,11.695833333333333,14.741666666666667,1015.2416666666667,744.5500000000001,0.0,69.95833333333333,22.416666666666668,43.5,94.625,226.91666666666666,137.79166666666666,89.125,194.90416666666667,4.2749999999999995,6.583333333333333,227.54166666666666,291.6666666666667,28.25,0.14541666666666667,0.23416666666666666,17.366666666666667,17.175,16.758333333333333,16.5,0.30191666666666667,0.31295833333333334,0.30924999999999997,0.35441666666666666
2021-12-13,t,13.345833333333333,93.54166666666667,12.316666666666668,13.070833333333333,1014.9458333333333,743.1458333333334,0.0,100.0,74.83333333333333,76.45833333333333,99.625,149.16666666666666,44.291666666666664,104.875,58.512499999999996,4.279166666666667,7.054166666666667,227.375,231.29166666666666,32.833333333333336,0.09458333333333334,0.10083333333333333,16.366666666666667,16.495833333333334,16.720833333333335,16.5,0.34004166666666663,0.3318333333333333,0.2795,0.34975
2021-12-14,t,13.174999999999999,88.45833333333333,11.254166666666668,14.049999999999999,1014.5541666666667,743.5375,0.0,78.58333333333333,35.5,32.208333333333336,97.625,212.45833333333334,126.91666666666667,85.54166666666667,182.11666666666667,3.7541666666666664,6.158333333333334,179.91666666666666,190.95833333333334,21.283333333333335,0.135,0.18541666666666667,16.866666666666667,16.733333333333334,16.7,16.5,0.301,0.3160833333333333,0.28329166666666666,0.347375
2021-12-15,t,13.608333333333334,82.75,10.612499999999999,13.970833333333333,1014.7958333333332,743.6999999999999,0.0,67.95833333333333,23.958333333333332,37.25,99.875,219.66666666666666,129.5,90.16666666666667,189.08333333333334,3.8000000000000003,5.829166666666667,142.125,145.66666666666666,20.641666666666666,0.13916666666666666,0.2783333333333333,16.945833333333333,16.854166666666668,16.7,16.5,0.27775,0.29112499999999997,0.27020833333333333,0.3451666666666666
2021-12-16,t,14.049999999999999,92.75,12.870833333333332,15.375,1014.5458333333332,744.1208333333334,0.0,91.54166666666667,65.25,69.20833333333333,87.625,166.41666666666666,75.54166666666667,90.875,108.75416666666666,3.233333333333333,4.675,159.5,155.08333333333334,20.858333333333334,0.11166666666666668,0.12000000000000001,17.141666666666666,16.916666666666668,16.724999999999998,16.5,0.31579166666666664,0.2997083333333333,0.25708333333333333,0.34275000000000005
2021-12-17,t,13.504166666666668,92.08333333333333,12.245833333333332,14.9125,1015.225,744.3916666666668,0.0,99.0,74.16666666666667,94.91666666666667,97.54166666666667,63.333333333333336,10.416666666666666,52.916666666666664,12.525,3.1791666666666667,5.941666666666666,58.833333333333336,28.958333333333332,24.204166666666666,0.05125,0.12125000000000001,15.6875,16.291666666666668,16.720833333333335,16.5,0.36904166666666666,0.363875,0.29825,0.340625
2021-12-18,t,13.725,85.33333333333333,11.225,15.0,1016.35,745.5500000000001,0.0,79.41666666666667,16.708333333333332,59.0,99.16666666666667,142.58333333333334,44.5,98.08333333333333,68.52916666666667,2.8625000000000003,5.1125,129.41666666666666,101.125,19.745833333333334,0.09958333333333334,0.24333333333333332,15.883333333333333,16.008333333333333,16.604166666666668,16.5,0.33208333333333334,0.3382083333333334,0.32716666666666666,0.34
2021-12-19,t,13.245833333333332,93.5,12.2125,14.112499999999999,1017.4583333333334,745.5333333333333,0.0,84.83333333333333,51.791666666666664,55.875,71.08333333333333,134.625,55.791666666666664,78.83333333333333,76.8625,3.0375,4.5249999999999995,132.16666666666666,192.20833333333334,19.820833333333333,0.09291666666666666,0.1025,15.958333333333334,16.054166666666667,16.5,16.5,0.34674999999999995,0.347375,0.332,0.34
2021-12-20,t,13.333333333333334,91.20833333333333,11.887500000000001,14.775,1017.7458333333334,746.2791666666667,0.0,88.625,61.791666666666664,26.083333333333332,98.625,191.20833333333334,96.70833333333333,94.5,131.79999999999998,3.720833333333333,5.795833333333333,161.41666666666666,172.41666666666666,21.150000000000002,0.12708333333333333,0.14458333333333334,16.720833333333335,16.491666666666667,16.441666666666666,16.5,0.3150833333333333,0.322875,0.33758333333333335,0.34
2021-12-21,t,13.283333333333333,91.16666666666667,11.85,14.9,1016.4333333333334,745.1875,0.0,89.875,51.041666666666664,40.833333333333336,92.95833333333333,210.75,122.66666666666667,88.08333333333333,161.925,2.2624999999999997,3.4125,123.79166666666667,132.70833333333334,15.883333333333333,0.13791666666666666,0.13958333333333334,16.970833333333335,16.7375,16.470833333333335,16.5,0.30954166666666666,0.30504166666666666,0.3305,0.34
2021-12-22,t,13.633333333333333,94.70833333333333,12.791666666666666,15.15,1015.7208333333333,744.7166666666667,0.0,97.83333333333333,79.375,56.791666666666664,88.375,191.95833333333334,129.0,62.958333333333336,174.95000000000002,3.091666666666667,4.708333333333333,117.625,111.20833333333333,20.508333333333333,0.12625,0.08208333333333333,17.108333333333334,16.912499999999998,16.541666666666668,16.5,0.3363333333333333,0.3279583333333333,0.32354166666666667,0.3395416666666667
2021-12-23,t,13.841666666666667,90.83333333333333,12.333333333333334,14.516666666666666,1015.4041666666667,744.3583333333332,0.0,90.08333333333333,49.875,74.41666666666667,87.45833333333333,100.33333333333333,28.291666666666668,72.04166666666667,36.38333333333333,2.891666666666667,5.316666666666666,124.79166666666667,242.125,22.879166666666666,0.07291666666666667,0.14833333333333334,16.166666666666668,16.5375,16.6,16.5,0.35112499999999996,0.3557916666666667,0.344625,0.3398333333333334
2021-12-24,t,13.716666666666667,89.125,11.895833333333334,13.920833333333334,1015.5208333333334,744.1208333333334,0.0,78.58333333333333,24.583333333333332,51.375,98.08333333333333,152.16666666666666,62.583333333333336,89.58333333333333,92.72083333333335,3.5124999999999997,6.0,226.04166666666666,325.0,22.741666666666664,0.10000000000000002,0.17666666666666667,16.3125,16.295833333333334,16.541666666666668,16.5,0.34237500000000004,0.3466666666666667,0.34991666666666665,0.34270833333333334
2021-12-25,t,13.920833333333334,85.33333333333333,11.416666666666666,14.366666666666667,1015.4833333333332,744.4291666666667,0.0,73.66666666666667,12.416666666666666,60.583333333333336,89.875,210.25,143.79166666666666,66.45833333333333,217.9,3.5749999999999997,5.6625000000000005,269.5416666666667,279.0833333333333,24.454166666666666,0.13333333333333333,0.24666666666666667,16.879166666666666,16.704166666666666,16.533333333333335,16.5,0.31820833333333337,0.3213333333333333,0.3465833333333333,0.3448333333333333
2021-12-26,t,13.962499999999999,87.08333333333333,11.725,13.887500000000001,1015.8541666666666,744.4250000000001,0.0,85.08333333333333,33.25,65.58333333333333,93.20833333333333,227.0,149.20833333333334,77.79166666666667,219.725,3.454166666666667,5.2250000000000005,176.58333333333334,304.4583333333333,32.516666666666666,0.145,0.22791666666666666,17.279166666666665,16.970833333333335,16.583333333333332,16.5,0.306375,0.300625,0.3370416666666667,0.345
2021-12-27,t,14.1625,88.29166666666667,12.15,14.4125,1015.4499999999999,744.3125,0.0,85.79166666666667,38.0,61.5,94.0,202.70833333333334,113.79166666666667,88.91666666666667,150.15,2.829166666666667,4.2124999999999995,175.125,213.75,27.641666666666666,0.13333333333333333,0.20541666666666666,17.341666666666665,17.162499999999998,16.662499999999998,16.5,0.30866666666666664,0.30145833333333333,0.32345833333333335,0.34441666666666665
2021-12-28,t,13.741666666666667,91.25,12.299999999999999,14.15,1015.1458333333334,743.9125,0.0,86.0,42.041666666666664,53.333333333333336,97.54166666666667,149.75,71.70833333333333,78.04166666666667,107.8875,3.6625,5.320833333333334,239.95833333333334,253.54166666666666,22.516666666666666,0.09999999999999999,0.14458333333333334,16.808333333333334,16.95,16.7375,16.541666666666668,0.31954166666666667,0.31395833333333334,0.309875,0.34354166666666663
2021-12-29,t,13.450000000000001,93.875,12.458333333333334,13.879166666666668,1016.7958333333332,744.8083333333334,0.0,97.75,53.708333333333336,91.08333333333333,99.33333333333333,91.75,9.625,82.125,13.495833333333335,2.433333333333333,4.2,238.41666666666666,249.66666666666666,29.175,0.06583333333333334,0.09458333333333334,15.7875,16.204166666666666,16.7125,16.6,0.33516666666666667,0.33404166666666674,0.307625,0.3425
2021-12-30,t,13.491666666666667,92.08333333333333,12.195833333333333,14.0,1017.1291666666666,745.1916666666666,0.0,93.16666666666667,39.916666666666664,69.70833333333333,99.875,194.0,91.04166666666667,102.95833333333333,125.97500000000001,3.2583333333333333,4.7124999999999995,175.33333333333334,208.16666666666666,22.53333333333333,0.12208333333333334,0.12875,16.875,16.587500000000002,16.616666666666667,16.6,0.3212083333333333,0.32579166666666665,0.30641666666666667,0.3415000000000001
2022-01-01,t,13.479166666666666,93.20833333333333,12.383333333333333,14.741666666666667,1017.0875,745.4916666666667,0.0,99.625,74.83333333333333,82.29166666666667,99.41666666666667,142.25,49.208333333333336,93.04166666666667,61.89166666666666,1.6500000000000001,2.5375,147.125,132.25,15.695833333333333,0.09999999999999999,0.10791666666666666,16.679166666666667,16.712500000000002,16.683333333333334,16.6,0.32287499999999997,0.3134166666666667,0.29116666666666663,0.3393333333333333
2022-01-02,t,12.875,94.75,12.066666666666668,14.075000000000001,1016.7291666666666,744.9083333333333,0.0,97.45833333333333,79.0,89.54166666666667,99.91666666666667,65.33333333333333,9.791666666666666,55.541666666666664,14.174999999999999,2.4499999999999997,4.375,208.25,161.625,12.541666666666666,0.050416666666666665,0.07666666666666667,15.504166666666668,16.041666666666668,16.629166666666666,16.6,0.3566666666666667,0.35791666666666666,0.3173333333333333,0.33808333333333335
2022-01-03,t,13.283333333333333,95.45833333333333,12.579166666666666,14.475,1015.4041666666667,744.1166666666667,0.0,92.91666666666667,52.375,69.875,99.45833333333333,118.33333333333333,24.875,93.45833333333333,36.425000000000004,2.6625,3.9916666666666667,142.41666666666666,144.41666666666666,18.070833333333333,0.08125,0.06833333333333334,15.954166666666666,16.004166666666666,16.508333333333333,16.6,0.33425,0.3367083333333334,0.33137500000000003,0.3383333333333334
2022-01-04,t,13.716666666666667,92.125,12.429166666666667,14.454166666666666,1015.3416666666667,744.3000000000001,0.0,91.58333333333333,38.125,57.958333333333336,97.875,147.33333333333334,53.0,94.33333333333333,70.075,3.5041666666666664,5.5125,133.45833333333334,132.375,21.8125,0.09875,0.12666666666666668,16.270833333333332,16.2,16.412499999999998,16.6,0.3511666666666666,0.34925,0.33841666666666664,0.339
2022-01-05,t,13.145833333333334,91.75,11.804166666666667,13.75,1016.1750000000001,744.4708333333333,0.0,95.20833333333333,37.958333333333336,86.25,99.75,97.70833333333333,12.5,85.20833333333333,17.570833333333333,2.6750000000000003,5.008333333333334,147.70833333333334,150.70833333333334,21.979166666666668,0.06958333333333333,0.12916666666666668,15.641666666666666,16.029166666666665,16.4,16.6,0.348125,0.35024999999999995,0.35029166666666667,0.34112500000000007
2022-01-06,t,13.229166666666666,87.125,11.066666666666668,13.195833333333333,1017.3666666666667,745.1,0.0,87.79166666666667,27.958333333333332,77.20833333333333,99.70833333333333,164.75,51.291666666666664,113.45833333333333,73.4,3.5375,6.075,200.70833333333334,202.20833333333334,26.491666666666664,0.105,0.20166666666666666,15.916666666666666,15.966666666666667,16.308333333333334,16.570833333333336,0.32145833333333335,0.3240416666666667,0.3471666666666666,0.344125
2022-01-08,t,12.729166666666666,85.20833333333333,10.237499999999999,13.120833333333332,1017.7333333333332,745.3083333333334,0.0,72.41666666666667,29.291666666666668,32.041666666666664,97.95833333333333,239.5,158.79166666666666,80.70833333333333,218.5625,3.475,5.704166666666667,270.875,254.16666666666666,18.724999999999998,0.15083333333333335,0.23083333333333333,16.5125,16.445833333333333,16.333333333333332,16.5,0.27275,0.2764166666666667,0.322875,0.34400000000000003
2022-01-09,t,12.779166666666667,89.41666666666667,11.045833333333334,12.758333333333333,1017.3541666666666,744.6791666666667,0.0,94.625,44.541666666666664,72.70833333333333,99.29166666666667,185.29166666666666,94.95833333333333,90.33333333333333,133.63750000000002,3.0500000000000003,4.541666666666667,203.0,204.75,21.058333333333334,0.11666666666666665,0.16333333333333333,16.166666666666668,16.270833333333332,16.366666666666664,16.5,0.2911666666666667,0.27325,0.30491666666666667,0.3431666666666667
2022-01-11,t,13.617391304347825,92.26086956521739,12.373913043478263,15.347826086956522,1016.8695652173913,745.7478260869566,0.0,75.26086956521739,51.95652173913044,17.304347826086957,98.95652173913044,185.2608695652174,81.95652173913044,103.30434782608695,107.0608695652174,2.5608695652173914,3.8434782608695657,102.08695652173913,117.21739130434783,16.726086956521737,0.12217391304347826,0.12608695652173912,16.882608695652173,16.782608695652176,16.430434782608696,16.5,0.34243478260869564,0.34247826086956523,0.30934782608695655,0.34065217391304353
2022-01-12,t,14.012500000000001,88.625,12.091666666666667,15.166666666666666,1015.9541666666668,744.9416666666666,0.0,69.91666666666667,42.791666666666664,15.208333333333334,87.20833333333333,241.125,164.79166666666666,76.33333333333333,208.38333333333333,3.1791666666666667,4.3875,116.20833333333333,113.5,18.283333333333335,0.16,0.19791666666666666,17.537499999999998,17.0625,16.495833333333334,16.5,0.33245833333333336,0.333125,0.3147083333333333,0.34
2022-01-13,t,13.120833333333332,89.375,11.379166666666668,13.495833333333332,1016.625,744.6166666666667,0.0,70.79166666666667,17.291666666666668,42.416666666666664,99.20833333333333,136.75,30.875,105.875,39.166666666666664,2.1999999999999997,3.8041666666666667,133.83333333333334,105.95833333333333,13.983333333333334,0.09499999999999999,0.16666666666666666,16.041666666666668,16.545833333333334,16.6,16.5,0.3365,0.3449166666666667,0.32783333333333337,0.3390416666666667
2022-01-14,t,13.379166666666668,95.25,12.625,14.25,1016.3625000000001,744.8791666666666,0.0,77.29166666666667,55.041666666666664,48.833333333333336,67.04166666666667,215.45833333333334,142.29166666666666,73.16666666666667,208.07916666666665,6.220833333333334,8.645833333333334,264.0833333333333,279.5416666666667,20.454166666666666,0.13041666666666665,0.0725,17.045833333333334,16.675,16.55,16.5,0.3293333333333333,0.33229166666666665,0.332125,0.339
2022-01-15,t,13.283333333333333,92.91666666666667,12.141666666666666,13.670833333333334,1016.9625,745.0708333333333,0.0,90.29166666666667,69.75,48.958333333333336,99.04166666666667,169.45833333333334,75.33333333333333,94.125,98.44583333333333,4.879166666666666,7.1125,275.25,299.25,19.066666666666666,0.11333333333333334,0.11416666666666668,16.729166666666668,16.783333333333335,16.6,16.5,0.33591666666666664,0.34208333333333335,0.33949999999999997,0.33966666666666673
2022-01-16,t,13.120833333333332,91.70833333333333,11.762500000000001,13.666666666666666,1016.6958333333333,744.6666666666666,0.0,90.33333333333333,70.04166666666667,50.125,88.29166666666667,180.20833333333334,99.5,80.70833333333333,146.44166666666666,3.0416666666666665,4.791666666666667,265.25,275.2916666666667,18.8625,0.11541666666666667,0.13125,16.516666666666666,16.554166666666667,16.6,16.5,0.32154166666666667,0.324875,0.33887500000000004,0.34
2022-01-17,t,13.179166666666667,91.79166666666667,11.870833333333332,13.975,1015.775,744.1708333333332,0.0,91.875,60.708333333333336,61.958333333333336,83.95833333333333,167.66666666666666,74.75,92.91666666666667,107.52499999999999,2.629166666666667,3.579166666666667,229.0,229.04166666666666,15.583333333333334,0.10791666666666666,0.12625,16.724999999999998,16.633333333333333,16.6,16.5,0.31345833333333334,0.31295833333333334,0.333125,0.34
2022-01-18,t,13.137500000000001,94.20833333333333,12.2125,13.487499999999999,1014.875,743.1333333333333,0.0,100.0,81.20833333333333,90.08333333333333,99.0,98.66666666666667,24.166666666666668,74.5,31.175,2.6125,3.8083333333333336,205.33333333333334,187.91666666666666,15.679166666666667,0.0675,0.08875,15.970833333333333,16.287499999999998,16.6,16.5,0.34837500000000005,0.34170833333333334,0.33145833333333335,0.34
2022-01-19,t,13.858333333333334,92.04166666666667,12.570833333333333,14.554166666666667,1013.8083333333334,743.0708333333333,0.0,96.16666666666667,56.541666666666664,81.33333333333333,95.41666666666667,187.625,99.83333333333333,87.79166666666667,142.7875,2.6625,3.65,186.29166666666666,163.16666666666666,16.791666666666668,0.11916666666666666,0.13291666666666666,17.154166666666665,16.783333333333335,16.545833333333334,16.5,0.3392916666666667,0.34600000000000003,0.34108333333333335,0.340125
2022-01-20,t,13.625,95.875,12.983333333333334,14.525,1014.9958333333334,743.8041666666667,0.0,99.95833333333333,58.333333333333336,84.5,98.875,174.04166666666666,73.125,100.91666666666667,102.99583333333334,3.141666666666667,4.220833333333333,249.58333333333334,245.33333333333334,19.037499999999998,0.11,0.06416666666666666,17.120833333333334,17.029166666666665,16.633333333333336,16.5,0.3353333333333333,0.3398333333333334,0.34641666666666665,0.34175
2022-01-21,t,13.595833333333333,90.25,11.991666666666667,14.6,1015.3375,744.2583333333333,0.0,91.33333333333333,50.541666666666664,62.083333333333336,87.58333333333333,202.16666666666666,122.04166666666667,80.125,173.57916666666665,3.170833333333333,4.483333333333333,283.2916666666667,276.75,19.616666666666667,0.13291666666666666,0.15833333333333333,17.116666666666667,17.008333333333333,16.675,16.5,0.3150833333333333,0.31908333333333333,0.342875,0.343
2022-01-22,t,13.666666666666666,88.29166666666667,11.7125,13.924999999999999,1015.7708333333334,744.1041666666666,0.0,90.41666666666667,53.375,67.0,99.83333333333333,224.29166666666666,143.41666666666666,80.875,191.59166666666667,3.154166666666667,4.866666666666666,253.95833333333334,251.75,20.316666666666666,0.14041666666666666,0.1925,17.491666666666667,17.154166666666665,16.7375,16.5,0.310375,0.30154166666666665,0.334,0.343
2022-01-23,t,13.8125,91.04166666666667,12.354166666666666,14.704166666666666,1015.1,744.1541666666667,0.0,97.58333333333333,49.333333333333336,81.54166666666667,99.04166666666667,154.04166666666666,50.25,103.79166666666667,72.64999999999999,2.566666666666667,3.5625,162.20833333333334,181.5,18.333333333333332,0.1025,0.14791666666666667,16.891666666666666,17.020833333333332,16.8,16.525000000000002,0.34512499999999996,0.3404583333333333,0.32879166666666665,0.34208333333333335
2022-01-24,t,13.9125,91.25,12.483333333333334,14.820833333333333,1014.8291666666668,743.8874999999999,0.0,86.125,34.541666666666664,59.833333333333336,93.45833333333333,166.54166666666666,63.0,103.54166666666667,87.94166666666666,2.2916666666666665,3.2624999999999997,144.625,122.20833333333333,16.308333333333334,0.10916666666666668,0.14541666666666667,16.954166666666666,16.8875,16.8,16.6,0.3405833333333333,0.3473333333333333,0.3405,0.34208333333333335
2022-01-25,t,13.737499999999999,89.16666666666667,11.904166666666667,14.725,1015.225,744.1458333333334,0.0,66.79166666666667,24.625,31.458333333333332,95.0,209.75,121.20833333333333,88.54166666666667,155.45416666666668,2.408333333333333,3.5416666666666665,104.375,89.70833333333333,19.329166666666666,0.14041666666666666,0.18875,17.191666666666666,17.066666666666666,16.829166666666666,16.6,0.32458333333333333,0.3300416666666667,0.34349999999999997,0.343
2022-01-26,t,13.362499999999999,90.58333333333333,11.791666666666666,13.558333333333332,1016.3416666666667,744.3375,0.0,82.20833333333333,55.541666666666664,39.5,84.66666666666667,199.91666666666666,124.91666666666667,75.0,173.82916666666665,2.7583333333333333,4.5249999999999995,193.91666666666666,219.5,19.625,0.12958333333333333,0.1575,16.841666666666665,16.883333333333333,16.833333333333332,16.6,0.3405,0.341875,0.34404166666666663,0.34312500000000007
2022-01-27,t,13.737499999999999,86.91666666666667,11.529166666666667,14.487499999999999,1016.6666666666666,745.1541666666667,0.0,80.91666666666667,37.166666666666664,47.541666666666664,84.54166666666667,218.5,144.95833333333334,73.54166666666667,205.1916666666667,2.6750000000000003,4.6000000000000005,209.33333333333334,287.0416666666667,18.2625,0.13958333333333334,0.2175,17.370833333333334,17.120833333333334,16.841666666666665,16.6,0.32175000000000004,0.32666666666666666,0.3479583333333333,0.34474999999999995
2022-01-28,t,13.466666666666667,89.45833333333333,11.737499999999999,13.7125,1016.5541666666667,744.5,0.0,86.70833333333333,28.291666666666668,79.08333333333333,76.16666666666667,187.16666666666666,105.54166666666667,81.625,158.3125,2.1999999999999997,3.1625,230.91666666666666,213.125,15.566666666666668,0.12,0.17208333333333334,16.983333333333334,17.108333333333334,16.8875,16.6,0.3320416666666667,0.3289166666666667,0.3422083333333334,0.345
2022-01-29,t,13.504166666666668,90.125,11.875,14.275,1015.8041666666667,744.3000000000001,0.0,90.95833333333333,54.125,77.625,81.5,209.16666666666666,141.70833333333334,67.45833333333333,198.96666666666667,2.433333333333333,3.6374999999999997,183.29166666666666,144.95833333333334,19.233333333333334,0.13666666666666666,0.16375,17.087500000000002,16.945833333333333,16.875,16.6,0.34745833333333337,0.34933333333333333,0.34558333333333335,0.34512499999999996
2022-01-30,t,13.041666666666666,93.0,11.908333333333333,13.329166666666666,1016.1041666666666,743.8333333333334,0.0,100.0,52.0,97.58333333333333,99.83333333333333,120.54166666666667,28.041666666666668,92.5,32.80416666666667,2.0458333333333334,3.1166666666666667,150.45833333333334,127.08333333333333,12.929166666666667,0.08291666666666667,0.10583333333333333,16.279166666666665,16.625,16.866666666666664,16.6,0.34279166666666666,0.34575,0.35624999999999996,0.3484583333333333
2022-01-31,t,13.2875,92.33333333333333,12.033333333333333,13.6625,1015.85,743.9166666666666,0.0,95.5,65.54166666666667,85.91666666666667,92.45833333333333,150.04166666666666,69.625,80.41666666666667,102.77916666666665,1.9749999999999999,2.8708333333333336,215.91666666666666,224.75,14.75,0.09666666666666666,0.12291666666666667,16.391666666666666,16.45,16.783333333333335,16.6,0.3269166666666667,0.323125,0.34941666666666665,0.3499999999999999
2022-02-01,t,12.779166666666667,87.70833333333333,10.7875,12.049999999999999,1016.6791666666667,743.7333333333332,0.0,97.29166666666667,54.25,77.25,98.83333333333333,183.20833333333334,98.95833333333333,84.25,135.29999999999998,3.65,5.458333333333333,277.9583333333333,283.9583333333333,17.9375,0.11375,0.18583333333333332,16.4375,16.537499999999998,16.704166666666666,16.6,0.31754166666666667,0.31520833333333337,0.3388333333333333,0.3499999999999999
2022-02-02,t,12.7125,83.16666666666667,9.895833333333334,12.141666666666666,1016.775,743.8916666666668,0.0,85.375,24.125,68.29166666666667,90.33333333333333,213.58333333333334,113.04166666666667,100.54166666666667,147.44166666666666,2.908333333333333,8.008333333333333,322.9583333333333,207.45833333333334,18.270833333333332,0.13583333333333333,0.2529166666666667,16.441666666666666,16.454166666666666,16.662499999999998,16.6,0.29783333333333334,0.3004583333333333,0.32258333333333333,0.34954166666666664
2022-02-03,t,13.0625,82.91666666666667,10.137500000000001,12.791666666666666,1015.75,743.6583333333333,0.0,82.625,43.875,65.91666666666667,71.875,177.0,102.29166666666667,74.70833333333333,143.85416666666666,3.204166666666667,5.733333333333333,211.45833333333334,119.45833333333333,15.4625,0.1125,0.2658333333333333,16.470833333333335,16.458333333333332,16.6125,16.6,0.2936666666666667,0.2896666666666667,0.3027916666666666,0.34829166666666667
2022-02-04,t,13.720833333333333,82.25,10.4625,14.049999999999999,1014.4416666666666,743.3458333333333,0.0,48.833333333333336,24.375,12.833333333333334,66.625,267.0,195.25,71.75,256.9916666666667,3.2291666666666665,5.5375000000000005,77.625,73.29166666666667,21.354166666666668,0.17625000000000002,0.3279166666666667,17.379166666666666,17.025000000000002,16.633333333333336,16.6,0.296875,0.29720833333333335,0.28470833333333334,0.34637499999999993
2022-02-05,t,13.4375,82.375,10.329166666666667,13.891666666666666,1014.9125,743.7958333333332,0.0,47.875,11.625,14.416666666666666,99.75,229.79166666666666,124.25,105.54166666666667,166.3375,3.375,5.1499999999999995,91.95833333333333,89.58333333333333,18.745833333333334,0.15458333333333332,0.29375,16.616666666666667,16.7625,16.6875,16.6,0.3219166666666667,0.31595833333333334,0.27458333333333335,0.34424999999999994
2022-02-06,t,13.029166666666667,90.66666666666667,11.495833333333332,13.9375,1016.525,744.8874999999999,0.0,96.375,37.583333333333336,84.66666666666667,99.5,107.5,11.791666666666666,95.70833333333333,15.512500000000001,2.6125000000000003,4.7250000000000005,249.04166666666666,240.625,16.604166666666668,0.07791666666666668,0.14666666666666667,15.604166666666666,16.099999999999998,16.633333333333336,16.6,0.3430416666666667,0.3465833333333333,0.3002916666666667,0.34245833333333336
2022-02-07,t,13.354166666666666,90.625,11.7875,14.225,1016.5124999999999,744.8625000000001,0.0,96.04166666666667,62.708333333333336,54.0,98.70833333333333,189.79166666666666,100.29166666666667,89.5,116.39999999999999,2.875,4.566666666666666,215.75,282.4583333333333,18.033333333333335,0.1275,0.15625,16.708333333333332,16.404166666666665,16.545833333333334,16.6,0.3105833333333333,0.31720833333333337,0.30633333333333335,0.3415000000000001
2022-02-08,t,13.6625,89.75,11.9375,14.8125,1015.7875,744.5958333333333,0.0,73.45833333333333,45.083333333333336,39.125,88.83333333333333,238.83333333333334,163.25,75.58333333333333,221.63750000000002,2.9333333333333336,4.770833333333333,198.375,268.5,18.241666666666667,0.15333333333333332,0.16874999999999998,17.575,17.087500000000002,16.587500000000002,16.6,0.3143333333333333,0.31483333333333335,0.29662499999999997,0.34041666666666665
2022-02-09,t,14.008333333333333,93.25,12.929166666666667,15.700000000000001,1015.3583333333332,744.7875,0.0,92.625,50.833333333333336,59.416666666666664,92.875,164.625,65.16666666666667,99.45833333333333,84.59583333333333,2.504166666666667,3.966666666666667,188.5,150.5,19.566666666666666,0.11416666666666668,0.11333333333333334,17.316666666666666,17.275000000000002,16.729166666666668,16.6,0.3369166666666667,0.3349583333333333,0.2965,0.33920833333333333
2022-02-10,t,13.045833333333334,95.375,12.308333333333332,14.395833333333334,1015.7083333333334,744.3125,0.0,98.75,40.625,92.41666666666667,99.83333333333333,88.625,14.125,74.5,18.808333333333334,2.4875000000000003,4.2875000000000005,189.58333333333334,139.16666666666666,16.520833333333332,0.06458333333333334,0.06999999999999999,15.804166666666667,16.404166666666665,16.729166666666668,16.6,0.3496666666666666,0.34650000000000003,0.3097083333333333,0.33816666666666667
2022-02-11,t,12.958333333333334,95.125,12.179166666666667,13.770833333333334,1015.3833333333333,743.775,0.0,99.04166666666667,67.95833333333333,80.75,97.66666666666667,135.5,40.458333333333336,95.04166666666667,57.55416666666667,3.466666666666667,5.279166666666667,276.75,278.5416666666667,19.070833333333333,0.09041666666666666,0.07458333333333333,15.9,16.037499999999998,16.616666666666667,16.6,0.352875,0.3526666666666667,0.3325416666666667,0.338
2022-02-12,t,12.987499999999999,95.875,12.3375,13.891666666666666,1013.9041666666667,742.6666666666666,0.0,99.0,73.33333333333333,79.41666666666667,89.875,146.41666666666666,52.625,93.79166666666667,68.65833333333333,2.670833333333333,4.020833333333333,272.9166666666667,294.6666666666667,15.9,0.09875,0.06375,16.287499999999998,16.2,16.5125,16.6,0.356125,0.3565833333333333,0.34745833333333337,0.33958333333333335
2022-02-14,t,13.320833333333333,93.41666666666667,12.237499999999999,14.979166666666666,1015.0541666666667,744.2958333333332,0.0,93.29166666666667,83.58333333333333,56.166666666666664,88.41666666666667,174.29166666666666,81.95833333333333,92.33333333333333,114.96249999999999,2.85,3.7583333333333333,272.75,279.5,16.091666666666665,0.11708333333333333,0.1075,16.870833333333334,16.783333333333335,16.558333333333334,16.6,0.347375,0.35062499999999996,0.3597083333333333,0.35120833333333334
2022-02-15,t,13.304166666666667,96.375,12.729166666666666,14.9,1014.4291666666667,743.6374999999999,0.0,92.41666666666667,64.79166666666667,63.916666666666664,99.875,121.875,16.25,105.625,22.6375,2.1708333333333334,3.25,223.08333333333334,218.91666666666666,14.450000000000001,0.08583333333333333,0.05833333333333334,16.283333333333335,16.474999999999998,16.6,16.6,0.33975,0.33804166666666663,0.3542083333333333,0.35379166666666667
2022-02-16,t,13.1875,95.70833333333333,12.504166666666668,14.316666666666668,1013.5124999999999,742.475,0.0,88.08333333333333,69.20833333333333,56.333333333333336,85.29166666666667,188.66666666666666,102.625,86.04166666666667,135.99166666666667,2.4291666666666667,3.7458333333333336,241.5,248.83333333333334,18.816666666666666,0.12333333333333334,0.06833333333333334,16.75,16.533333333333335,16.554166666666667,16.6,0.33541666666666664,0.33037500000000003,0.34558333333333335,0.35391666666666666
2022-02-17,t,13.125,93.29166666666667,12.045833333333334,14.612499999999999,1014.3666666666667,743.5375,0.0,97.75,49.0,77.83333333333333,99.75,107.875,28.083333333333332,79.79166666666667,35.49166666666667,2.341666666666667,3.4,225.58333333333334,224.08333333333334,13.479166666666666,0.07791666666666668,0.10583333333333333,15.945833333333333,16.304166666666667,16.558333333333334,16.6,0.3413333333333333,0.35041666666666665,0.34912499999999996,0.3537083333333333
2022-02-18,t,13.391666666666666,95.20833333333333,12.65,14.483333333333334,1014.9208333333332,743.6291666666666,0.0,95.0,48.541666666666664,59.458333333333336,94.5,177.41666666666666,76.04166666666667,101.375,110.80000000000001,1.9875,3.1458333333333335,168.16666666666666,190.66666666666666,16.095833333333335,0.11541666666666667,0.07416666666666667,16.625,16.445833333333333,16.5,16.6,0.32966666666666666,0.3265,0.3405833333333333,0.35354166666666664
2022-02-19,t,13.683333333333332,93.95833333333333,12.6875,14.458333333333334,1014.5791666666668,743.5666666666666,0.0,95.16666666666667,66.29166666666667,60.583333333333336,99.375,152.04166666666666,61.041666666666664,91.0,75.99583333333334,2.8166666666666664,4.1625000000000005,197.95833333333334,182.79166666666666,17.004166666666666,0.10125,0.09875,16.675,16.583333333333332,16.520833333333332,16.6,0.35354166666666664,0.3498333333333334,0.33437500000000003,0.3529166666666666
2022-02-20,t,13.75,91.58333333333333,12.383333333333333,14.358333333333334,1013.7916666666666,743.0,0.0,99.04166666666667,56.083333333333336,85.70833333333333,98.5,100.70833333333333,22.5,78.20833333333333,33.854166666666664,2.6041666666666665,3.5541666666666667,162.41666666666666,167.66666666666666,13.408333333333333,0.06958333333333334,0.13625,16.1375,16.379166666666666,16.508333333333333,16.6,0.3469166666666667,0.3515,0.34308333333333335,0.35200000000000004
2022-02-21,t,14.158333333333333,92.29166666666667,12.887500000000001,15.416666666666666,1013.2916666666666,743.1625,0.0,95.625,51.541666666666664,62.708333333333336,95.45833333333333,165.04166666666666,69.5,95.54166666666667,86.925,2.2666666666666666,3.4125,161.33333333333334,147.875,15.733333333333334,0.1125,0.13166666666666668,17.020833333333332,16.7,16.525000000000002,16.6,0.35470833333333335,0.3550416666666667,0.34779166666666667,0.35204166666666664
2022-02-22,t,13.166666666666666,93.20833333333333,12.083333333333334,13.516666666666666,1015.4499999999999,743.5583333333334,0.0,100.0,69.5,96.83333333333333,99.95833333333333,96.54166666666667,15.333333333333334,81.20833333333333,17.966666666666665,1.9583333333333333,2.9250000000000003,183.20833333333334,162.33333333333334,15.529166666666667,0.06833333333333334,0.1025,15.916666666666666,16.337500000000002,16.55,16.6,0.355375,0.35633333333333334,0.35812499999999997,0.35391666666666666
2022-02-23,t,13.341666666666667,93.54166666666667,12.316666666666668,14.329166666666666,1016.0583333333334,744.6374999999999,0.0,99.41666666666667,61.708333333333336,83.45833333333333,99.16666666666667,172.20833333333334,61.0,111.20833333333333,73.74583333333332,3.85,5.5375000000000005,261.3333333333333,263.2916666666667,20.0375,0.11416666666666665,0.1025,16.587500000000002,16.470833333333335,16.5,16.6,0.34708333333333335,0.35504166666666664,0.3598333333333333,0.3561666666666667
2022-02-24,t,12.333333333333334,93.41666666666667,11.270833333333334,12.770833333333334,1016.9166666666666,744.3083333333334,0.0,98.45833333333333,71.66666666666667,74.875,99.16666666666667,87.54166666666667,28.125,59.416666666666664,46.32083333333333,2.8666666666666667,4.033333333333333,274.8333333333333,277.6666666666667,16.05,0.06166666666666667,0.09999999999999999,14.983333333333334,15.65,16.441666666666666,16.6,0.32566666666666666,0.320375,0.3513333333333333,0.357
2022-02-25,t,13.225,91.5,11.799999999999999,13.570833333333333,1016.1958333333333,744.3041666666667,0.0,87.70833333333333,50.75,60.333333333333336,86.83333333333333,187.25,99.79166666666667,87.45833333333333,151.20000000000002,3.358333333333333,5.05,248.29166666666666,297.5416666666667,16.704166666666666,0.11833333333333333,0.13541666666666666,16.4375,16.087500000000002,16.325,16.6,0.31908333333333333,0.317625,0.3333333333333333,0.3565416666666667
2022-02-26,t,13.316666666666668,91.625,11.929166666666667,14.045833333333334,1016.2041666666668,744.6333333333333,0.0,97.16666666666667,54.041666666666664,73.125,99.08333333333333,168.58333333333334,64.66666666666667,103.91666666666667,76.52083333333333,4.070833333333334,5.8999999999999995,290.375,287.4166666666667,18.7,0.11125,0.13666666666666666,16.570833333333333,16.470833333333335,16.337500000000002,16.6,0.322375,0.32216666666666666,0.3120833333333333,0.35504166666666664
2022-02-27,t,13.179166666666667,89.66666666666667,11.504166666666668,12.791666666666666,1016.6166666666667,744.1916666666666,0.0,95.41666666666667,44.208333333333336,73.33333333333333,91.95833333333333,137.25,39.958333333333336,97.29166666666667,58.050000000000004,3.2291666666666665,4.891666666666667,288.5833333333333,282.4166666666667,18.179166666666667,0.09000000000000001,0.16083333333333333,16.045833333333334,16.212500000000002,16.370833333333334,16.6,0.3013333333333333,0.312125,0.2954583333333333,0.35304166666666664
2022-02-28,t,13.641666666666666,85.41666666666667,11.195833333333333,14.141666666666666,1016.8583333333332,745.1916666666666,0.0,70.54166666666667,37.333333333333336,35.541666666666664,80.16666666666667,234.0,158.20833333333334,75.79166666666667,216.22083333333333,3.341666666666667,5.2,246.75,254.70833333333334,20.429166666666667,0.14583333333333334,0.22916666666666666,16.9875,16.7,16.375,16.6,0.3037916666666666,0.3030833333333333,0.277375,0.3505
2022-03-01,t,13.104166666666666,80.375,9.700000000000001,13.112499999999999,1016.9083333333333,744.7291666666666,0.0,85.95833333333333,27.25,54.833333333333336,98.83333333333333,203.91666666666666,101.16666666666667,102.75,122.52083333333333,3.4291666666666667,6.066666666666666,274.8333333333333,246.0,20.129166666666666,0.12833333333333333,0.3025,16.516666666666666,16.554166666666667,16.433333333333334,16.6,0.2870833333333333,0.29483333333333334,0.262875,0.34775
2022-03-02,t,12.987499999999999,81.83333333333333,9.891666666666667,13.341666666666667,1016.5333333333333,744.6916666666666,0.0,78.75,29.708333333333332,42.875,90.08333333333333,176.20833333333334,93.79166666666667,82.41666666666667,141.67083333333332,2.9291666666666667,4.829166666666667,271.375,249.0,16.941666666666666,0.11416666666666668,0.2816666666666667,16.191666666666666,16.333333333333332,16.454166666666666,16.6,0.2764166666666667,0.28241666666666665,0.24875,0.3447916666666666
2022-03-03,t,12.941666666666668,85.875,10.529166666666667,13.15,1016.475,744.3125,0.0,86.95833333333333,22.333333333333332,66.375,99.5,161.5,53.166666666666664,108.33333333333333,60.86666666666667,2.4541666666666666,4.25,259.9583333333333,265.125,14.370833333333332,0.10666666666666667,0.2225,15.970833333333333,16.066666666666666,16.40833333333333,16.6,0.265125,0.27066666666666667,0.23591666666666666,0.34175
2022-03-04,t,13.737499999999999,92.29166666666667,12.458333333333334,15.350000000000001,1015.9708333333333,745.1083333333332,0.0,91.33333333333333,64.20833333333333,63.083333333333336,89.20833333333333,223.70833333333334,145.0,78.70833333333333,183.6291666666667,3.3125,4.658333333333333,273.4583333333333,284.5,16.058333333333334,0.14541666666666667,0.12708333333333333,17.541666666666668,16.8875,16.429166666666664,16.6,0.29958333333333337,0.27666666666666667,0.225,0.33875000000000005
2022-03-05,t,13.320833333333333,92.04166666666667,12.0375,14.612499999999999,1014.6374999999999,743.7333333333332,0.0,98.41666666666667,63.458333333333336,86.5,97.70833333333333,124.75,44.375,80.375,54.05833333333334,2.191666666666667,3.579166666666667,173.75,174.25,15.0375,0.08833333333333333,0.12833333333333333,16.433333333333334,16.666666666666668,16.5,16.6,0.3445833333333333,0.327375,0.229625,0.335875
2022-03-06,t,13.695652173913043,94.8695652173913,12.869565217391305,14.769565217391303,1015.0434782608696,744.0565217391304,0.0,90.43478260869566,50.391304347826086,60.04347826086956,99.30434782608695,124.0,24.391304347826086,99.6086956521739,32.55652173913043,2.6478260869565218,3.9782608695652173,102.65217391304348,81.17391304347827,16.1,0.08565217391304347,0.08,16.41304347826087,16.547826086956523,16.517391304347825,16.6,0.35882608695652174,0.3521304347826087,0.2652173913043478,0.3337391304347826
2022-03-07,t,13.5,93.91666666666667,12.525,14.879166666666668,1015.2708333333334,744.4083333333333,0.0,97.08333333333333,51.416666666666664,80.66666666666667,99.5,160.95833333333334,68.625,92.33333333333333,91.30833333333334,3.0208333333333335,4.454166666666667,208.08333333333334,202.58333333333334,16.320833333333333,0.1075,0.09541666666666666,16.4375,16.504166666666666,16.508333333333333,16.6,0.34479166666666666,0.344625,0.29791666666666666,0.33270833333333333
2022-03-08,t,13.375,95.75,12.7125,13.954166666666666,1015.8375,744.125,0.0,98.29166666666667,60.375,64.25,96.45833333333333,151.75,56.875,94.875,82.40833333333333,3.1333333333333333,4.675,272.375,255.625,19.379166666666666,0.09833333333333333,0.06541666666666666,16.425,16.425,16.5,16.587500000000002,0.32366666666666666,0.3275,0.3093333333333333,0.332
2022-03-09,t,13.129166666666668,94.25,12.200000000000001,14.262500000000001,1016.1083333333332,744.5083333333333,0.0,91.625,44.916666666666664,68.70833333333333,89.375,124.70833333333333,47.416666666666664,77.29166666666667,56.74166666666667,2.3666666666666667,3.775,155.875,216.83333333333334,16.316666666666666,0.08666666666666667,0.08916666666666667,15.879166666666668,16.141666666666666,16.5,16.5125,0.327625,0.3277083333333333,0.3109166666666667,0.3316666666666667
2022-03-10,t,13.387500000000001,95.125,12.620833333333332,14.625,1015.7875,744.4333333333334,0.0,96.29166666666667,53.916666666666664,75.08333333333333,99.0,124.70833333333333,15.166666666666666,109.54166666666667,22.066666666666666,2.4791666666666665,3.65,171.375,179.66666666666666,15.049999999999999,0.08375,0.075,15.995833333333332,16.054166666666667,16.40833333333333,16.5,0.33712499999999995,0.334625,0.31466666666666665,0.331
2022-03-11,t,12.891666666666666,94.33333333333333,12.012500000000001,13.808333333333332,1015.5124999999999,743.8583333333332,0.0,93.33333333333333,45.125,72.70833333333333,99.875,107.70833333333333,25.5,82.20833333333333,40.458333333333336,2.620833333333333,4.220833333333333,138.58333333333334,145.66666666666666,14.700000000000001,0.07291666666666667,0.08374999999999999,15.591666666666667,15.920833333333334,16.35833333333333,16.5,0.3438333333333334,0.3445833333333333,0.325,0.331
2022-03-12,t,13.641666666666666,93.58333333333333,12.6,14.85,1015.0124999999999,744.1208333333334,0.0,77.66666666666667,39.291666666666664,30.958333333333332,94.66666666666667,179.0,82.5,96.5,105.38333333333333,2.9916666666666667,4.2875,146.75,155.95833333333334,17.7,0.11875000000000001,0.10416666666666667,16.4375,16.212500000000002,16.3,16.5,0.33579166666666665,0.342625,0.3385,0.33195833333333336
2022-03-13,t,14.5,93.3913043478261,13.434782608695652,16.082608695652173,1015.1999999999999,744.8173913043478,0.0,92.47826086956522,60.30434782608695,47.47826086956522,85.56521739130434,190.2608695652174,108.3913043478261,81.8695652173913,149.8304347826087,2.743478260869565,4.569565217391304,187.43478260869566,205.7826086956522,20.08695652173913,0.12869565217391304,0.1117391304347826,17.378260869565217,16.97826086956522,16.356521739130436,16.5,0.3306521739130435,0.33995652173913044,0.343,0.33426086956521744
2022-03-14,t,13.366666666666667,96.625,12.85,13.845833333333333,1015.3333333333334,743.6083333333332,0.0,91.33333333333333,66.125,49.0,98.70833333333333,98.79166666666667,22.583333333333332,76.20833333333333,26.120833333333334,2.2708333333333335,3.5500000000000003,169.54166666666666,207.79166666666666,14.362499999999999,0.06791666666666667,0.049999999999999996,16.208333333333332,16.558333333333334,16.491666666666667,16.5,0.338125,0.3431666666666667,0.34604166666666664,0.337
2022-03-15,t,13.975,92.54166666666667,12.766666666666666,14.866666666666667,1014.4958333333334,743.6208333333334,0.0,86.16666666666667,48.666666666666664,51.041666666666664,92.04166666666667,206.58333333333334,119.29166666666667,87.29166666666667,145.79166666666666,3.2583333333333333,5.0125,147.08333333333334,229.29166666666666,19.474999999999998,0.13291666666666666,0.12625,17.391666666666666,16.925,16.495833333333334,16.5,0.339875,0.3421666666666667,0.3489166666666666,0.34
2022-03-16,t,14.483333333333334,92.04166666666667,13.15,15.979166666666666,1014.2624999999999,744.125,0.0,75.58333333333333,56.958333333333336,28.125,93.33333333333333,224.58333333333334,152.29166666666666,72.29166666666667,206.4125,2.829166666666667,4.6000000000000005,214.08333333333334,288.5,19.837500000000002,0.14791666666666667,0.14041666666666666,18.133333333333333,17.55,16.645833333333332,16.5,0.3335416666666667,0.34070833333333334,0.3544583333333333,0.3445416666666667
2022-03-17,t,13.329166666666666,97.29166666666667,12.9125,14.420833333333334,1014.9499999999999,743.6958333333333,0.0,94.95833333333333,50.041666666666664,70.29166666666667,94.25,77.125,16.791666666666668,60.333333333333336,19.754166666666666,2.2583333333333333,3.470833333333333,181.75,183.91666666666666,15.033333333333333,0.05666666666666667,0.04041666666666666,16.220833333333335,16.7625,16.7625,16.5,0.3421666666666667,0.347625,0.3537083333333333,0.3479583333333333
2022-03-18,t,13.166666666666666,92.04166666666667,11.854166666666666,15.004166666666668,1013.9208333333332,743.3083333333334,0.0,78.29166666666667,62.958333333333336,16.791666666666668,57.416666666666664,240.125,172.375,67.75,219.73749999999998,2.275,3.466666666666667,169.375,150.66666666666666,18.783333333333335,0.1575,0.13208333333333333,17.241666666666667,16.875,16.720833333333335,16.5,0.32575,0.32325,0.34812499999999996,0.349375
2022-03-19,t,14.3125,92.45833333333333,13.079166666666666,16.408333333333335,1014.2041666666668,744.1083333333332,0.0,86.125,62.166666666666664,22.875,64.16666666666667,274.375,217.95833333333334,56.416666666666664,284.375,2.654166666666667,3.404166666666667,146.0,173.33333333333334,19.191666666666666,0.1779166666666667,0.12625,18.537499999999998,17.770833333333332,16.8,16.5,0.324625,0.3325,0.3401666666666667,0.349
2022-03-20,t,13.8375,92.29166666666667,12.583333333333334,14.904166666666667,1015.6458333333334,744.6208333333334,0.0,92.16666666666667,53.333333333333336,49.041666666666664,79.33333333333333,159.29166666666666,72.875,86.41666666666667,91.75,2.670833333333333,3.7375000000000003,169.375,163.75,15.450000000000001,0.10625,0.12458333333333334,17.195833333333333,17.412499999999998,16.95,16.575,0.33516666666666667,0.33916666666666667,0.3345,0.349
2022-03-21,t,13.758333333333333,94.54166666666667,12.879166666666668,15.4375,1016.2791666666667,745.2416666666667,0.0,95.0,42.875,73.95833333333333,93.25,121.83333333333333,35.416666666666664,86.41666666666667,51.9125,2.15,3.2416666666666667,145.625,155.375,17.133333333333333,0.08458333333333333,0.08666666666666667,16.587500000000002,16.829166666666666,16.979166666666668,16.6,0.33816666666666667,0.34004166666666663,0.330625,0.3480833333333333
2022-03-22,t,13.608333333333334,94.5,12.716666666666667,14.891666666666666,1016.1916666666666,745.0166666666668,0.0,98.625,74.54166666666667,52.541666666666664,94.29166666666667,134.41666666666666,43.291666666666664,91.125,64.34166666666667,3.233333333333333,4.375,239.16666666666666,217.70833333333334,16.662499999999998,0.09041666666666666,0.09000000000000001,16.633333333333333,16.704166666666666,16.9,16.6,0.33870833333333333,0.34558333333333335,0.333125,0.34791666666666665
2022-03-23,t,13.282608695652174,96.3913043478261,12.713043478260868,15.200000000000001,1015.9304347826088,744.9826086956521,0.0,98.95652173913044,64.52173913043478,66.04347826086956,95.34782608695652,90.30434782608695,18.391304347826086,71.91304347826087,26.539130434782606,2.8043478260869565,3.930434782608696,146.95652173913044,173.08695652173913,14.482608695652175,0.06565217391304348,0.05565217391304348,16.017391304347825,16.32608695652174,16.817391304347826,16.6,0.3358260869565218,0.33717391304347827,0.3328695652173913,0.347
2022-03-24,t,13.304166666666667,94.08333333333333,12.362499999999999,14.179166666666667,1015.85,744.3291666666668,0.0,78.08333333333333,42.958333333333336,28.416666666666668,98.29166666666667,177.375,88.54166666666667,88.83333333333333,112.42916666666667,2.9375,4.7124999999999995,112.5,116.83333333333333,17.145833333333332,0.11666666666666665,0.09375,16.316666666666666,16.316666666666666,16.708333333333332,16.6,0.33758333333333335,0.34275000000000005,0.33137500000000003,0.3469583333333333
2022-03-25,t,13.604166666666666,91.0,12.137500000000001,14.758333333333333,1016.2083333333334,745.0625,0.0,75.70833333333333,39.25,29.708333333333332,98.58333333333333,177.0,82.75,94.25,109.35833333333333,2.970833333333333,4.545833333333333,120.33333333333333,123.83333333333333,18.929166666666667,0.11666666666666665,0.14666666666666667,16.754166666666666,16.6375,16.654166666666665,16.6,0.3352916666666667,0.34175,0.3334166666666667,0.3459999999999999
2022-03-26,t,13.612499999999999,91.16666666666667,12.174999999999999,14.504166666666668,1016.3208333333333,744.9375,0.0,67.83333333333333,36.458333333333336,15.791666666666666,96.0,190.33333333333334,93.375,96.95833333333333,129.525,3.3666666666666667,4.875,115.5,120.33333333333333,19.729166666666668,0.12333333333333334,0.14291666666666666,16.8625,16.779166666666665,16.658333333333335,16.6,0.33512499999999995,0.3374166666666667,0.33433333333333337,0.3459999999999999
2022-03-27,t,13.683333333333332,89.91666666666667,11.983333333333334,14.766666666666666,1016.0458333333332,744.9333333333334,0.0,81.75,32.708333333333336,50.958333333333336,93.20833333333333,206.54166666666666,119.20833333333333,87.33333333333333,155.2,3.016666666666667,4.1625000000000005,111.125,111.54166666666667,21.0625,0.13541666666666666,0.16833333333333333,17.075,16.895833333333332,16.683333333333334,16.6,0.3519583333333333,0.35304166666666664,0.3389166666666667,0.3460833333333333
2022-03-28,t,13.791666666666666,91.16666666666667,12.341666666666667,14.183333333333332,1015.9958333333334,744.5541666666667,0.0,92.875,34.458333333333336,74.625,99.20833333333333,143.20833333333334,42.416666666666664,100.79166666666667,53.987500000000004,3.595833333333333,5.675,123.08333333333333,112.54166666666667,22.599999999999998,0.09583333333333333,0.14375000000000002,16.629166666666666,16.766666666666666,16.7,16.6,0.34883333333333333,0.35191666666666666,0.3499999999999999,0.349
2022-03-29,t,13.120833333333332,93.375,12.045833333333334,13.720833333333333,1016.3000000000001,744.4541666666668,0.0,96.95833333333333,36.166666666666664,79.75,99.25,102.79166666666667,10.958333333333334,91.83333333333333,13.170833333333334,2.9333333333333336,4.904166666666667,151.08333333333334,148.33333333333334,23.566666666666666,0.0725,0.10291666666666667,15.741666666666667,16.141666666666666,16.679166666666667,16.6,0.35545833333333327,0.35504166666666664,0.3502083333333333,0.35204166666666664
2022-03-30,t,12.941666666666668,93.08333333333333,11.845833333333333,13.700000000000001,1016.5291666666667,744.625,0.0,93.125,54.791666666666664,81.625,99.29166666666667,126.45833333333333,19.708333333333332,106.75,22.358333333333334,3.283333333333333,5.125,213.5,218.5,18.283333333333335,0.08666666666666667,0.105,15.841666666666667,15.954166666666666,16.525000000000002,16.6,0.35158333333333336,0.34650000000000003,0.34933333333333333,0.3539999999999999
2022-03-31,t,12.745833333333332,95.33333333333333,12.016666666666666,13.620833333333332,1016.9666666666667,744.7916666666666,0.0,100.0,82.04166666666667,94.41666666666667,98.08333333333333,159.33333333333334,63.125,96.20833333333333,81.14166666666667,3.3874999999999997,4.595833333333333,233.95833333333334,230.5,22.304166666666664,0.10291666666666666,0.07125,16.266666666666666,16.3,16.479166666666668,16.6,0.35033333333333333,0.353375,0.3645833333333333,0.35791666666666666
2022-04-01,t,12.470833333333333,96.75,11.979166666666666,13.291666666666666,1016.4916666666667,744.3208333333333,0.0,100.0,72.33333333333333,76.91666666666667,97.58333333333333,125.70833333333333,38.416666666666664,87.29166666666667,53.15833333333333,3.6791666666666667,5.7375,235.16666666666666,222.95833333333334,26.650000000000002,0.08166666666666667,0.046250000000000006,15.65,15.970833333333333,16.416666666666668,16.6,0.32775,0.31616666666666665,0.34941666666666665,0.36000000000000004
2022-04-02,t,12.362499999999999,92.20833333333333,11.116666666666667,13.174999999999999,1016.2208333333333,743.9833333333332,0.0,92.5,63.416666666666664,34.791666666666664,98.29166666666667,179.83333333333334,90.875,88.95833333333333,129.9625,3.0,4.854166666666667,251.33333333333334,234.0,24.170833333333334,0.11125,0.11791666666666667,15.825000000000001,15.924999999999999,16.333333333333332,16.6,0.316,0.31725,0.324875,0.35920833333333335
2022-04-03,t,12.5375,90.16666666666667,10.862499999999999,13.058333333333332,1016.0958333333333,743.8166666666666,0.0,90.45833333333333,68.20833333333333,45.5,98.95833333333333,228.54166666666666,127.41666666666667,101.125,153.44583333333335,2.25,3.0083333333333333,211.29166666666666,219.875,16.845833333333335,0.14416666666666667,0.1575,16.504166666666666,16.150000000000002,16.275000000000002,16.6,0.29920833333333335,0.30445833333333333,0.2996666666666667,0.3569166666666666
2022-04-04,t,13.154166666666667,94.625,12.308333333333332,13.825000000000001,1016.6958333333333,744.6166666666667,0.0,93.54166666666667,75.91666666666667,49.625,98.29166666666667,185.29166666666666,97.16666666666667,88.125,135.46666666666667,2.620833333333333,3.908333333333333,164.08333333333334,178.16666666666666,16.616666666666667,0.11708333333333333,0.08458333333333333,16.7625,16.666666666666668,16.341666666666665,16.6,0.33066666666666666,0.31745833333333334,0.2791666666666667,0.353875
2022-04-05,t,13.345833333333333,92.41666666666667,12.108333333333334,14.954166666666666,1016.3416666666667,744.9291666666667,0.0,97.625,70.875,58.083333333333336,90.58333333333333,232.33333333333334,150.5,81.83333333333333,197.225,2.3000000000000003,3.6291666666666664,189.375,240.04166666666666,16.516666666666666,0.14791666666666667,0.12208333333333334,17.400000000000002,17.008333333333333,16.4375,16.6,0.32558333333333334,0.331125,0.28120833333333334,0.3509583333333333
2022-04-06,t,13.420833333333334,87.95833333333333,11.320833333333333,14.4625,1014.5625,743.5375,0.0,62.208333333333336,50.25,33.166666666666664,66.79166666666667,273.0833333333333,219.54166666666666,53.541666666666664,290.34583333333336,2.9791666666666665,4.670833333333333,233.08333333333334,274.9583333333333,18.679166666666667,0.17166666666666666,0.20083333333333334,17.758333333333333,17.283333333333335,16.554166666666667,16.6,0.2959583333333333,0.30324999999999996,0.27258333333333334,0.34824999999999995
2022-04-07,t,13.329166666666666,94.29166666666667,12.395833333333334,14.9375,1013.9625,743.3166666666666,0.0,95.70833333333333,72.29166666666667,82.58333333333333,98.58333333333333,172.875,85.29166666666667,87.58333333333333,102.20416666666667,2.8249999999999997,4.2,254.875,252.20833333333334,17.770833333333332,0.11375,0.09208333333333334,17.279166666666665,17.275000000000002,16.724999999999998,16.6,0.32945833333333335,0.31325,0.2608333333333333,0.34554166666666664
2022-04-08,t,13.483333333333334,93.16666666666667,12.383333333333333,15.225,1013.6291666666666,743.3916666666668,0.0,97.95833333333333,59.375,76.95833333333333,96.5,141.125,48.583333333333336,92.54166666666667,67.9,2.5500000000000003,3.6166666666666667,293.4166666666667,306.8333333333333,16.491666666666667,0.09791666666666667,0.11125,16.854166666666668,16.929166666666667,16.766666666666666,16.6,0.34708333333333335,0.34708333333333335,0.288,0.343375
2022-04-09,t,12.720833333333333,96.83333333333333,12.237499999999999,14.066666666666668,1014.4583333333334,743.3458333333333,0.0,99.20833333333333,66.625,78.91666666666667,97.875,42.666666666666664,2.0833333333333335,40.583333333333336,3.4583333333333335,3.75,5.483333333333333,264.625,315.2083333333333,17.366666666666667,0.037083333333333336,0.04750000000000001,15.041666666666666,15.85,16.704166666666666,16.6,0.33441666666666664,0.3364583333333333,0.29875,0.34208333333333335
2022-04-10,t,13.549999999999999,94.0,12.583333333333334,14.274999999999999,1014.2375000000001,743.1750000000001,0.0,79.83333333333333,64.70833333333333,58.75,61.25,176.54166666666666,90.54166666666667,86.0,129.9,2.6791666666666667,4.308333333333334,155.54166666666666,140.375,19.912499999999998,0.11333333333333334,0.09791666666666667,16.625,16.208333333333332,16.516666666666666,16.6,0.34037500000000004,0.33725,0.30383333333333334,0.3413333333333333
2022-04-11,t,13.466666666666667,95.79166666666667,12.816666666666668,14.558333333333332,1014.2958333333332,743.3833333333333,0.0,96.125,80.20833333333333,35.833333333333336,83.58333333333333,140.04166666666666,64.16666666666667,75.875,83.83333333333333,3.545833333333333,5.258333333333334,148.83333333333334,141.04166666666666,22.891666666666666,0.09416666666666668,0.065,16.508333333333333,16.620833333333334,16.5375,16.6,0.3545833333333333,0.3569166666666666,0.33208333333333334,0.34137500000000004
2022-04-12,t,13.704166666666666,87.54166666666667,11.616666666666667,14.549999999999999,1014.2416666666667,743.3958333333334,0.0,54.791666666666664,17.625,20.916666666666668,87.91666666666667,232.625,160.66666666666666,71.95833333333333,216.26250000000002,2.7375000000000003,5.0125,74.20833333333333,77.58333333333333,22.2,0.15041666666666667,0.20750000000000002,16.95,16.658333333333335,16.541666666666668,16.6,0.3232083333333333,0.32716666666666666,0.3409166666666667,0.342
2022-04-14,t,14.016666666666667,94.625,13.154166666666667,15.429166666666667,1015.6,744.6791666666667,0.0,70.29166666666667,49.916666666666664,17.125,68.41666666666667,226.20833333333334,158.70833333333334,67.5,210.95416666666668,3.1291666666666664,4.675,103.25,104.375,23.516666666666666,0.14833333333333334,0.08625,17.470833333333335,16.983333333333334,16.545833333333334,16.6,0.33416666666666667,0.33808333333333335,0.35037499999999994,0.347625
2022-04-15,t,13.566666666666668,88.33333333333333,11.575000000000001,14.845833333333333,1016.2833333333333,745.2458333333334,0.0,91.125,24.125,75.91666666666667,96.54166666666667,198.625,117.375,81.25,145.88333333333333,3.0541666666666667,4.883333333333334,142.91666666666666,132.875,18.95416666666667,0.13458333333333333,0.19958333333333333,16.8875,16.945833333333333,16.64166666666667,16.6,0.32266666666666666,0.32395833333333335,0.3501666666666667,0.3498333333333333
2022-04-16,t,13.450000000000001,93.75,12.454166666666666,14.995833333333332,1015.8874999999999,744.9458333333333,0.0,94.45833333333333,54.916666666666664,57.833333333333336,95.25,159.54166666666666,57.208333333333336,102.33333333333333,80.80833333333332,3.1875,4.9875,119.625,113.125,19.691666666666666,0.10791666666666666,0.10041666666666667,16.458333333333332,16.616666666666667,16.679166666666667,16.6,0.3389583333333333,0.3369166666666667,0.34241666666666665,0.3499999999999999
2022-04-18,t,13.370833333333332,90.04166666666667,11.741666666666667,14.633333333333333,1017.0958333333333,745.4291666666667,0.0,62.333333333333336,29.625,22.458333333333332,92.79166666666667,197.25,135.79166666666666,61.458333333333336,183.79583333333332,1.8541666666666667,3.0625,166.33333333333334,151.79166666666666,14.987499999999999,0.13166666666666668,0.15791666666666668,16.741666666666667,16.791666666666668,16.675,16.6,0.3177083333333333,0.313875,0.32325,0.3495
2022-04-19,t,13.470833333333333,92.08333333333333,12.208333333333334,14.529166666666667,1016.7791666666667,745.2458333333334,0.0,75.70833333333333,56.708333333333336,31.375,67.58333333333333,198.375,137.08333333333334,61.291666666666664,180.9416666666667,2.5,3.4416666666666664,152.25,161.58333333333334,15.720833333333333,0.12916666666666668,0.12833333333333333,16.829166666666666,16.754166666666666,16.675,16.6,0.32658333333333334,0.32525,0.30975,0.34837499999999993
2022-04-21,t,13.674999999999999,93.625,12.670833333333334,14.970833333333333,1016.5124999999999,745.2458333333334,0.0,91.20833333333333,77.16666666666667,21.708333333333332,95.75,162.0,77.375,84.625,112.58749999999999,2.858333333333333,3.9250000000000003,187.25,265.2083333333333,18.254166666666666,0.10583333333333333,0.10166666666666667,17.345833333333335,17.379166666666666,16.845833333333335,16.6,0.33258333333333334,0.3368333333333333,0.30691666666666667,0.3455833333333333
2022-04-22,t,13.716666666666667,92.25,12.441666666666668,15.341666666666667,1016.3958333333334,745.3166666666666,0.0,85.875,68.5,16.5,95.83333333333333,226.0,148.125,77.875,199.39583333333334,2.7624999999999997,4.0874999999999995,225.20833333333334,283.9166666666667,17.254166666666666,0.14458333333333334,0.12833333333333333,17.891666666666666,17.462500000000002,16.929166666666664,16.6,0.31979166666666664,0.32525,0.306875,0.3444583333333333
2022-04-23,t,13.595833333333333,91.95833333333333,12.325000000000001,14.041666666666666,1016.3083333333334,744.4875000000001,0.0,97.83333333333333,59.708333333333336,72.58333333333333,99.20833333333333,144.375,65.33333333333333,79.04166666666667,92.47083333333335,2.283333333333333,3.625,192.75,193.54166666666666,17.566666666666666,0.09583333333333334,0.12791666666666668,17.195833333333333,17.304166666666667,17.0,16.6,0.331875,0.33058333333333334,0.302125,0.3432916666666667
2022-04-24,t,13.841666666666667,94.75,13.012500000000001,14.716666666666667,1015.5166666666668,744.3458333333333,0.0,86.45833333333333,52.0,51.291666666666664,79.95833333333333,149.54166666666666,75.45833333333333,74.08333333333333,111.61666666666667,2.8000000000000003,4.3875,149.125,153.95833333333334,18.004166666666666,0.09791666666666667,0.08458333333333334,17.058333333333334,17.070833333333333,17.0,16.6,0.34575,0.34554166666666664,0.3107083333333333,0.34208333333333335
2022-04-25,t,13.783333333333333,91.58333333333333,12.383333333333333,14.775,1014.8041666666667,743.975,0.0,88.0,47.416666666666664,44.75,82.625,179.16666666666666,105.625,73.54166666666667,138.12916666666666,2.8166666666666664,4.3374999999999995,108.08333333333333,113.83333333333333,16.591666666666665,0.11958333333333333,0.13833333333333334,16.95,17.0125,16.9875,16.6,0.340625,0.3425833333333333,0.3222916666666667,0.3413333333333333
2022-04-26,t,13.466666666666667,93.70833333333333,12.4375,14.629166666666668,1014.7291666666666,743.6208333333334,0.0,89.16666666666667,66.79166666666667,29.125,87.16666666666667,213.375,147.54166666666666,65.83333333333333,189.90833333333333,2.6416666666666666,4.2124999999999995,226.66666666666666,172.20833333333334,18.8125,0.13625,0.10333333333333333,17.104166666666668,17.020833333333332,16.958333333333332,16.6,0.33216666666666667,0.33770833333333333,0.3265,0.341
2022-04-27,t,14.054166666666667,96.0,13.416666666666666,15.237499999999999,1015.5916666666667,744.6374999999999,0.0,88.08333333333333,61.916666666666664,23.291666666666668,92.33333333333333,194.0,104.66666666666667,89.33333333333333,146.1125,3.4166666666666665,5.391666666666667,236.33333333333334,280.1666666666667,22.325,0.12333333333333334,0.065,17.570833333333333,17.320833333333333,16.9625,16.645833333333332,0.3265416666666667,0.3316666666666667,0.3260416666666667,0.3405833333333334
2022-04-28,t,13.625,94.83333333333333,12.779166666666667,14.591666666666667,1016.1583333333333,744.6708333333332,0.0,87.75,74.58333333333333,17.25,90.54166666666667,182.79166666666666,111.83333333333333,70.95833333333333,157.45000000000002,2.783333333333333,3.9416666666666664,211.58333333333334,291.2916666666667,20.395833333333332,0.11625,0.08458333333333334,17.325,17.304166666666667,17.029166666666665,16.7,0.3227083333333333,0.32979166666666665,0.32316666666666666,0.34
2022-04-29,t,13.424999999999999,95.375,12.704166666666666,14.616666666666667,1016.3874999999999,745.0541666666667,0.0,93.54166666666667,78.5,43.541666666666664,93.04166666666667,135.75,47.375,88.375,63.57916666666667,3.3208333333333333,4.820833333333334,243.58333333333334,247.375,20.73333333333333,0.09250000000000001,0.07041666666666667,16.712500000000002,16.8875,17.008333333333333,16.7,0.32679166666666665,0.33,0.3195,0.33966666666666673
2022-04-30,t,12.833333333333334,96.54166666666667,12.299999999999999,13.754166666666668,1016.1125000000001,744.225,0.0,96.75,64.66666666666667,50.083333333333336,99.58333333333333,67.0,15.583333333333334,51.416666666666664,23.4375,2.533333333333333,3.9375,227.875,239.375,17.345833333333335,0.04958333333333333,0.051666666666666666,15.65,16.195833333333333,16.925,16.7,0.33808333333333335,0.33829166666666666,0.3212083333333334,0.339
2022-05-01,t,13.237499999999999,94.41666666666667,12.308333333333332,14.533333333333333,1015.0833333333334,743.8708333333334,0.0,84.08333333333333,63.958333333333336,20.583333333333332,94.75,195.75,131.875,63.875,183.5625,2.8000000000000003,4.216666666666667,165.75,221.29166666666666,18.625,0.125,0.09166666666666667,16.883333333333333,16.591666666666665,16.779166666666665,16.7,0.31995833333333334,0.33075000000000004,0.3255416666666667,0.3389166666666667
2022-05-02,t,13.5625,94.33333333333333,12.670833333333334,14.608333333333334,1015.4708333333333,744.2333333333332,0.0,78.125,47.666666666666664,37.625,87.625,150.625,63.75,86.875,97.08333333333333,2.720833333333333,4.175,118.375,121.04166666666667,18.704166666666666,0.09958333333333334,0.09000000000000001,16.654166666666665,16.779166666666665,16.795833333333334,16.7,0.3273333333333333,0.33175,0.32204166666666667,0.338
2022-05-03,t,13.756521739130434,93.95652173913044,12.76086956521739,15.134782608695653,1015.6695652173913,744.6608695652175,0.0,56.95652173913044,30.608695652173914,20.26086956521739,69.8695652173913,169.95652173913044,107.17391304347827,62.78260869565217,154.0304347826087,2.608695652173913,4.421739130434783,129.56521739130434,147.2608695652174,17.247826086956522,0.1117391304347826,0.10130434782608697,16.756521739130434,16.821739130434786,16.76086956521739,16.7,0.33543478260869564,0.3373913043478261,0.3243478260869565,0.338
2022-05-04,t,13.820833333333333,92.79166666666667,12.666666666666666,15.091666666666667,1016.2875,745.0500000000001,0.0,94.54166666666667,42.583333333333336,76.83333333333333,96.79166666666667,183.54166666666666,99.125,84.41666666666667,130.00833333333333,2.1041666666666665,3.35,179.0,160.0,14.841666666666667,0.12083333333333333,0.11958333333333333,16.995833333333334,16.895833333333332,16.770833333333332,16.7,0.332625,0.3409583333333333,0.33158333333333334,0.338
2022-05-05,t,13.504166666666668,95.04166666666667,12.708333333333334,15.024999999999999,1015.7291666666666,744.6791666666667,0.0,86.16666666666667,77.16666666666667,40.458333333333336,70.0,199.33333333333334,130.66666666666666,68.66666666666667,187.22916666666666,2.7375000000000003,4.066666666666666,204.04166666666666,232.625,18.404166666666665,0.1275,0.08041666666666666,17.420833333333334,17.166666666666668,16.829166666666666,16.7,0.32616666666666666,0.3305416666666667,0.333875,0.338
2022-05-06,t,13.504166666666668,94.625,12.641666666666666,14.6625,1015.8708333333334,744.6416666666668,0.0,77.41666666666667,50.0,41.166666666666664,91.875,122.16666666666667,50.083333333333336,72.08333333333333,67.53333333333333,2.7416666666666667,4.625,169.125,188.08333333333334,15.887500000000001,0.08333333333333333,0.08666666666666667,16.654166666666665,16.875,16.866666666666664,16.7,0.33116666666666666,0.3362083333333334,0.334,0.338
2022-05-07,t,14.145833333333334,94.75,13.299999999999999,15.841666666666667,1015.3833333333333,744.7958333333332,0.0,68.375,38.583333333333336,30.25,69.08333333333333,200.29166666666666,133.04166666666666,67.25,185.67083333333335,2.525,4.158333333333333,193.45833333333334,144.125,18.837500000000002,0.13208333333333333,0.08625,17.595833333333335,17.175,16.849999999999998,16.7,0.32287499999999997,0.32875000000000004,0.33175000000000004,0.338
2022-05-08,t,14.383333333333333,94.375,13.475,15.9625,1014.6,744.3458333333333,0.0,84.70833333333333,34.25,55.333333333333336,93.79166666666667,135.16666666666666,38.875,96.29166666666667,46.512499999999996,2.191666666666667,3.2624999999999997,127.125,160.20833333333334,14.483333333333334,0.09375,0.09416666666666668,17.145833333333332,17.195833333333333,16.929166666666664,16.7,0.32666666666666666,0.333125,0.33125,0.33720833333333333
2022-05-10,t,14.525,93.5,13.479166666666666,15.808333333333332,1014.775,744.4541666666668,0.0,84.875,41.208333333333336,61.416666666666664,99.16666666666667,75.375,17.583333333333332,57.791666666666664,27.933333333333334,1.9875,3.483333333333333,139.79166666666666,131.29166666666666,13.387500000000001,0.05708333333333334,0.10958333333333332,16.545833333333334,16.787499999999998,16.933333333333334,16.7,0.354125,0.3597083333333333,0.3522083333333333,0.33916666666666667
2022-05-11,t,14.266666666666666,94.625,13.4,14.720833333333333,1015.7583333333333,744.4916666666667,0.0,85.83333333333333,53.541666666666664,41.583333333333336,97.5,159.16666666666666,76.66666666666667,82.5,113.47500000000001,2.8083333333333336,4.483333333333333,179.58333333333334,173.58333333333334,15.520833333333334,0.10166666666666667,0.09041666666666666,17.145833333333332,16.941666666666666,16.9,16.7,0.31383333333333335,0.31004166666666666,0.35125,0.3451666666666666
2022-05-12,t,13.8125,92.45833333333333,12.604166666666666,14.716666666666667,1016.9833333333332,745.4499999999999,0.0,92.04166666666667,50.375,57.333333333333336,74.58333333333333,120.625,50.375,70.25,66.89166666666667,2.3958333333333335,3.8708333333333336,246.5,205.91666666666666,14.929166666666667,0.08291666666666667,0.12,16.679166666666667,16.8875,16.9,16.7,0.31283333333333335,0.304,0.34008333333333335,0.3459999999999999
2022-05-13,t,14.134782608695653,91.82608695652173,12.821739130434782,15.139130434782608,1017.3173913043478,745.9739130434783,0.0,84.56521739130434,45.04347826086956,39.30434782608695,76.65217391304348,139.82608695652175,66.78260869565217,73.04347826086956,88.76086956521739,2.404347826086956,3.869565217391304,162.30434782608697,168.52173913043478,15.504347826086958,0.09565217391304347,0.1373913043478261,16.895652173913046,16.843478260869563,16.878260869565217,16.7,0.30286956521739133,0.3001304347826087,0.3269565217391305,0.3454782608695652
2022-05-14,t,13.508333333333333,94.5,12.641666666666666,14.512500000000001,1018.4250000000001,746.3375,0.0,92.58333333333333,50.375,63.583333333333336,97.79166666666667,125.375,55.333333333333336,70.04166666666667,76.64166666666667,2.1458333333333335,3.3333333333333335,153.16666666666666,130.125,15.979166666666666,0.08583333333333333,0.08625,16.370833333333334,16.683333333333334,16.9,16.7,0.336,0.32758333333333334,0.31616666666666665,0.3446666666666666
2022-05-15,t,13.625,94.41666666666667,12.75,14.674999999999999,1018.3375,746.25,0.0,96.875,77.58333333333333,68.70833333333333,75.375,173.91666666666666,107.75,66.16666666666667,140.93333333333334,2.2333333333333334,3.6458333333333335,257.375,214.16666666666666,16.666666666666668,0.11333333333333333,0.08875,17.041666666666668,16.75,16.8,16.7,0.34975,0.3484583333333333,0.32308333333333333,0.34400000000000003
2022-05-16,t,12.983333333333334,94.375,12.079166666666666,13.916666666666666,1018.5958333333333,746.1875,0.0,85.875,38.875,84.20833333333333,85.54166666666667,64.08333333333333,2.5833333333333335,61.5,3.7708333333333335,2.216666666666667,3.3666666666666667,133.41666666666666,125.33333333333333,12.700000000000001,0.049166666666666664,0.08708333333333333,15.479166666666666,16.166666666666668,16.779166666666665,16.7,0.34395833333333337,0.3525833333333333,0.3555833333333333,0.34579166666666666
2022-05-17,t,13.379166666666668,94.16666666666667,12.4375,14.595833333333333,1018.2416666666667,746.225,0.0,80.875,70.33333333333333,26.083333333333332,31.958333333333332,185.125,123.95833333333333,61.166666666666664,169.64583333333334,2.8625000000000003,3.6750000000000003,145.41666666666666,184.66666666666666,18.041666666666668,0.11958333333333333,0.09499999999999999,16.791666666666668,16.400000000000002,16.650000000000002,16.7,0.324375,0.3202916666666667,0.34945833333333326,0.3489166666666666
2022-05-18,t,13.645833333333334,94.95833333333333,12.841666666666667,14.979166666666666,1018.7083333333334,746.7583333333333,0.0,79.58333333333333,58.166666666666664,38.5,40.125,177.83333333333334,113.25,64.58333333333333,160.1875,2.1958333333333333,3.3333333333333335,130.375,113.20833333333333,17.683333333333334,0.11625,0.08166666666666667,17.091666666666665,16.904166666666665,16.662499999999998,16.7,0.33145833333333335,0.32741666666666663,0.34120833333333334,0.349
2022-05-19,t,13.491666666666667,94.54166666666667,12.629166666666668,14.533333333333333,1018.8166666666666,746.6791666666667,0.0,88.20833333333333,70.04166666666667,22.25,72.70833333333333,184.20833333333334,116.25,67.95833333333333,168.475,2.8375,3.658333333333333,222.125,233.79166666666666,17.570833333333333,0.11791666666666667,0.08666666666666667,17.150000000000002,17.041666666666668,16.733333333333334,16.7,0.32975,0.339375,0.33887500000000004,0.3486666666666666
2022-05-20,t,13.258333333333333,90.91666666666667,11.7875,14.304166666666667,1017.5583333333334,745.6374999999999,0.0,80.625,33.166666666666664,46.791666666666664,86.625,156.20833333333334,73.54166666666667,82.66666666666667,101.30416666666667,1.825,3.0541666666666667,269.7916666666667,273.5416666666667,15.670833333333334,0.1025,0.14583333333333334,16.783333333333335,16.837500000000002,16.770833333333332,16.7,0.30604166666666666,0.3165833333333333,0.3292916666666667,0.34800000000000003
2022-05-21,t,13.816666666666668,95.75,13.1625,15.487499999999999,1016.0666666666666,745.1666666666666,0.0,82.54166666666667,46.208333333333336,49.458333333333336,65.75,145.95833333333334,72.04166666666667,73.91666666666667,96.87916666666666,2.4125,3.7083333333333335,137.625,118.04166666666667,17.570833333333333,0.09916666666666667,0.065,16.95,16.845833333333335,16.779166666666665,16.7,0.3250416666666667,0.31495833333333334,0.31404166666666666,0.34725
2022-05-22,t,13.166666666666666,94.25,12.254166666666668,14.641666666666666,1016.2125,744.8291666666668,0.0,97.20833333333333,34.333333333333336,90.58333333333333,95.33333333333333,56.0,2.875,53.125,3.5625,1.925,3.275,89.95833333333333,80.95833333333333,12.791666666666666,0.045000000000000005,0.08833333333333333,15.475000000000001,16.133333333333333,16.7375,16.7,0.356125,0.361125,0.34079166666666666,0.3469166666666666
2022-05-23,t,13.616666666666667,94.125,12.674999999999999,15.075000000000001,1017.1166666666667,745.7208333333333,0.0,87.08333333333333,56.583333333333336,37.875,70.91666666666667,184.5,122.79166666666667,61.708333333333336,180.63750000000002,2.2625,3.345833333333333,209.375,239.45833333333334,16.141666666666666,0.11875000000000001,0.09375,16.808333333333334,16.466666666666665,16.625,16.7,0.322375,0.32104166666666667,0.34520833333333334,0.3487916666666666
2022-05-24,t,13.321739130434782,96.34782608695652,12.747826086956522,14.747826086956522,1017.9782608695652,746.1260869565218,0.0,93.0,77.3913043478261,24.608695652173914,97.1304347826087,97.91304347826087,25.956521739130434,71.95652173913044,36.54347826086956,2.256521739130435,3.1956521739130435,199.52173913043478,218.30434782608697,14.008695652173913,0.06826086956521739,0.05521739130434783,16.11304347826087,16.40434782608696,16.604347826086958,16.7,0.3153913043478261,0.31069565217391304,0.3334782608695653,0.3482608695652174
2022-05-25,t,13.166666666666666,94.125,12.245833333333332,14.8125,1017.7541666666666,746.1083333333332,0.0,89.54166666666667,66.91666666666667,30.875,96.16666666666667,135.33333333333334,64.66666666666667,70.66666666666667,97.38333333333333,2.5708333333333333,3.9958333333333336,247.625,273.0416666666667,17.175,0.08875,0.08875,15.883333333333333,16.2,16.583333333333332,16.7,0.31587499999999996,0.316875,0.32,0.3477083333333333
2022-05-26,t,12.883333333333333,91.5,11.466666666666667,14.262500000000001,1016.6208333333334,744.9708333333333,0.0,85.54166666666667,68.70833333333333,15.958333333333334,89.33333333333333,199.83333333333334,135.70833333333334,64.125,193.07500000000002,2.795833333333333,4.070833333333334,138.58333333333334,189.54166666666666,17.254166666666666,0.12708333333333333,0.13708333333333333,16.608333333333334,16.295833333333334,16.4875,16.7,0.30341666666666667,0.31116666666666665,0.305875,0.3465
2022-05-27,t,13.375,93.75,12.354166666666666,14.6,1016.4625,744.8791666666666,0.0,92.125,72.70833333333333,27.291666666666668,86.5,225.04166666666666,169.54166666666666,55.5,245.025,2.5749999999999997,3.658333333333333,157.29166666666666,166.75,18.545833333333334,0.14208333333333334,0.10583333333333333,17.533333333333335,17.083333333333332,16.541666666666668,16.7,0.3113333333333333,0.3097083333333333,0.29141666666666666,0.3449583333333333
2022-05-28,t,13.4375,94.91666666666667,12.591666666666667,14.491666666666667,1016.4833333333332,744.7875,0.0,76.04166666666667,61.583333333333336,41.416666666666664,35.666666666666664,197.125,144.20833333333334,52.916666666666664,206.16666666666666,2.191666666666667,3.0875,156.5,175.08333333333334,16.6375,0.12708333333333335,0.085,17.345833333333335,17.229166666666668,16.6625,16.7,0.330125,0.3259166666666667,0.28441666666666665,0.34320833333333334
2022-05-29,t,13.133333333333333,93.875,12.158333333333333,14.366666666666667,1016.1833333333334,744.6083333333332,0.0,83.08333333333333,65.70833333333333,32.416666666666664,47.5,191.66666666666666,140.875,50.791666666666664,190.22083333333333,2.4583333333333335,3.579166666666667,203.91666666666666,210.91666666666666,16.379166666666666,0.12375000000000001,0.09541666666666666,17.099999999999998,17.041666666666668,16.745833333333334,16.7,0.3328333333333333,0.333625,0.2896666666666667,0.3415416666666667
2022-05-30,t,12.791666666666666,93.41666666666667,11.762500000000001,12.745833333333332,1017.0291666666667,744.4666666666667,0.0,93.20833333333333,55.541666666666664,49.041666666666664,76.66666666666667,125.70833333333333,53.958333333333336,71.75,83.96666666666667,5.5125,9.691666666666666,253.0,282.2083333333333,15.120833333333332,0.07833333333333334,0.09666666666666666,16.116666666666667,16.483333333333334,16.783333333333335,16.7,0.32583333333333336,0.327625,0.2949583333333333,0.34029166666666666
2022-05-31,t,12.808333333333332,92.0,11.508333333333333,11.966666666666667,1017.975,744.6708333333332,0.0,93.04166666666667,30.583333333333332,95.91666666666667,67.625,80.625,24.041666666666668,56.583333333333336,31.575,4.516666666666667,8.1,193.66666666666666,206.20833333333334,10.887500000000001,0.055,0.12083333333333333,15.154166666666667,15.737499999999999,16.64166666666667,16.7,0.3413333333333333,0.33708333333333335,0.299375,0.33908333333333335
2022-06-01,t,12.799999999999999,92.41666666666667,11.566666666666668,13.262500000000001,1017.6666666666666,745.3458333333333,0.0,74.25,43.416666666666664,34.5,61.791666666666664,185.20833333333334,114.375,70.83333333333333,171.19583333333333,5.05,12.645833333333334,28.625,43.083333333333336,15.9375,0.11458333333333333,0.11916666666666666,16.195833333333333,16.108333333333334,16.504166666666666,16.7,0.332875,0.3358333333333334,0.30654166666666666,0.33808333333333335
2022-06-02,t,12.25,92.70833333333333,11.0375,12.862499999999999,1017.3375,744.5291666666667,0.0,70.875,56.791666666666664,12.875,48.083333333333336,232.04166666666666,181.95833333333334,50.083333333333336,266.0,3.4166666666666665,7.4125000000000005,110.08333333333333,128.04166666666666,18.025000000000002,0.14416666666666667,0.11583333333333334,16.491666666666667,16.3,16.458333333333332,16.7,0.31875000000000003,0.325,0.3095,0.3373333333333333
2022-06-03,t,13.299999999999999,94.375,12.362499999999999,14.416666666666666,1017.0083333333333,745.1,0.0,61.916666666666664,52.041666666666664,16.25,26.958333333333332,205.33333333333334,151.0,54.333333333333336,230.1208333333333,2.3375,3.4958333333333336,167.20833333333334,162.20833333333334,17.7625,0.12875,0.09375,16.966666666666665,16.729166666666668,16.495833333333334,16.7,0.32745833333333335,0.33175,0.30854166666666666,0.33666666666666667
2022-06-04,t,12.8125,95.08333333333333,12.025,13.854166666666666,1016.8625000000001,744.7458333333334,0.0,79.16666666666667,55.666666666666664,34.708333333333336,63.166666666666664,161.70833333333334,96.41666666666667,65.29166666666667,135.14166666666668,2.1,2.779166666666667,152.33333333333334,131.33333333333334,16.270833333333332,0.10458333333333332,0.0775,16.629166666666666,16.675,16.554166666666667,16.7,0.32558333333333334,0.331625,0.31520833333333337,0.336
2022-06-05,t,11.965217391304348,94.17391304347827,11.056521739130435,12.482608695652175,1017.5695652173912,744.5869565217391,0.0,96.0,64.73913043478261,51.04347826086956,97.65217391304348,66.8695652173913,10.521739130434783,56.34782608695652,15.669565217391304,2.595652173913044,3.360869565217391,157.6086956521739,155.8695652173913,13.965217391304348,0.0491304347826087,0.0817391304347826,14.778260869565216,15.639130434782608,16.508695652173913,16.7,0.3507391304347826,0.35386956521739127,0.332,0.336
2022-06-06,t,12.516666666666666,87.625,10.420833333333333,13.420833333333334,1016.2624999999999,744.1083333333332,0.0,51.208333333333336,28.166666666666668,14.625,58.5,244.375,193.25,51.125,281.9208333333333,2.441666666666667,3.5833333333333335,146.58333333333334,147.58333333333334,19.0125,0.15041666666666667,0.19875,16.520833333333332,16.025000000000002,16.349999999999998,16.7,0.2965833333333333,0.31079166666666663,0.3393333333333333,0.33687500000000004
2022-06-07,t,13.137500000000001,89.54166666666667,11.345833333333333,14.154166666666667,1016.6,744.8083333333334,0.0,68.04166666666667,52.666666666666664,13.791666666666666,57.541666666666664,228.58333333333334,177.70833333333334,50.875,265.7291666666667,2.3249999999999997,3.8125,158.08333333333334,126.08333333333333,17.025000000000002,0.14333333333333334,0.17416666666666666,17.129166666666666,16.7625,16.391666666666666,16.7,0.29475,0.28662499999999996,0.33008333333333334,0.337
2022-06-08,t,12.9625,95.375,12.2125,14.045833333333334,1017.2166666666667,745.1416666666668,0.0,91.75,80.29166666666667,17.833333333333332,78.29166666666667,169.29166666666666,102.33333333333333,66.95833333333333,150.82083333333333,2.5416666666666665,3.6833333333333336,187.0,186.625,17.04583333333333,0.10583333333333333,0.0725,16.745833333333334,16.829166666666666,16.520833333333332,16.7,0.3119166666666667,0.30416666666666664,0.319875,0.3369166666666667
2022-06-09,t,12.630434782608695,95.1304347826087,11.873913043478263,13.543478260869565,1016.8826086956522,744.5391304347827,0.0,96.8695652173913,49.08695652173913,69.3913043478261,91.52173913043478,122.0,69.43478260869566,52.56521739130435,97.23913043478261,1.5304347826086957,2.234782608695652,209.0,200.3913043478261,14.465217391304348,0.08304347826086957,0.07217391304347825,15.773913043478261,16.069565217391304,16.504347826086956,16.7,0.33165217391304347,0.330304347826087,0.3156086956521739,0.336
2022-06-10,t,12.679166666666667,95.45833333333333,11.954166666666666,13.616666666666667,1016.5916666666667,744.5041666666666,0.0,83.45833333333333,60.916666666666664,16.541666666666668,93.54166666666667,151.83333333333334,59.916666666666664,91.91666666666667,85.46666666666668,2.2416666666666667,3.2416666666666667,222.70833333333334,187.75,16.629166666666666,0.09791666666666667,0.06958333333333333,15.829166666666666,15.9375,16.412499999999998,16.7,0.33125,0.33345833333333336,0.3177083333333333,0.336
2022-06-11,t,13.137500000000001,91.54166666666667,11.741666666666667,14.445833333333333,1016.7041666666668,744.9958333333334,0.0,80.20833333333333,65.54166666666667,21.125,53.708333333333336,210.91666666666666,156.25,54.666666666666664,225.92499999999998,2.470833333333333,3.5416666666666665,187.25,186.70833333333334,16.537499999999998,0.13249999999999998,0.13833333333333334,17.008333333333333,16.575,16.391666666666666,16.683333333333334,0.329125,0.33466666666666667,0.32158333333333333,0.3350416666666667
2022-06-12,t,13.4375,93.0,12.316666666666668,14.975,1017.1,745.6083333333332,0.0,95.79166666666667,59.833333333333336,50.458333333333336,94.75,195.0,134.08333333333334,60.916666666666664,180.59166666666667,2.625,3.658333333333333,183.95833333333334,159.95833333333334,17.525000000000002,0.12666666666666668,0.11166666666666668,17.295833333333334,17.020833333333332,16.495833333333334,16.6,0.33275,0.34195833333333336,0.33466666666666667,0.335
2022-06-13,t,12.958333333333334,93.66666666666667,11.941666666666668,14.041666666666666,1017.4916666666667,745.4,0.0,80.25,63.875,12.583333333333334,64.54166666666667,198.83333333333334,132.20833333333334,66.625,185.13333333333333,3.1833333333333336,4.1499999999999995,163.20833333333334,165.16666666666666,18.337500000000002,0.12458333333333332,0.09875,17.108333333333334,17.020833333333332,16.608333333333334,16.6,0.32245833333333335,0.32745833333333335,0.33545833333333336,0.335875
2022-06-14,t,13.012500000000001,94.16666666666667,12.1,14.004166666666668,1017.7166666666667,745.4833333333332,0.0,80.54166666666667,73.08333333333333,7.166666666666667,70.79166666666667,164.83333333333334,100.66666666666667,64.16666666666667,145.13333333333335,2.670833333333333,3.8791666666666664,142.41666666666666,142.91666666666666,18.379166666666666,0.10416666666666667,0.08916666666666667,16.533333333333335,16.691666666666666,16.654166666666665,16.6,0.3215,0.32883333333333337,0.33383333333333337,0.336
2022-06-15,t,12.779166666666667,95.41666666666667,12.070833333333333,14.320833333333333,1017.5375,745.5041666666666,0.0,93.0,84.375,10.375,96.25,146.29166666666666,73.375,72.91666666666667,100.7375,2.1625,2.6333333333333333,158.75,163.79166666666666,17.216666666666665,0.09500000000000001,0.06833333333333334,16.116666666666667,16.3,16.6125,16.6,0.32066666666666666,0.32145833333333335,0.331125,0.336
2022-06-16,t,13.416666666666666,95.33333333333333,12.670833333333334,14.924999999999999,1016.8541666666666,745.3208333333333,0.0,90.75,67.79166666666667,20.75,94.04166666666667,166.29166666666666,75.375,90.91666666666667,108.83333333333333,2.220833333333333,3.2624999999999997,163.75,183.70833333333334,17.608333333333334,0.10583333333333333,0.075,16.7625,16.570833333333333,16.57916666666667,16.6,0.33116666666666666,0.3307083333333333,0.32845833333333335,0.335625
2022-06-17,t,13.308333333333332,92.375,12.070833333333333,14.270833333333334,1016.7416666666667,744.9708333333333,0.0,91.625,61.708333333333336,39.833333333333336,75.08333333333333,153.33333333333334,77.29166666666667,76.04166666666667,114.59583333333335,2.1999999999999997,3.0500000000000003,255.41666666666666,178.5,15.654166666666667,0.09708333333333334,0.12041666666666667,16.816666666666666,16.754166666666666,16.6,16.6,0.32066666666666666,0.33,0.3325,0.335
2022-06-18,t,13.0875,94.45833333333333,12.195833333333333,14.054166666666667,1016.2541666666666,744.4625,0.0,78.5,51.75,31.208333333333332,72.29166666666667,108.625,35.791666666666664,72.83333333333333,53.19583333333333,2.2416666666666667,3.4416666666666664,130.45833333333334,136.66666666666666,13.737499999999999,0.07166666666666667,0.08708333333333333,15.9625,16.345833333333335,16.6,16.6,0.329125,0.33095833333333335,0.3312083333333334,0.335
2022-06-19,t,12.954166666666666,94.375,12.066666666666668,13.879166666666668,1015.7458333333334,743.9250000000001,0.0,86.41666666666667,68.83333333333333,15.5,85.375,145.16666666666666,68.75,76.41666666666667,103.75416666666666,1.8791666666666667,2.9499999999999997,134.875,130.45833333333334,17.337500000000002,0.09291666666666666,0.08541666666666665,16.0875,16.175,16.516666666666666,16.6,0.33158333333333334,0.33558333333333334,0.33337500000000003,0.33520833333333333
2022-06-20,t,12.070833333333333,94.58333333333333,11.2125,12.845833333333333,1015.5291666666667,743.275,0.0,100.0,91.08333333333333,64.83333333333333,95.04166666666667,82.04166666666667,22.958333333333332,59.083333333333336,35.88333333333333,2.591666666666667,3.641666666666667,165.0,164.54166666666666,14.233333333333333,0.05666666666666667,0.07875,14.950000000000001,15.595833333333333,16.4375,16.6,0.3501666666666667,0.35404166666666664,0.3448333333333333,0.33679166666666666
2022-06-21,t,12.708333333333334,93.625,11.658333333333333,13.220833333333333,1015.8541666666666,743.6666666666666,0.0,86.58333333333333,69.91666666666667,20.0,69.66666666666667,167.79166666666666,111.16666666666667,56.625,160.00833333333335,2.9250000000000003,4.370833333333334,181.45833333333334,212.70833333333334,16.354166666666668,0.105,0.10083333333333333,16.087500000000002,15.8125,16.2875,16.6,0.3229166666666667,0.32254166666666667,0.347625,0.3407083333333334
2022-06-22,t,13.0875,93.54166666666667,12.020833333333334,14.245833333333332,1016.9291666666667,745.0708333333333,0.0,73.54166666666667,60.75,35.541666666666664,51.125,199.45833333333334,141.41666666666666,58.041666666666664,213.46666666666667,2.7916666666666665,4.1875,130.45833333333334,152.04166666666666,18.683333333333334,0.12583333333333332,0.10125,16.758333333333333,16.45,16.283333333333335,16.6,0.3182083333333333,0.31604166666666667,0.34087500000000004,0.342
2022-06-23,t,13.112499999999999,92.41666666666667,11.895833333333334,14.520833333333334,1017.1750000000001,745.4708333333333,0.0,98.125,49.708333333333336,83.45833333333333,97.79166666666667,93.04166666666667,31.541666666666668,61.5,44.39166666666667,1.5791666666666666,2.7375000000000003,91.70833333333333,87.08333333333333,13.237499999999999,0.06541666666666666,0.11833333333333333,15.725,16.095833333333335,16.308333333333334,16.6,0.33770833333333333,0.33066666666666666,0.3355416666666667,0.342
2022-06-24,t,12.966666666666667,91.95833333333333,11.679166666666667,13.9625,1016.0625,744.3291666666668,0.0,93.20833333333333,40.625,69.75,99.5,130.66666666666666,33.458333333333336,97.20833333333333,44.262499999999996,2.125,3.4916666666666667,233.875,175.79166666666666,16.070833333333333,0.08666666666666667,0.125,15.7875,15.920833333333334,16.3,16.6,0.33966666666666673,0.3478333333333334,0.35179166666666667,0.3433333333333333
2022-06-25,t,12.791666666666666,92.0,11.504166666666668,13.554166666666667,1015.4250000000001,743.5291666666667,0.0,91.375,48.291666666666664,51.375,99.54166666666667,115.125,33.791666666666664,81.33333333333333,49.59583333333333,1.25,2.2041666666666666,169.875,201.58333333333334,12.862499999999999,0.07625,0.1225,15.433333333333332,15.7125,16.2125,16.6,0.3076666666666667,0.3057083333333333,0.34591666666666665,0.34583333333333327
2022-06-26,t,12.799999999999999,93.79166666666667,11.820833333333333,13.4125,1015.25,743.2416666666667,0.0,81.625,65.54166666666667,36.916666666666664,98.08333333333333,133.79166666666666,51.833333333333336,81.95833333333333,83.45416666666667,1.9083333333333332,2.6625,147.29166666666666,149.58333333333334,16.483333333333334,0.085,0.09500000000000001,15.766666666666666,15.737499999999999,16.14166666666667,16.6,0.31925,0.303375,0.33308333333333334,0.34579166666666666
2022-06-27,t,12.608333333333334,95.625,11.920833333333334,13.391666666666666,1016.5583333333334,744.225,0.0,97.91666666666667,46.666666666666664,93.79166666666667,92.70833333333333,109.79166666666667,38.916666666666664,70.875,54.475,1.2625,2.029166666666667,193.375,176.58333333333334,12.541666666666666,0.07375,0.06583333333333334,15.329166666666666,15.6875,16.1,16.6,0.34141666666666665,0.34450000000000003,0.33087500000000003,0.345
2022-06-28,t,13.304166666666667,93.45833333333333,12.233333333333334,14.200000000000001,1015.225,743.7458333333334,0.0,85.70833333333333,68.625,35.75,81.04166666666667,154.66666666666666,80.5,74.16666666666667,125.32916666666667,2.1666666666666665,2.9958333333333336,172.54166666666666,175.83333333333334,17.041666666666668,0.09916666666666667,0.10416666666666667,16.258333333333333,15.920833333333334,16.058333333333334,16.570833333333336,0.32487499999999997,0.3295,0.33008333333333334,0.3449583333333333
2022-06-29,t,13.345833333333333,94.91666666666667,12.529166666666667,13.816666666666668,1015.0208333333334,743.3333333333334,0.0,86.29166666666667,72.04166666666667,22.041666666666668,63.041666666666664,170.70833333333334,108.5,62.208333333333336,151.65833333333333,2.8375,4.204166666666667,166.625,141.58333333333334,17.820833333333333,0.10833333333333334,0.07916666666666668,16.754166666666666,16.479166666666668,16.133333333333336,16.5,0.32783333333333337,0.33570833333333333,0.326625,0.34400000000000003
2022-06-30,t,13.179166666666667,89.125,11.391666666666666,13.854166666666666,1015.5749999999999,743.7708333333334,0.0,60.416666666666664,50.958333333333336,11.25,26.125,223.5,174.04166666666666,49.458333333333336,252.3166666666667,2.4499999999999997,3.5124999999999997,151.25,137.33333333333334,18.558333333333334,0.14041666666666666,0.17708333333333334,17.233333333333334,16.895833333333332,16.245833333333334,16.5,0.303125,0.318875,0.323,0.34370833333333334
2022-07-01,t,13.404166666666667,93.29166666666667,12.308333333333332,14.379166666666668,1016.0916666666667,744.4125,0.0,62.166666666666664,55.375,13.25,32.166666666666664,217.5,165.95833333333334,51.541666666666664,242.9125,2.5416666666666665,3.35,148.54166666666666,157.16666666666666,18.616666666666667,0.13583333333333333,0.10916666666666668,17.454166666666666,17.104166666666668,16.395833333333332,16.5,0.31854166666666667,0.317375,0.31120833333333336,0.34279166666666666
2022-07-03,t,12.829166666666666,94.95833333333333,12.029166666666667,13.858333333333334,1014.9416666666666,743.3541666666666,0.0,93.70833333333333,42.208333333333336,75.58333333333333,99.91666666666667,46.833333333333336,6.416666666666667,40.416666666666664,11.458333333333334,1.7708333333333333,2.4166666666666665,147.70833333333334,147.5,12.504166666666668,0.037083333333333336,0.07583333333333334,14.8375,15.595833333333333,16.441666666666666,16.5,0.34579166666666666,0.34604166666666664,0.31954166666666667,0.341
2022-07-04,t,13.100000000000001,94.66666666666667,12.237499999999999,14.579166666666666,1015.0875,744.0041666666666,0.0,84.20833333333333,72.04166666666667,43.333333333333336,70.95833333333333,176.41666666666666,116.25,60.166666666666664,161.8083333333333,2.3125,3.1625,154.08333333333334,160.875,16.233333333333334,0.11375,0.08291666666666667,16.279166666666665,15.945833333333333,16.291666666666668,16.5,0.32408333333333333,0.33183333333333337,0.326,0.3408333333333333
2022-07-06,t,12.754166666666668,94.625,11.908333333333333,13.745833333333332,1016.7583333333333,744.6750000000001,0.0,95.83333333333333,52.25,94.79166666666667,99.83333333333333,62.458333333333336,4.166666666666667,58.291666666666664,7.029166666666666,1.9625000000000001,2.8333333333333335,178.29166666666666,146.125,11.575000000000001,0.04666666666666667,0.08,14.825000000000001,15.341666666666667,16.2,16.5,0.3669166666666666,0.3654583333333333,0.361875,0.34629166666666666
2022-07-07,t,12.887500000000001,97.04166666666667,12.441666666666668,14.299999999999999,1017.15,745.2166666666667,0.0,100.0,86.0,81.79166666666667,96.95833333333333,93.58333333333333,20.791666666666668,72.79166666666667,26.375,2.158333333333333,2.5791666666666666,212.25,158.25,14.070833333333333,0.065,0.045000000000000005,15.358333333333334,15.5,16.0625,16.5,0.3425833333333333,0.3389166666666667,0.360875,0.3557916666666667
2022-07-09,t,12.691666666666668,97.08333333333333,12.220833333333333,14.379166666666668,1016.2416666666667,744.5583333333334,0.0,96.58333333333333,76.79166666666667,82.41666666666667,44.875,84.66666666666667,25.125,59.541666666666664,44.28333333333333,1.9625000000000001,2.9875000000000003,191.54166666666666,211.83333333333334,13.229166666666666,0.057499999999999996,0.042916666666666665,14.991666666666667,15.200000000000001,15.895833333333334,16.5,0.31820833333333337,0.32354166666666667,0.3324166666666667,0.35674999999999996
2022-07-10,t,13.029166666666667,97.79166666666667,12.708333333333334,13.933333333333332,1017.025,744.8625000000001,0.0,100.0,94.41666666666667,69.79166666666667,70.375,86.58333333333333,23.125,63.458333333333336,30.641666666666666,2.25,3.0375,152.45833333333334,136.5,13.3375,0.06,0.03166666666666667,15.316666666666668,15.395833333333334,15.800000000000002,16.433333333333334,0.34441666666666665,0.343375,0.3216666666666667,0.355375
2022-07-11,t,12.887500000000001,95.58333333333333,12.174999999999999,14.179166666666667,1017.0500000000001,745.125,0.0,99.125,71.33333333333333,80.625,89.70833333333333,93.83333333333333,30.791666666666668,63.041666666666664,48.61666666666667,2.1583333333333337,3.1,115.66666666666667,108.29166666666667,13.833333333333334,0.065,0.06666666666666667,15.137500000000001,15.3125,15.800000000000002,16.4,0.3544583333333333,0.35074999999999995,0.3244166666666667,0.35404166666666664
2022-07-12,t,12.770833333333334,96.29166666666667,12.191666666666668,14.0625,1016.4083333333333,744.475,0.0,97.95833333333333,46.541666666666664,82.04166666666667,90.25,62.166666666666664,12.125,50.041666666666664,16.808333333333334,1.5,2.5833333333333335,154.58333333333334,184.75,11.670833333333334,0.04833333333333333,0.05416666666666667,14.691666666666668,15.0625,15.712499999999999,16.4,0.3529583333333333,0.353,0.3335000000000001,0.353
2022-07-13,t,12.683333333333332,95.0,11.908333333333333,13.908333333333333,1016.0541666666667,744.2291666666666,0.0,96.66666666666667,72.45833333333333,72.5,80.54166666666667,131.33333333333334,59.541666666666664,71.79166666666667,83.47916666666667,2.591666666666667,3.641666666666667,203.70833333333334,189.41666666666666,13.579166666666666,0.08458333333333334,0.07291666666666667,15.3125,15.195833333333333,15.625,16.4,0.32579166666666665,0.33433333333333337,0.3347083333333334,0.353
2022-07-14,t,12.795833333333334,97.33333333333333,12.4,13.741666666666667,1016.5541666666667,744.4166666666666,0.0,97.20833333333333,81.70833333333333,58.291666666666664,95.41666666666667,103.08333333333333,26.291666666666668,76.79166666666667,37.295833333333334,2.6333333333333333,3.6999999999999997,218.41666666666666,185.66666666666666,14.729166666666666,0.06833333333333334,0.04,15.391666666666666,15.450000000000001,15.637500000000001,16.4,0.3305,0.3295,0.3215,0.35204166666666664
2022-07-15,t,12.6625,97.16666666666667,12.229166666666666,13.779166666666667,1017.1416666666668,744.8333333333334,0.0,98.95833333333333,86.45833333333333,54.291666666666664,92.33333333333333,114.08333333333333,35.75,78.33333333333333,49.725,2.2708333333333335,3.279166666666667,172.41666666666666,169.0,14.4,0.07583333333333334,0.04083333333333333,15.441666666666668,15.495833333333332,15.6625,16.349999999999998,0.3368333333333333,0.3369583333333333,0.3154166666666667,0.35070833333333334
2022-07-16,t,12.808333333333332,96.75,12.316666666666668,13.5625,1016.9916666666667,744.6041666666666,0.0,92.29166666666667,83.29166666666667,48.291666666666664,64.66666666666667,119.66666666666667,53.541666666666664,66.125,70.2625,2.2624999999999997,3.0208333333333335,167.91666666666666,180.54166666666666,14.1875,0.07666666666666667,0.04750000000000001,15.5875,15.549999999999999,15.691666666666665,16.3,0.33379166666666665,0.33237500000000003,0.31033333333333335,0.34945833333333326
2022-07-17,t,12.3375,97.54166666666667,11.966666666666667,12.970833333333333,1017.8000000000001,744.7875,0.0,98.16666666666667,85.25,68.0,99.66666666666667,63.625,7.75,55.875,11.895833333333334,2.0124999999999997,3.141666666666667,178.54166666666666,143.41666666666666,13.633333333333333,0.045000000000000005,0.03333333333333333,14.808333333333332,15.208333333333334,15.699999999999998,16.3,0.349375,0.349375,0.31816666666666665,0.3481666666666667
2022-07-18,t,12.795833333333334,97.25,12.358333333333334,13.795833333333334,1017.0958333333333,744.6999999999999,0.0,90.66666666666667,79.83333333333333,50.5,75.125,144.58333333333334,79.25,65.33333333333333,113.97916666666667,1.8708333333333333,2.504166666666667,230.5,165.75,14.608333333333334,0.09041666666666666,0.042083333333333334,15.833333333333334,15.5375,15.637500000000001,16.3,0.343625,0.34112499999999996,0.320375,0.34725
2022-07-20,t,12.420833333333334,96.5,11.883333333333333,13.279166666666667,1017.5791666666668,744.9208333333332,0.0,97.25,66.79166666666667,85.70833333333333,78.16666666666667,88.33333333333333,25.625,62.708333333333336,36.31666666666667,2.316666666666667,3.6208333333333336,210.04166666666666,163.95833333333334,15.183333333333332,0.06166666666666667,0.04958333333333333,14.983333333333334,15.174999999999999,15.612499999999999,16.3,0.34070833333333334,0.34450000000000003,0.3414166666666667,0.347
2022-07-21,t,12.958333333333334,93.375,11.895833333333334,13.258333333333333,1017.2166666666667,744.6833333333334,0.0,90.83333333333333,59.958333333333336,53.083333333333336,82.33333333333333,156.54166666666666,84.79166666666667,71.75,130.76666666666665,2.4833333333333334,3.7916666666666665,118.70833333333333,119.375,16.658333333333335,0.09999999999999999,0.10291666666666667,15.841666666666667,15.554166666666667,15.612499999999999,16.220833333333335,0.325375,0.33195833333333336,0.33745833333333336,0.347
2022-07-22,t,12.637500000000001,93.0,11.529166666666667,13.512500000000001,1017.0416666666666,744.8291666666668,0.0,87.16666666666667,56.958333333333336,55.583333333333336,85.33333333333333,83.95833333333333,15.333333333333334,68.625,30.412499999999998,2.7624999999999997,4.145833333333333,146.75,132.75,14.516666666666666,0.05833333333333333,0.10416666666666667,14.9,15.262500000000001,15.612499999999999,16.2,0.332125,0.3295416666666667,0.3292083333333334,0.3461666666666667
2022-07-23,t,13.179166666666667,96.41666666666667,12.616666666666667,14.691666666666668,1016.5875,745.1583333333333,0.0,87.16666666666667,59.333333333333336,38.916666666666664,89.75,133.29166666666666,55.916666666666664,77.375,79.3375,3.1916666666666664,4.8500000000000005,113.16666666666667,108.58333333333333,18.295833333333334,0.08875,0.05458333333333334,15.620833333333332,15.529166666666667,15.616666666666667,16.2,0.35804166666666665,0.361375,0.349,0.3469166666666666
2022-07-24,t,12.870833333333332,96.29166666666667,12.291666666666666,14.745833333333332,1016.3041666666667,744.9916666666667,0.0,72.125,51.5,16.791666666666668,67.66666666666667,152.20833333333334,98.04166666666667,54.166666666666664,142.2875,2.6416666666666666,3.779166666666667,135.875,166.875,16.2375,0.09833333333333333,0.05708333333333334,15.554166666666667,15.612499999999999,15.637500000000001,16.2,0.3485833333333333,0.35520833333333335,0.355,0.3509166666666666
2022-07-25,t,12.93913043478261,94.65217391304348,12.06086956521739,13.97391304347826,1015.804347826087,744.0304347826087,0.0,72.65217391304348,67.21739130434783,39.82608695652174,51.78260869565217,162.3913043478261,94.26086956521739,68.1304347826087,138.72173913043477,2.365217391304348,3.430434782608696,144.7391304347826,154.52173913043478,17.13478260869565,0.10434782608695652,0.08565217391304347,15.869565217391305,15.626086956521737,15.660869565217391,16.2,0.32708695652173914,0.32082608695652176,0.34873913043478255,0.35395652173913045
2022-07-26,t,12.770833333333334,91.375,11.358333333333334,13.770833333333334,1016.4166666666666,744.6,0.0,95.41666666666667,60.625,74.91666666666667,92.125,103.25,32.875,70.375,43.449999999999996,2.7916666666666665,4.5375000000000005,188.45833333333334,158.16666666666666,14.954166666666666,0.0725,0.13125,15.254166666666668,15.516666666666667,15.699999999999998,16.2,0.35108333333333336,0.3475,0.3632916666666666,0.3575833333333333
2022-07-27,t,12.786956521739132,96.82608695652173,12.291304347826086,14.169565217391304,1016.091304347826,744.2913043478261,0.0,94.8695652173913,59.130434782608695,62.95652173913044,69.3913043478261,143.95652173913044,79.43478260869566,64.52173913043478,103.12173913043479,1.8956521739130436,3.143478260869565,174.6086956521739,124.3913043478261,16.347826086956523,0.09521739130434782,0.04782608695652174,15.534782608695652,15.608695652173912,15.7,16.17391304347826,0.3327826086956522,0.33108695652173914,0.3533478260869565,0.36
2022-07-28,t,12.504166666666668,96.33333333333333,11.941666666666668,13.9,1015.9708333333333,744.0916666666667,0.0,90.375,82.91666666666667,29.458333333333332,63.541666666666664,150.16666666666666,89.20833333333333,60.958333333333336,119.325,2.091666666666667,2.7583333333333333,165.875,135.0,16.979166666666668,0.09583333333333333,0.05375,15.483333333333334,15.450000000000001,15.699999999999998,16.1,0.3227083333333333,0.3185,0.3319166666666667,0.35954166666666665
2022-07-29,t,12.733333333333334,96.625,12.208333333333334,13.704166666666666,1015.9583333333334,743.9541666666668,0.0,99.20833333333333,82.16666666666667,80.95833333333333,96.79166666666667,57.25,14.416666666666666,42.833333333333336,21.599999999999998,2.220833333333333,3.6916666666666664,120.70833333333333,122.54166666666667,12.866666666666667,0.042916666666666665,0.049166666666666664,14.799999999999999,15.2125,15.699999999999998,16.1,0.3602916666666667,0.3612916666666666,0.3449583333333333,0.3584583333333333
2022-07-31,t,11.862499999999999,95.83333333333333,11.241666666666667,12.695833333333333,1016.2541666666666,743.5749999999999,0.0,86.25,45.458333333333336,71.625,76.58333333333333,26.958333333333332,0.625,26.333333333333332,1.3916666666666666,2.0500000000000003,3.2125,196.04166666666666,198.95833333333334,12.808333333333332,0.025416666666666667,0.05708333333333334,13.620833333333332,14.445833333333333,15.5,16.1,0.35633333333333334,0.35479166666666667,0.3722916666666667,0.3655
2022-08-01,t,12.995833333333332,87.20833333333333,10.8375,13.704166666666666,1015.7083333333334,743.8125,0.0,65.33333333333333,35.25,18.416666666666668,90.79166666666667,216.45833333333334,158.08333333333334,58.375,230.525,2.025,2.9291666666666667,151.5,150.66666666666666,16.120833333333334,0.13583333333333333,0.2041666666666667,16.058333333333334,15.145833333333334,15.345833333333333,16.1,0.2869583333333333,0.2838333333333333,0.35000000000000003,0.3714166666666667
2022-08-02,t,12.858333333333334,96.58333333333333,12.3125,13.645833333333334,1016.0458333333332,744.0749999999999,0.0,96.125,85.625,39.291666666666664,48.625,140.58333333333334,82.45833333333333,58.125,129.83333333333334,2.9,3.966666666666667,214.79166666666666,217.41666666666666,16.224999999999998,0.08583333333333333,0.050833333333333335,15.795833333333334,15.8375,15.450000000000001,16.1,0.33808333333333335,0.3152916666666667,0.30575,0.36833333333333335
2022-08-03,t,12.975,93.41666666666667,11.908333333333333,14.433333333333332,1016.2333333333332,744.775,0.0,96.875,61.833333333333336,47.5,93.875,98.08333333333333,34.0,64.08333333333333,59.10833333333333,2.3541666666666665,3.141666666666667,210.66666666666666,203.66666666666666,14.729166666666666,0.06708333333333334,0.1025,15.325000000000001,15.491666666666667,15.533333333333333,16.016666666666666,0.33908333333333335,0.34429166666666666,0.297875,0.36437499999999995
2022-08-04,t,12.983333333333334,95.875,12.329166666666666,13.916666666666666,1016.0291666666667,744.1,0.0,96.125,55.083333333333336,72.95833333333333,95.83333333333333,119.45833333333333,43.416666666666664,76.04166666666667,53.87083333333334,1.6333333333333335,2.3833333333333333,153.79166666666666,171.41666666666666,15.391666666666666,0.08083333333333334,0.0625,15.625,15.520833333333334,15.549999999999999,16.0,0.3405416666666667,0.33670833333333333,0.29154166666666664,0.36083333333333334
2022-08-05,t,13.183333333333332,95.08333333333333,12.424999999999999,14.5875,1015.5583333333334,744.2458333333334,0.0,88.95833333333333,74.79166666666667,24.666666666666668,96.25,147.66666666666666,67.66666666666667,80.0,102.1375,2.4458333333333333,3.408333333333333,147.83333333333334,170.58333333333334,18.462500000000002,0.09583333333333333,0.075,16.220833333333335,15.9625,15.629166666666665,16.0,0.33908333333333335,0.338125,0.28941666666666666,0.357625
2022-08-06,t,12.612499999999999,93.91666666666667,11.658333333333333,13.954166666666666,1016.0166666666668,744.1999999999999,0.0,99.08333333333333,51.416666666666664,67.375,98.33333333333333,88.20833333333333,14.083333333333334,74.125,20.675,1.679166666666667,2.3000000000000003,158.875,158.0,14.395833333333334,0.0625,0.09041666666666666,15.0875,15.5,15.699999999999998,16.0,0.33616666666666667,0.33545833333333336,0.29304166666666664,0.354875
2022-08-07,t,13.0625,95.0,12.25,14.4625,1015.6958333333333,744.2791666666667,0.0,91.875,69.41666666666667,44.375,76.29166666666667,199.54166666666666,132.95833333333334,66.58333333333333,183.92916666666667,2.8249999999999997,4.270833333333333,238.20833333333334,237.79166666666666,19.491666666666667,0.125,0.08,16.616666666666667,15.991666666666667,15.670833333333333,16.0,0.343875,0.33916666666666667,0.291375,0.35237499999999994
2022-08-08,t,12.633333333333333,95.70833333333333,11.950000000000001,13.700000000000001,1015.4041666666667,743.6041666666666,0.0,95.91666666666667,73.5,32.625,93.0,77.58333333333333,20.291666666666668,57.291666666666664,27.375,2.441666666666667,3.7875,193.20833333333334,209.70833333333334,17.525000000000002,0.05458333333333334,0.065,15.395833333333334,15.770833333333334,15.800000000000002,16.0,0.31695833333333334,0.32275000000000004,0.291,0.3502083333333333
2022-08-09,t,12.279166666666667,96.04166666666667,11.670833333333334,12.691666666666668,1016.1,743.4791666666666,0.0,99.04166666666667,59.25,90.08333333333333,98.16666666666667,72.75,20.25,52.5,27.654166666666665,2.2583333333333333,3.579166666666667,119.79166666666667,105.04166666666667,13.191666666666668,0.050833333333333335,0.05625,14.679166666666667,15.083333333333334,15.716666666666667,16.0,0.34179166666666666,0.33158333333333334,0.28429166666666666,0.34804166666666664
2022-08-10,t,12.229166666666666,96.54166666666667,11.704166666666666,13.4125,1016.9625,744.5416666666666,0.0,94.95833333333333,69.75,58.666666666666664,86.45833333333333,82.75,17.125,65.625,22.337500000000002,2.3666666666666667,3.470833333333333,189.79166666666666,146.66666666666666,15.025,0.058750000000000004,0.050833333333333335,14.641666666666666,14.9125,15.612499999999999,16.0,0.34570833333333334,0.35133333333333333,0.30920833333333336,0.34629166666666666
2022-08-12,t,12.5875,95.33333333333333,11.854166666666666,14.179166666666667,1017.3375,745.3375,0.0,91.54166666666667,61.416666666666664,71.41666666666667,89.83333333333333,130.125,71.75,58.375,94.99583333333334,1.9708333333333332,2.8000000000000003,155.125,137.79166666666666,13.908333333333333,0.08750000000000001,0.06875,15.008333333333333,14.950000000000001,15.404166666666667,15.966666666666667,0.35229166666666667,0.35283333333333333,0.33645833333333336,0.345
2022-08-13,t,12.416666666666666,93.95833333333333,11.433333333333332,13.525,1017.6458333333334,745.2708333333334,0.0,96.95833333333333,61.125,88.04166666666667,88.95833333333333,81.16666666666667,23.5,57.666666666666664,33.34583333333334,2.4125,3.9250000000000003,163.5,189.79166666666666,15.7125,0.05833333333333333,0.09250000000000001,14.5875,14.891666666666666,15.4,15.9,0.34375,0.3506666666666667,0.3481666666666667,0.34624999999999995
2022-08-14,t,12.525,94.70833333333333,11.691666666666668,13.741666666666667,1016.7333333333332,744.6125000000001,0.0,86.91666666666667,72.70833333333333,35.25,45.416666666666664,158.66666666666666,81.04166666666667,77.625,113.71250000000002,2.5083333333333333,3.295833333333333,131.83333333333334,134.08333333333334,17.662499999999998,0.10208333333333335,0.07958333333333334,15.483333333333334,15.229166666666666,15.329166666666667,15.9,0.31866666666666665,0.31883333333333336,0.34525,0.34800000000000003
2022-08-15,t,12.183333333333332,95.0,11.391666666666666,12.995833333333332,1017.0666666666666,744.4958333333334,0.0,95.54166666666667,35.958333333333336,85.83333333333333,87.70833333333333,38.541666666666664,2.6666666666666665,35.875,5.308333333333334,3.0041666666666664,4.904166666666667,89.25,95.08333333333333,16.337500000000002,0.03208333333333333,0.07375,13.941666666666668,14.612499999999999,15.329166666666667,15.9,0.35474999999999995,0.35316666666666663,0.3526666666666667,0.349
2022-08-16,t,11.883333333333333,92.75,10.704166666666666,12.8375,1017.5,744.7875,0.0,92.54166666666667,44.958333333333336,73.45833333333333,71.70833333333333,98.54166666666667,30.333333333333332,68.20833333333333,47.395833333333336,2.4791666666666665,3.8166666666666664,134.25,130.66666666666666,19.491666666666667,0.06874999999999999,0.10458333333333335,13.9375,14.191666666666668,15.154166666666667,15.9,0.36204166666666665,0.35870833333333335,0.36895833333333333,0.35662499999999997
2022-08-17,t,12.5875,95.33333333333333,11.8375,13.387500000000001,1017.8458333333333,745.2583333333333,0.0,91.125,68.125,50.5,70.33333333333333,135.08333333333334,55.625,79.45833333333333,74.21666666666667,3.016666666666667,4.595833333333333,222.375,227.20833333333334,19.479166666666668,0.08875,0.07125,15.262500000000001,14.987499999999999,15.112499999999999,15.9,0.336625,0.33241666666666664,0.3605833333333333,0.36274999999999996
2022-08-18,t,11.700000000000001,96.16666666666667,11.116666666666667,12.395833333333334,1017.7291666666666,744.5458333333332,0.0,97.83333333333333,81.08333333333333,61.958333333333336,80.70833333333333,66.75,9.666666666666666,57.083333333333336,13.070833333333333,2.4583333333333335,3.35,197.95833333333334,157.58333333333334,15.9,0.04958333333333333,0.051666666666666666,14.070833333333333,14.595833333333333,15.108333333333333,15.825000000000001,0.3425,0.34512499999999996,0.34720833333333334,0.3621666666666667
2022-08-20,t,12.095833333333333,95.20833333333333,11.329166666666666,13.079166666666666,1017.9625,745.0124999999999,0.0,88.58333333333333,78.58333333333333,45.541666666666664,75.375,170.04166666666666,93.58333333333333,76.45833333333333,128.32083333333335,1.8375000000000001,2.8125,198.20833333333334,155.625,17.375,0.1075,0.07208333333333333,15.041666666666666,14.5875,14.887500000000001,15.800000000000002,0.3270416666666667,0.3242916666666667,0.31116666666666665,0.3593333333333333
2022-08-21,t,12.475,95.0,11.670833333333334,13.445833333333333,1016.7208333333333,744.4625,0.0,96.41666666666667,85.58333333333333,63.458333333333336,54.5,158.41666666666666,78.79166666666667,79.625,105.8875,3.0208333333333335,4.375,171.0,120.33333333333333,17.070833333333333,0.10208333333333335,0.07875,15.8375,15.479166666666666,14.979166666666666,15.800000000000002,0.34800000000000003,0.3430416666666667,0.30145833333333333,0.3569166666666666
2022-08-22,t,12.637500000000001,95.5,11.924999999999999,13.820833333333333,1016.4666666666667,744.4,0.0,90.29166666666667,84.875,22.375,62.583333333333336,141.875,56.041666666666664,85.83333333333333,76.775,2.620833333333333,3.9416666666666664,158.5,164.875,17.724999999999998,0.09375,0.06874999999999999,15.7125,15.545833333333334,15.137500000000001,15.787500000000001,0.33475000000000005,0.3385833333333333,0.3045,0.3546666666666667
2022-08-23,t,12.608333333333334,95.375,11.870833333333332,13.983333333333334,1016.9333333333334,744.9166666666666,0.0,96.16666666666667,86.875,16.541666666666668,70.04166666666667,149.75,71.58333333333333,78.16666666666667,100.34166666666668,2.8333333333333335,3.775,119.33333333333333,123.29166666666667,17.425,0.09666666666666666,0.07208333333333333,15.633333333333333,15.549999999999999,15.241666666666667,15.699999999999998,0.3325,0.3345416666666667,0.3005,0.35262499999999997
2022-08-24,t,12.3125,95.16666666666667,11.570833333333333,13.354166666666666,1017.2875,744.9041666666667,0.0,91.45833333333333,63.333333333333336,32.208333333333336,98.04166666666667,71.41666666666667,5.875,65.54166666666667,11.104166666666666,2.975,4.470833333333333,114.125,110.83333333333333,14.466666666666667,0.05125,0.06833333333333334,14.4,14.9,15.300000000000002,15.699999999999998,0.3425416666666667,0.34479166666666666,0.3084166666666667,0.35070833333333334
2022-08-25,t,12.120833333333332,92.08333333333333,10.854166666666666,13.637500000000001,1017.0958333333333,744.9791666666666,0.0,79.5,31.375,55.333333333333336,93.29166666666667,62.958333333333336,12.583333333333334,50.375,25.595833333333335,2.2291666666666665,3.6166666666666667,151.79166666666666,126.54166666666667,13.808333333333332,0.04833333333333333,0.11416666666666665,13.875,14.325000000000001,15.191666666666665,15.699999999999998,0.3506666666666667,0.3566666666666667,0.3370416666666667,0.3499999999999999
2022-08-26,t,12.379166666666668,93.625,11.341666666666667,13.637500000000001,1015.5791666666668,743.6458333333334,0.0,79.83333333333333,77.0,36.916666666666664,47.333333333333336,193.5,129.04166666666666,64.45833333333333,166.11666666666665,2.5208333333333335,3.670833333333333,172.83333333333334,174.20833333333334,17.133333333333333,0.12208333333333334,0.09833333333333333,15.7875,15.129166666666668,15.1,15.699999999999998,0.312,0.3125,0.341625,0.3499999999999999
2022-08-27,t,12.404166666666667,91.625,11.029166666666667,13.200000000000001,1015.9958333333334,743.9291666666667,0.0,87.625,31.458333333333332,69.70833333333333,95.25,66.45833333333333,15.041666666666666,51.416666666666664,30.9375,2.3291666666666666,4.016666666666667,93.58333333333333,94.08333333333333,15.416666666666666,0.049999999999999996,0.1275,14.299999999999999,14.945833333333333,15.199999999999998,15.699999999999998,0.3469583333333333,0.3515,0.36241666666666666,0.35375
2022-08-28,t,12.541666666666666,94.875,11.716666666666667,13.783333333333333,1015.6541666666667,743.75,0.0,83.58333333333333,61.958333333333336,37.375,81.29166666666667,169.20833333333334,98.04166666666667,71.16666666666667,138.69166666666666,2.375,3.220833333333333,184.20833333333334,166.04166666666666,18.408333333333335,0.10916666666666668,0.08,15.570833333333333,15.133333333333333,15.141666666666666,15.699999999999998,0.326,0.3114166666666666,0.35354166666666664,0.36000000000000004
2022-08-29,t,13.3375,96.5,12.766666666666666,14.65,1016.0124999999999,744.6291666666666,0.0,96.91666666666667,70.83333333333333,34.416666666666664,93.625,150.75,61.083333333333336,89.66666666666667,79.7,2.6958333333333333,3.6166666666666667,169.25,176.83333333333334,15.570833333333333,0.09749999999999999,0.05416666666666667,16.104166666666668,15.733333333333334,15.237499999999999,15.695833333333333,0.32875,0.33641666666666664,0.33508333333333334,0.35945833333333327
2022-08-31,t,13.279166666666667,96.54166666666667,12.733333333333334,14.25,1015.1374999999999,743.6750000000001,0.0,82.54166666666667,68.45833333333333,35.625,79.20833333333333,177.95833333333334,102.875,75.08333333333333,135.04166666666666,2.8791666666666664,4.1875,133.5,136.125,17.433333333333334,0.11458333333333333,0.052083333333333336,16.55,16.154166666666665,15.5,15.6,0.3348333333333333,0.33283333333333337,0.30191666666666667,0.35575
2022-09-01,t,12.916666666666666,95.875,12.266666666666666,14.35,1016.8541666666666,745.0,0.0,93.625,72.0,39.875,95.33333333333333,130.375,38.791666666666664,91.58333333333333,48.270833333333336,2.220833333333333,2.8874999999999997,201.29166666666666,156.29166666666666,16.333333333333332,0.08625000000000001,0.06333333333333334,16.0,16.033333333333335,15.633333333333333,15.6,0.3395416666666667,0.34170833333333334,0.303,0.3535
2022-09-02,t,12.7125,95.375,11.991666666666667,14.329166666666666,1017.3000000000001,745.4458333333333,0.0,93.70833333333333,79.95833333333333,36.958333333333336,94.91666666666667,153.58333333333334,68.95833333333333,84.625,91.17083333333333,2.891666666666667,4.0,208.08333333333334,182.79166666666666,17.658333333333335,0.10041666666666667,0.07083333333333333,16.099999999999998,16.004166666666666,15.683333333333332,15.6,0.32675,0.3312083333333333,0.2999583333333333,0.3515
2022-09-03,t,12.441666666666668,93.33333333333333,11.379166666666668,13.929166666666667,1015.9166666666666,744.15,0.0,85.66666666666667,74.375,44.416666666666664,41.291666666666664,153.45833333333334,69.20833333333333,84.25,92.28750000000001,2.7083333333333335,3.466666666666667,162.83333333333334,146.5,17.433333333333334,0.10125,0.09833333333333333,15.924999999999999,15.841666666666667,15.720833333333333,15.6,0.313875,0.31845833333333334,0.29341666666666666,0.3495833333333333
2022-09-04,t,12.145833333333334,94.75,11.320833333333333,13.741666666666667,1016.7666666666668,744.7416666666667,0.0,95.83333333333333,63.541666666666664,65.66666666666667,69.75,89.5,20.041666666666668,69.45833333333333,28.620833333333334,2.6041666666666665,3.6458333333333335,143.5,135.875,13.8375,0.06291666666666666,0.07541666666666667,14.762500000000001,15.270833333333334,15.708333333333334,15.6,0.344625,0.34237500000000004,0.2947916666666666,0.3475833333333333
2022-09-05,t,13.066666666666668,97.0,12.595833333333333,14.887500000000001,1017.0041666666666,745.4625,0.0,97.25,78.0,36.375,74.375,185.25,98.08333333333333,87.16666666666667,129.14583333333334,2.466666666666667,3.5708333333333333,138.83333333333334,133.66666666666666,16.079166666666666,0.11958333333333333,0.043750000000000004,16.2,15.75,15.637500000000001,15.6,0.33175,0.33308333333333334,0.30391666666666667,0.3462083333333333
2022-09-06,t,12.565217391304348,96.34782608695652,12.01304347826087,14.552173913043477,1016.9826086956521,745.2478260869566,0.0,93.17391304347827,70.52173913043478,37.91304347826087,88.3913043478261,154.82608695652175,85.3913043478261,69.43478260869566,115.06521739130434,2.856521739130435,3.930434782608696,142.17391304347825,144.0,18.273913043478263,0.10260869565217391,0.05173913043478261,15.943478260869565,16.043478260869566,15.773913043478261,15.673913043478262,0.34304347826086956,0.3413478260869565,0.3065652173913044,0.3447391304347826
2022-09-07,t,12.070833333333333,93.66666666666667,11.083333333333334,13.200000000000001,1018.4125,745.6333333333333,0.0,89.20833333333333,28.666666666666668,74.54166666666667,96.04166666666667,102.0,20.333333333333332,81.66666666666667,39.68333333333333,2.0708333333333333,3.391666666666667,201.125,234.04166666666666,13.558333333333332,0.07041666666666667,0.09000000000000001,14.741666666666667,15.325000000000001,15.787500000000001,15.699999999999998,0.337,0.34520833333333334,0.325,0.34400000000000003
2022-09-08,t,12.674999999999999,91.625,11.2875,13.654166666666667,1018.6458333333334,745.9625,0.0,77.83333333333333,56.416666666666664,24.75,57.208333333333336,230.5,158.875,71.625,221.07916666666665,2.779166666666667,4.5625,124.5,187.625,17.358333333333334,0.1425,0.13166666666666668,16.412499999999998,15.754166666666668,15.6625,15.699999999999998,0.31758333333333333,0.32445833333333335,0.3235,0.3434166666666667
2022-09-09,t,12.379166666666668,93.375,11.325000000000001,13.129166666666668,1018.6999999999999,745.6833333333334,0.0,84.33333333333333,55.375,44.75,84.20833333333333,110.95833333333333,46.791666666666664,64.16666666666667,62.412499999999994,2.4916666666666667,3.6166666666666667,170.58333333333334,175.70833333333334,16.116666666666667,0.07458333333333333,0.09833333333333333,15.420833333333334,15.741666666666667,15.699999999999998,15.699999999999998,0.3279583333333333,0.33183333333333337,0.31775000000000003,0.3428333333333334
2022-09-10,t,12.125,94.54166666666667,11.254166666666668,13.133333333333333,1017.6041666666666,744.8375,0.0,92.54166666666667,75.04166666666667,19.875,95.04166666666667,183.70833333333334,96.29166666666667,87.41666666666667,132.3,3.1458333333333335,3.8708333333333336,164.45833333333334,152.45833333333334,19.004166666666666,0.11458333333333333,0.08041666666666668,16.033333333333335,15.804166666666667,15.716666666666667,15.699999999999998,0.3277083333333333,0.333,0.316375,0.342
2022-09-11,t,12.295833333333334,95.5,11.5875,13.612499999999999,1017.4125,745.0833333333334,0.0,98.16666666666667,49.791666666666664,75.91666666666667,96.45833333333333,120.625,36.875,83.75,48.400000000000006,2.5875,3.5500000000000003,256.5,256.9583333333333,16.316666666666666,0.08208333333333333,0.06625,15.450000000000001,15.645833333333334,15.704166666666666,15.699999999999998,0.3340416666666666,0.33670833333333333,0.31783333333333336,0.34120833333333334
2022-09-12,t,12.1875,94.04166666666667,11.245833333333332,13.658333333333333,1017.5916666666667,745.35,0.0,85.25,67.5,34.208333333333336,91.29166666666667,172.33333333333334,84.0,88.33333333333333,124.325,3.0500000000000003,4.616666666666666,174.625,230.625,20.0125,0.11125,0.08833333333333333,15.816666666666668,15.716666666666667,15.699999999999998,15.699999999999998,0.33145833333333335,0.3363333333333334,0.3213333333333333,0.3408333333333333
2022-09-13,t,11.35,94.91666666666667,10.554166666666667,12.004166666666668,1018.9166666666666,745.125,0.0,94.66666666666667,45.541666666666664,66.95833333333333,91.29166666666667,63.791666666666664,15.0,48.791666666666664,21.52916666666667,1.7541666666666667,2.795833333333333,116.04166666666667,159.08333333333334,12.783333333333333,0.047499999999999994,0.07083333333333333,14.108333333333334,14.9125,15.645833333333334,15.699999999999998,0.33912499999999995,0.34441666666666665,0.32758333333333334,0.34
2022-09-14,t,12.041666666666666,90.58333333333333,10.479166666666666,13.454166666666666,1018.3625000000001,745.5500000000001,0.0,57.083333333333336,42.791666666666664,11.0,49.583333333333336,264.375,197.875,66.5,267.7708333333333,2.6750000000000003,3.404166666666667,156.66666666666666,155.95833333333334,20.370833333333334,0.16666666666666666,0.1475,16.175,15.454166666666666,15.520833333333334,15.699999999999998,0.2989583333333333,0.31525,0.3312083333333334,0.34
2022-09-15,t,12.7125,93.04166666666667,11.575000000000001,14.625,1017.3208333333333,745.4958333333334,0.0,71.45833333333333,63.458333333333336,12.416666666666666,24.5,252.75,189.83333333333334,62.916666666666664,258.37916666666666,2.225,3.5208333333333335,130.0,184.58333333333334,18.375,0.15916666666666668,0.11,17.208333333333332,16.570833333333333,15.645833333333334,15.699999999999998,0.303875,0.2987083333333333,0.32066666666666666,0.33970833333333333
2022-09-17,t,12.029166666666667,96.04166666666667,11.429166666666667,13.137500000000001,1017.9583333333334,745.1291666666666,0.0,90.70833333333333,64.875,72.20833333333333,99.29166666666667,100.25,16.875,83.375,22.945833333333336,2.625,4.116666666666666,150.375,150.45833333333334,18.416666666666668,0.06999999999999999,0.05458333333333334,15.308333333333335,15.908333333333333,15.979166666666666,15.699999999999998,0.3559583333333333,0.35804166666666665,0.3335416666666667,0.3385
2022-09-18,t,12.1875,94.5,11.320833333333333,13.737499999999999,1018.1999999999999,745.7041666666668,0.0,79.5,57.375,18.208333333333332,86.25,212.41666666666666,140.95833333333334,71.45833333333333,187.10416666666666,2.6,4.166666666666667,221.83333333333334,214.45833333333334,17.804166666666667,0.13541666666666666,0.07791666666666668,16.108333333333334,15.941666666666668,15.9,15.699999999999998,0.33370833333333333,0.33666666666666667,0.344125,0.34008333333333335
2022-09-19,t,12.299999999999999,91.70833333333333,10.941666666666668,13.9125,1017.3458333333333,745.1750000000001,0.0,73.58333333333333,53.083333333333336,12.041666666666666,72.83333333333333,249.95833333333334,186.875,63.083333333333336,260.52916666666664,3.0500000000000003,4.508333333333334,198.70833333333334,239.375,19.704166666666666,0.15625,0.12666666666666668,16.670833333333334,16.25,15.908333333333333,15.699999999999998,0.31779166666666664,0.324625,0.343375,0.3414166666666667
2022-09-20,t,12.325000000000001,91.5,10.904166666666667,12.829166666666666,1017.1875,744.475,0.0,85.04166666666667,47.375,52.208333333333336,95.20833333333333,188.875,94.125,94.75,127.47083333333335,2.4791666666666665,3.279166666666667,189.5,187.75,17.1875,0.12,0.13041666666666665,16.474999999999998,16.412499999999998,15.979166666666666,15.699999999999998,0.3075,0.305875,0.3365,0.34145833333333336
2022-09-21,t,12.341666666666667,93.41666666666667,11.308333333333332,13.791666666666666,1017.1416666666668,744.975,0.0,96.33333333333333,69.25,58.458333333333336,96.75,148.45833333333334,57.5,90.95833333333333,78.125,1.9541666666666666,2.8833333333333333,166.66666666666666,135.0,17.216666666666665,0.09958333333333334,0.09541666666666666,15.625,15.895833333333334,16.0,15.699999999999998,0.335375,0.32479166666666665,0.32833333333333337,0.341
2022-09-22,t,12.0625,94.29166666666667,11.15,13.195833333333333,1017.3874999999999,744.7708333333334,0.0,98.66666666666667,61.666666666666664,96.95833333333333,96.375,86.375,15.833333333333334,70.54166666666667,23.44583333333333,2.183333333333333,3.216666666666667,229.79166666666666,215.83333333333334,13.674999999999999,0.06,0.08125,14.799999999999999,15.270833333333334,15.924999999999999,15.699999999999998,0.34829166666666667,0.35191666666666666,0.3388333333333333,0.341
2022-09-23,t,12.362499999999999,89.54166666666667,10.654166666666667,13.658333333333333,1015.8416666666667,744.1333333333333,0.0,84.625,46.625,49.291666666666664,76.0,172.79166666666666,93.16666666666667,79.625,133.35,3.3666666666666667,5.3125,225.58333333333334,272.9166666666667,19.470833333333335,0.11499999999999999,0.1575,15.516666666666666,15.4625,15.800000000000002,15.699999999999998,0.321375,0.3294166666666667,0.342625,0.34195833333333336
2022-09-24,t,12.941666666666668,93.375,11.870833333333332,14.4125,1014.7333333333332,743.5,0.0,83.95833333333333,65.375,20.583333333333332,86.5,201.33333333333334,100.41666666666667,100.91666666666667,136.38333333333335,2.8708333333333336,4.179166666666666,161.04166666666666,165.95833333333334,18.783333333333335,0.12916666666666668,0.10416666666666667,16.7,16.145833333333332,15.770833333333334,15.699999999999998,0.3204166666666666,0.31925,0.3373333333333333,0.342
2022-09-25,t,12.450000000000001,93.29166666666667,11.395833333333334,13.633333333333333,1015.5291666666667,743.8333333333334,0.0,96.375,69.41666666666667,61.125,70.79166666666667,92.04166666666667,21.458333333333332,70.58333333333333,27.708333333333332,2.8541666666666665,4.366666666666666,99.29166666666667,98.75,18.270833333333332,0.0675,0.09791666666666667,15.270833333333334,15.745833333333332,15.816666666666668,15.699999999999998,0.3460833333333333,0.3485416666666667,0.340125,0.342
2022-09-26,t,12.791666666666666,90.58333333333333,11.25,14.924999999999999,1015.1625,744.1875,0.0,74.5,32.875,41.25,92.45833333333333,236.54166666666666,166.70833333333334,69.83333333333333,225.58333333333334,2.525,3.9916666666666667,139.66666666666666,147.70833333333334,20.3125,0.15708333333333332,0.14625000000000002,16.241666666666667,15.891666666666666,15.775,15.699999999999998,0.33258333333333334,0.33966666666666673,0.3486666666666666,0.34349999999999997
2022-09-27,t,13.299999999999999,90.91666666666667,11.758333333333333,15.216666666666667,1015.6791666666667,744.6541666666667,0.0,88.16666666666667,62.833333333333336,58.416666666666664,73.45833333333333,252.79166666666666,197.20833333333334,55.583333333333336,262.7916666666667,2.841666666666667,3.891666666666667,225.25,226.20833333333334,18.658333333333335,0.16083333333333333,0.15083333333333335,17.712500000000002,16.929166666666667,15.883333333333333,15.699999999999998,0.338,0.334,0.34670833333333334,0.344875
2022-09-28,t,13.370833333333332,94.70833333333333,12.533333333333333,14.674999999999999,1016.0833333333334,744.6666666666666,0.0,96.54166666666667,83.41666666666667,31.833333333333332,95.91666666666667,198.125,119.45833333333333,78.66666666666667,152.90416666666667,3.1291666666666664,4.179166666666666,191.0,195.75,17.587500000000002,0.12625,0.08291666666666667,17.545833333333334,17.220833333333335,16.099999999999998,15.699999999999998,0.342625,0.3465,0.36066666666666664,0.349625
2022-09-29,t,12.470833333333333,96.04166666666667,11.854166666666666,13.279166666666667,1017.3874999999999,744.6458333333334,0.0,96.375,72.91666666666667,65.29166666666667,67.41666666666667,160.29166666666666,76.95833333333333,83.33333333333333,94.09166666666665,2.158333333333333,3.1458333333333335,212.91666666666666,185.54166666666666,17.76666666666667,0.10291666666666667,0.057499999999999996,16.508333333333333,16.658333333333335,16.241666666666667,15.699999999999998,0.3445416666666667,0.34125,0.3545416666666667,0.35283333333333333
2022-09-30,t,12.720833333333333,92.625,11.529166666666667,13.808333333333332,1016.8833333333333,744.6333333333333,0.0,90.375,74.08333333333333,29.625,94.66666666666667,238.41666666666666,162.25,76.16666666666667,209.4375,2.6750000000000003,3.470833333333333,148.5,143.75,19.954166666666666,0.15041666666666667,0.11416666666666668,17.150000000000002,16.745833333333334,16.2625,15.770833333333334,0.32366666666666666,0.32525,0.3475833333333333,0.353
2022-10-01,t,12.383333333333333,93.16666666666667,11.299999999999999,14.366666666666667,1016.1750000000001,744.6416666666668,0.0,94.04166666666667,69.875,48.791666666666664,99.5,146.875,50.75,96.125,67.0125,2.2583333333333333,3.1333333333333333,118.08333333333333,120.08333333333333,19.304166666666667,0.09833333333333333,0.10041666666666667,15.924999999999999,16.3625,16.3,15.800000000000002,0.33712499999999995,0.33595833333333336,0.33625,0.35274999999999995
2022-10-02,t,12.620833333333332,93.95833333333333,11.670833333333334,14.158333333333333,1015.8541666666666,744.1791666666667,0.0,86.95833333333333,58.875,27.916666666666668,80.25,218.70833333333334,137.04166666666666,81.66666666666667,175.7541666666667,2.7375000000000003,4.0874999999999995,166.54166666666666,151.91666666666666,16.854166666666668,0.13916666666666666,0.09000000000000001,16.408333333333335,16.275000000000002,16.258333333333333,15.800000000000002,0.333625,0.3374166666666667,0.32745833333333335,0.351875
2022-10-03,t,13.075000000000001,92.0,11.766666666666666,15.066666666666668,1015.5124999999999,744.4416666666666,0.0,77.66666666666667,55.208333333333336,22.791666666666668,75.91666666666667,228.875,167.20833333333334,61.666666666666664,233.875,2.4875,3.4458333333333333,173.79166666666666,223.08333333333334,17.379166666666666,0.1475,0.12666666666666668,17.108333333333334,16.662499999999998,16.254166666666666,15.800000000000002,0.32875,0.33379166666666665,0.319375,0.35074999999999995
2022-10-04,t,12.895833333333334,94.83333333333333,12.0625,14.154166666666667,1016.5833333333334,744.7875,0.0,97.5,72.375,51.916666666666664,87.04166666666667,131.70833333333334,51.791666666666664,79.91666666666667,73.43333333333334,2.6666666666666665,3.7416666666666667,199.66666666666666,165.75,17.579166666666666,0.08583333333333333,0.08041666666666666,16.058333333333334,16.408333333333335,16.3,15.800000000000002,0.32895833333333335,0.337625,0.3173333333333333,0.3495833333333333
2022-10-06,t,12.966666666666667,95.25,12.220833333333333,14.987499999999999,1016.6750000000001,745.3791666666666,0.0,95.20833333333333,80.95833333333333,37.958333333333336,97.70833333333333,122.58333333333333,35.333333333333336,87.25,52.67916666666667,2.533333333333333,3.558333333333333,208.79166666666666,218.79166666666666,16.379166666666666,0.08416666666666667,0.07041666666666667,16.308333333333334,16.608333333333334,16.4,15.800000000000002,0.32866666666666666,0.32695833333333335,0.2980833333333333,0.3468333333333333
2022-10-08,t,13.179166666666667,94.375,12.270833333333334,15.083333333333334,1016.5291666666667,745.1625,0.0,83.70833333333333,61.208333333333336,41.583333333333336,75.95833333333333,220.41666666666666,147.20833333333334,73.20833333333333,190.6,2.725,4.2124999999999995,193.75,204.16666666666666,18.3875,0.13999999999999999,0.08875,16.691666666666666,15.975,16.0625,15.9,0.3313333333333333,0.3372916666666667,0.329125,0.345
2022-10-09,t,13.450000000000001,94.08333333333333,12.487499999999999,15.095833333333333,1016.3166666666666,744.9791666666666,0.0,91.375,70.45833333333333,47.166666666666664,91.25,196.33333333333334,110.45833333333333,85.875,149.50833333333333,2.0749999999999997,3.0208333333333335,159.91666666666666,136.16666666666666,16.666666666666668,0.12916666666666668,0.09708333333333334,17.125,16.820833333333333,16.14166666666667,15.9,0.3334166666666667,0.3428333333333333,0.33358333333333334,0.34437499999999993
2022-10-10,t,12.387500000000001,94.04166666666667,11.433333333333332,13.408333333333333,1016.5208333333334,744.2666666666668,0.0,81.04166666666667,34.666666666666664,67.29166666666667,97.375,63.958333333333336,7.583333333333333,56.375,11.391666666666667,1.8,3.2708333333333335,130.58333333333334,165.33333333333334,12.125,0.049166666666666664,0.08750000000000001,14.887500000000001,15.683333333333332,16.179166666666667,15.9,0.34308333333333335,0.3505833333333333,0.34474999999999995,0.34437499999999993
2022-10-11,t,12.841666666666667,95.79166666666667,12.179166666666667,14.700000000000001,1015.5124999999999,744.2916666666666,0.0,91.0,65.45833333333333,47.083333333333336,85.79166666666667,155.45833333333334,62.125,93.33333333333333,89.71249999999999,2.4375,3.6125000000000003,170.58333333333334,206.375,16.212500000000002,0.10291666666666667,0.06125,15.875,15.674999999999999,16.016666666666666,15.9,0.32795833333333335,0.3272083333333334,0.34624999999999995,0.34583333333333327
2022-10-12,t,12.987499999999999,93.79166666666667,12.004166666666668,14.866666666666667,1015.4833333333332,744.3625000000001,0.0,93.0,80.41666666666667,34.875,94.33333333333333,199.33333333333334,110.91666666666667,88.41666666666667,142.82916666666668,2.720833333333333,3.6750000000000003,207.125,272.9166666666667,21.1375,0.13208333333333333,0.09875,16.816666666666666,16.400000000000002,16.033333333333335,15.9,0.33804166666666663,0.34079166666666666,0.344625,0.3459999999999999
2022-10-13,t,12.633333333333333,92.0,11.329166666666666,13.379166666666668,1015.9166666666666,743.8958333333334,0.0,91.25,54.166666666666664,63.208333333333336,91.66666666666667,118.16666666666667,39.75,78.41666666666667,55.333333333333336,2.245833333333333,3.7624999999999997,172.83333333333334,177.875,15.375,0.08,0.1225,15.745833333333332,16.095833333333335,16.1,15.9,0.3254166666666667,0.33066666666666666,0.34791666666666665,0.34674999999999995
2022-10-14,t,12.6875,94.0,11.737499999999999,14.049999999999999,1015.5458333333332,743.9208333333332,0.0,64.95833333333333,36.0,27.541666666666668,67.625,202.45833333333334,124.625,77.83333333333333,170.15,2.3000000000000003,4.004166666666666,135.66666666666666,178.04166666666666,19.087500000000002,0.1325,0.09166666666666667,16.104166666666668,15.979166666666666,16.045833333333334,15.9,0.3267083333333333,0.32583333333333336,0.3413333333333333,0.347
2022-10-15,t,13.362499999999999,95.04166666666667,12.579166666666666,14.5875,1016.4416666666666,744.7083333333334,0.0,88.25,63.041666666666664,48.583333333333336,98.45833333333333,215.91666666666666,130.45833333333334,85.45833333333333,171.22916666666666,2.733333333333333,4.041666666666667,136.625,154.91666666666666,19.462500000000002,0.13999999999999999,0.07708333333333334,16.941666666666666,16.529166666666665,16.054166666666667,15.9,0.331125,0.33516666666666667,0.3358333333333334,0.3465416666666667
2022-10-16,t,13.308333333333332,92.58333333333333,12.116666666666667,14.429166666666667,1017.6125000000001,745.6125000000001,0.0,84.54166666666667,66.16666666666667,19.125,94.45833333333333,213.04166666666666,136.20833333333334,76.83333333333333,182.84583333333333,2.8833333333333333,3.7458333333333336,148.08333333333334,135.83333333333334,18.979166666666668,0.13708333333333333,0.11875000000000001,17.120833333333334,16.845833333333335,16.170833333333334,15.9,0.3336666666666666,0.3395416666666667,0.3349583333333333,0.3459999999999999
2022-10-17,t,13.604166666666666,94.45833333333333,12.729166666666666,15.308333333333332,1017.3166666666666,745.8791666666666,0.0,85.79166666666667,59.666666666666664,26.583333333333332,96.91666666666667,231.66666666666666,144.375,87.29166666666667,185.63333333333333,3.141666666666667,4.429166666666666,179.79166666666666,195.20833333333334,18.779166666666665,0.14791666666666667,0.08416666666666667,17.570833333333333,17.095833333333335,16.29583333333333,15.9,0.33899999999999997,0.344625,0.33625,0.3459999999999999
2022-10-18,t,13.512500000000001,93.5,12.470833333333333,14.85,1016.9041666666667,745.3874999999999,0.0,74.83333333333333,45.416666666666664,24.583333333333332,90.95833333333333,197.66666666666666,116.75,80.91666666666667,170.29999999999998,2.470833333333333,3.7375000000000003,162.91666666666666,219.41666666666666,17.591666666666665,0.12791666666666665,0.10083333333333333,17.395833333333332,17.183333333333334,16.4375,15.9,0.33516666666666667,0.34191666666666665,0.34704166666666664,0.3460833333333333
2022-10-20,t,12.512500000000001,94.20833333333333,11.6,13.424999999999999,1018.6416666666668,745.8791666666666,0.0,94.66666666666667,56.166666666666664,53.5,95.79166666666667,126.45833333333333,42.791666666666664,83.66666666666667,59.55416666666667,2.7916666666666665,3.65,121.70833333333333,164.33333333333334,13.904166666666667,0.08458333333333333,0.08625,15.379166666666668,15.504166666666668,16.224999999999998,15.9625,0.3307083333333333,0.3287083333333333,0.3471666666666666,0.34800000000000003
2022-10-21,t,13.2125,91.79166666666667,11.854166666666666,14.616666666666667,1017.8874999999999,745.9791666666666,0.0,88.83333333333333,76.41666666666667,20.0,87.625,216.33333333333334,137.875,78.45833333333333,187.04999999999998,3.0416666666666665,4.108333333333333,171.41666666666666,218.66666666666666,18.516666666666666,0.13833333333333334,0.13833333333333334,16.854166666666668,16.354166666666668,16.145833333333332,16.0,0.3269583333333333,0.3309583333333333,0.340625,0.34800000000000003
2022-10-22,t,13.133333333333333,93.66666666666667,12.137500000000001,14.091666666666667,1017.1125000000001,745.0500000000001,0.0,87.70833333333333,70.08333333333333,13.958333333333334,96.04166666666667,212.08333333333334,118.66666666666667,93.41666666666667,161.25833333333333,3.404166666666667,4.666666666666667,222.375,243.625,20.004166666666666,0.13333333333333333,0.09833333333333333,17.162499999999998,16.958333333333332,16.241666666666667,16.0,0.316,0.32295833333333335,0.33308333333333334,0.347875
2022-10-23,t,13.0625,87.08333333333333,10.883333333333333,14.125,1015.4458333333333,744.0625,0.0,71.58333333333333,54.75,17.083333333333332,73.0,276.1666666666667,219.45833333333334,56.708333333333336,296.46250000000003,3.4458333333333333,5.195833333333334,286.4583333333333,285.2083333333333,18.8375,0.17458333333333334,0.19874999999999998,17.408333333333335,16.89166666666667,16.333333333333332,16.0,0.304875,0.309,0.31908333333333333,0.3469583333333333
2022-10-24,t,12.295833333333334,90.25,10.700000000000001,12.799999999999999,1015.9499999999999,743.625,0.0,68.79166666666667,30.0,25.0,93.08333333333333,109.75,42.166666666666664,67.58333333333333,76.23333333333333,2.6374999999999997,4.091666666666667,219.95833333333334,206.20833333333334,15.441666666666668,0.07166666666666667,0.14416666666666667,15.629166666666668,16.341666666666665,16.4,16.0,0.3163333333333333,0.31920833333333337,0.305375,0.34575
2022-10-25,t,13.216666666666667,92.54166666666667,12.016666666666666,14.0,1016.375,744.4375,0.0,69.91666666666667,41.916666666666664,32.25,75.5,215.95833333333334,131.79166666666666,84.16666666666667,179.89583333333334,2.2333333333333334,3.6166666666666667,159.04166666666666,170.95833333333334,18.166666666666668,0.1366666666666667,0.11083333333333334,16.783333333333335,16.320833333333333,16.325,16.0,0.3169166666666667,0.31916666666666665,0.29654166666666665,0.34441666666666665
2022-10-26,t,13.033333333333333,92.45833333333333,11.833333333333334,15.129166666666668,1015.6958333333333,744.6708333333332,0.0,89.79166666666667,63.125,32.5,90.58333333333333,207.625,117.41666666666667,90.20833333333333,164.77083333333334,3.0416666666666665,4.195833333333334,157.83333333333334,170.91666666666666,18.941666666666666,0.13375,0.11833333333333333,16.962500000000002,16.795833333333334,16.345833333333335,16.0,0.3285,0.3305416666666667,0.2935,0.34287500000000004
2022-10-27,t,13.237499999999999,96.0,12.629166666666668,14.704166666666666,1014.8958333333334,743.6958333333333,0.0,96.5,79.83333333333333,39.375,94.29166666666667,190.5,110.04166666666667,80.45833333333333,143.0625,2.8958333333333335,4.291666666666667,173.125,206.29166666666666,17.495833333333334,0.12166666666666666,0.05875,17.0,16.8125,16.425,16.0,0.3308333333333333,0.3312083333333333,0.2975833333333333,0.3415416666666667
2022-10-28,t,13.4125,96.625,12.883333333333333,15.266666666666666,1014.8333333333334,744.1291666666666,0.0,88.54166666666667,64.58333333333333,37.416666666666664,95.66666666666667,156.41666666666666,53.083333333333336,103.33333333333333,64.8125,2.970833333333333,4.3999999999999995,191.375,185.58333333333334,17.2375,0.10583333333333333,0.05291666666666667,16.704166666666666,16.704166666666666,16.454166666666666,16.0,0.33525,0.3361666666666667,0.303875,0.34041666666666665
2022-10-29,t,13.358333333333334,95.0,12.566666666666668,14.799999999999999,1015.0166666666668,743.9166666666666,0.0,95.75,62.916666666666664,40.375,95.625,175.75,73.75,102.0,97.98750000000001,2.6041666666666665,3.9,124.83333333333333,111.5,17.558333333333334,0.11583333333333334,0.08041666666666668,16.770833333333332,16.679166666666667,16.466666666666665,16.0,0.32845833333333335,0.332625,0.306625,0.33945833333333336
2022-10-30,t,13.341666666666667,94.08333333333333,12.391666666666666,14.879166666666668,1015.6083333333332,744.5083333333333,0.0,85.875,55.75,23.125,97.41666666666667,194.875,99.41666666666667,95.45833333333333,137.82083333333333,2.8833333333333333,4.2749999999999995,142.75,119.66666666666667,18.3875,0.12625,0.09416666666666668,16.891666666666666,16.808333333333334,16.483333333333334,16.020833333333332,0.328,0.3322916666666667,0.31095833333333334,0.33875000000000005
2022-10-31,t,13.979166666666666,90.70833333333333,12.4125,15.291666666666666,1016.0958333333333,744.9666666666667,0.0,76.54166666666667,53.833333333333336,30.833333333333332,59.5,265.9583333333333,211.79166666666666,54.166666666666664,296.99583333333334,2.3874999999999997,3.0708333333333333,157.5,139.08333333333334,18.420833333333334,0.1708333333333333,0.1575,17.966666666666665,17.3125,16.545833333333334,16.1,0.3350416666666667,0.33804166666666663,0.314375,0.338
2022-11-01,t,13.25,92.29166666666667,12.008333333333333,14.112499999999999,1016.9916666666667,745.0208333333334,0.0,87.91666666666667,56.583333333333336,55.583333333333336,96.625,193.0,90.54166666666667,102.45833333333333,133.4875,2.433333333333333,3.7416666666666667,187.20833333333334,197.29166666666666,16.075,0.1225,0.12166666666666666,17.133333333333333,17.191666666666666,16.654166666666665,16.1,0.333625,0.3413333333333333,0.3312916666666667,0.338
2022-11-02,t,13.424999999999999,89.91666666666667,11.741666666666667,14.375,1017.6625,745.6750000000001,0.0,79.75,50.041666666666664,49.625,65.875,210.70833333333334,134.83333333333334,75.875,185.4416666666667,2.7083333333333335,4.158333333333333,217.125,256.5,19.079166666666666,0.13708333333333333,0.16749999999999998,17.3375,17.241666666666667,16.733333333333334,16.1,0.32758333333333334,0.3389583333333333,0.3354166666666667,0.33737500000000004
2022-11-03,t,12.629166666666668,94.41666666666667,11.758333333333333,13.258333333333333,1018.2333333333332,745.35,0.0,87.54166666666667,52.791666666666664,45.166666666666664,91.875,180.79166666666666,84.25,96.54166666666667,114.04583333333333,2.3666666666666667,3.65,160.5,174.95833333333334,17.7625,0.11458333333333333,0.08458333333333334,16.520833333333332,16.7,16.7125,16.1,0.32975,0.33520833333333333,0.33945833333333336,0.338
2022-11-04,t,13.691666666666668,93.75,12.670833333333334,15.549999999999999,1018.3291666666668,746.8708333333334,0.0,89.33333333333333,63.25,35.125,81.08333333333333,222.25,138.95833333333334,83.29166666666667,190.1875,3.0041666666666664,4.7,198.75,236.20833333333334,18.758333333333333,0.14375000000000002,0.09958333333333334,17.695833333333333,17.125,16.712500000000002,16.1,0.33920833333333333,0.3413333333333333,0.34191666666666665,0.33837500000000004
2022-11-05,t,13.3125,91.04166666666667,11.8375,14.783333333333333,1017.9458333333333,746.1833333333334,0.0,82.66666666666667,39.666666666666664,42.291666666666664,97.33333333333333,151.29166666666666,71.33333333333333,79.95833333333333,94.49166666666667,1.7958333333333334,2.9166666666666665,117.95833333333333,121.45833333333333,15.299999999999999,0.1025,0.145,16.9875,17.104166666666668,16.770833333333332,16.104166666666668,0.3222083333333334,0.327625,0.34754166666666664,0.3408333333333333
2022-11-06,t,12.762500000000001,94.20833333333333,11.845833333333333,14.504166666666668,1018.1125000000001,746.1291666666666,0.0,80.875,41.75,35.875,99.91666666666667,155.25,44.625,110.625,56.96666666666667,1.6708333333333334,2.704166666666667,185.70833333333334,182.0,15.216666666666667,0.10458333333333335,0.08708333333333333,16.0625,16.466666666666665,16.720833333333335,16.2,0.33379166666666665,0.33270833333333333,0.3432916666666667,0.342
2022-11-07,t,13.154166666666667,89.95833333333333,11.529166666666667,14.75,1016.8166666666666,745.225,0.0,79.33333333333333,35.416666666666664,47.458333333333336,76.66666666666667,249.79166666666666,184.33333333333334,65.45833333333333,246.50833333333333,2.4499999999999997,3.7375000000000003,154.54166666666666,158.375,16.9375,0.15791666666666668,0.1575,17.316666666666666,16.849999999999998,16.650000000000002,16.2,0.31945833333333334,0.32179166666666664,0.3394166666666667,0.34241666666666665
2022-11-08,t,12.970833333333333,90.04166666666667,11.333333333333334,14.695833333333333,1016.7208333333333,745.2666666666668,0.0,87.5,57.458333333333336,40.208333333333336,97.91666666666667,192.95833333333334,100.83333333333333,92.125,138.9125,2.5625,3.6458333333333335,200.5,258.7916666666667,17.349999999999998,0.13,0.15916666666666665,16.8875,16.904166666666665,16.679166666666667,16.2,0.3163333333333333,0.31854166666666667,0.33270833333333333,0.342
2022-11-09,t,13.125,92.66666666666667,11.933333333333332,14.945833333333333,1016.4583333333334,745.1208333333334,0.0,89.70833333333333,69.45833333333333,35.666666666666664,97.45833333333333,205.125,130.91666666666666,74.20833333333333,167.85,2.8083333333333336,3.9625000000000004,280.7083333333333,300.9583333333333,16.729166666666668,0.13416666666666668,0.11416666666666668,17.091666666666665,16.925,16.675,16.2,0.3112916666666667,0.31283333333333335,0.3237083333333333,0.342
2022-11-10,t,13.275,93.70833333333333,12.275,15.012500000000001,1016.3583333333332,745.0291666666667,0.0,90.375,68.79166666666667,23.916666666666668,95.66666666666667,202.5,115.91666666666667,86.58333333333333,151.10833333333332,2.529166666666667,3.783333333333333,205.83333333333334,236.375,16.441666666666666,0.13208333333333333,0.09916666666666667,17.383333333333333,17.166666666666668,16.729166666666668,16.2,0.310625,0.31379166666666664,0.313375,0.3411666666666667
2022-11-11,t,13.208333333333334,93.375,12.145833333333334,14.666666666666666,1015.8666666666667,744.5583333333334,0.0,81.875,57.958333333333336,27.041666666666668,95.66666666666667,189.75,88.33333333333333,101.41666666666667,123.46249999999999,2.3125,3.3083333333333336,127.83333333333333,140.54166666666666,16.287499999999998,0.12458333333333332,0.10458333333333335,17.145833333333332,17.141666666666666,16.7625,16.2,0.32175,0.324,0.305375,0.34029166666666666
2022-11-12,t,13.266666666666666,92.25,11.991666666666667,14.720833333333333,1015.4041666666667,744.4125,0.0,98.20833333333333,83.04166666666667,28.333333333333332,93.66666666666667,183.70833333333334,93.83333333333333,89.875,133.925,3.283333333333333,5.091666666666667,197.5,297.6666666666667,20.270833333333332,0.12166666666666666,0.12833333333333333,17.058333333333334,17.0125,16.7875,16.2,0.3293333333333333,0.33345833333333336,0.30616666666666664,0.3393333333333333
2022-11-13,t,13.049999999999999,90.33333333333333,11.450000000000001,14.0625,1015.7708333333334,744.3333333333334,0.0,94.75,57.333333333333336,44.666666666666664,97.45833333333333,155.04166666666666,79.125,75.91666666666667,115.30833333333334,3.0500000000000003,4.7,264.9583333333333,292.0833333333333,17.983333333333334,0.10291666666666667,0.15333333333333335,16.570833333333333,16.7375,16.779166666666665,16.3,0.298625,0.31575000000000003,0.30795833333333333,0.3385416666666667
2022-11-14,t,13.045833333333334,94.33333333333333,12.141666666666666,14.041666666666666,1015.3041666666667,743.7416666666667,0.0,94.16666666666667,64.08333333333333,52.166666666666664,97.45833333333333,124.25,30.333333333333332,93.91666666666667,43.604166666666664,2.408333333333333,3.483333333333333,197.29166666666666,193.91666666666666,15.512500000000001,0.08333333333333333,0.08750000000000001,16.145833333333332,16.358333333333334,16.708333333333332,16.3,0.317375,0.3155,0.29891666666666666,0.337625
2022-11-15,t,13.345833333333333,92.95833333333333,12.200000000000001,15.116666666666667,1014.5458333333332,744.0333333333333,0.0,96.75,57.75,80.33333333333333,96.25,151.66666666666666,55.958333333333336,95.70833333333333,78.64583333333333,2.558333333333333,3.5666666666666664,151.375,138.41666666666666,16.195833333333333,0.10708333333333332,0.11291666666666667,16.270833333333332,16.349999999999998,16.608333333333334,16.3,0.34604166666666664,0.33879166666666666,0.3016666666666667,0.33666666666666667
2022-11-16,t,12.904166666666667,95.125,12.145833333333334,14.975,1014.6999999999999,743.9583333333334,0.0,95.58333333333333,53.041666666666664,66.58333333333333,92.125,146.5,60.416666666666664,86.08333333333333,84.52916666666667,2.6416666666666666,3.6916666666666664,132.75,137.95833333333334,16.079166666666666,0.10125,0.07291666666666667,15.862499999999999,16.079166666666666,16.516666666666666,16.3,0.35600000000000004,0.3564583333333333,0.3274166666666667,0.33604166666666674
2022-11-17,t,13.483333333333334,94.33333333333333,12.583333333333334,15.179166666666667,1014.7875,744.0541666666667,0.0,91.41666666666667,45.125,53.666666666666664,93.125,166.04166666666666,82.875,83.16666666666667,108.4375,2.4833333333333334,3.8833333333333333,152.45833333333334,141.45833333333334,18.416666666666668,0.11208333333333333,0.08791666666666666,16.4375,16.316666666666666,16.441666666666666,16.3,0.3425416666666667,0.3485,0.3448333333333333,0.33775
2022-11-18,t,13.6875,94.29166666666667,12.7875,15.783333333333333,1015.2166666666667,744.7791666666667,0.0,93.25,45.291666666666664,59.916666666666664,96.79166666666667,166.41666666666666,76.20833333333333,90.20833333333333,95.45,2.7458333333333336,3.8499999999999996,140.20833333333334,135.125,16.058333333333334,0.11416666666666668,0.08875,16.716666666666665,16.620833333333334,16.441666666666666,16.3,0.33866666666666667,0.3365,0.345625,0.3406666666666667
2022-11-20,t,12.170833333333334,94.375,11.295833333333334,13.0625,1016.2416666666667,743.8583333333332,0.0,99.25,60.041666666666664,96.04166666666667,99.75,40.291666666666664,0.3333333333333333,39.958333333333336,0.3625,2.3208333333333333,3.716666666666667,136.16666666666666,128.79166666666666,12.137500000000001,0.034166666666666665,0.07958333333333333,14.808333333333332,15.950000000000001,16.5625,16.3,0.35833333333333334,0.35941666666666666,0.38070833333333337,0.3605
2022-11-21,t,12.0625,92.58333333333333,10.866666666666667,13.674999999999999,1016.8291666666668,744.6833333333334,0.0,83.20833333333333,41.916666666666664,44.791666666666664,94.375,175.375,84.95833333333333,90.41666666666667,115.39583333333333,2.1791666666666667,3.1666666666666665,163.08333333333334,197.625,16.120833333333334,0.11458333333333333,0.10875,15.283333333333333,15.404166666666667,16.325,16.3,0.30720833333333336,0.2933333333333333,0.34879166666666667,0.36904166666666666
2022-11-22,t,12.691304347826087,90.0,11.043478260869565,14.191304347826087,1017.295652173913,745.3391304347825,0.0,78.04347826086956,51.0,31.130434782608695,69.52173913043478,222.7826086956522,148.17391304347825,74.6086956521739,214.22173913043477,2.408695652173913,3.130434782608696,218.08695652173913,250.91304347826087,17.51304347826087,0.14217391304347826,0.15739130434782608,16.41304347826087,16.078260869565216,16.23913043478261,16.3,0.31130434782608696,0.3050434782608696,0.3077391304347826,0.36647826086956525
2022-11-23,t,12.929166666666667,94.04166666666667,11.991666666666667,14.170833333333334,1017.8000000000001,745.6875,0.0,86.125,61.875,46.125,73.95833333333333,163.125,88.04166666666667,75.08333333333333,132.48333333333332,2.858333333333334,3.65,195.45833333333334,146.875,17.841666666666665,0.10708333333333335,0.08958333333333333,16.3875,16.325,16.254166666666666,16.3,0.33025,0.32633333333333336,0.28095833333333337,0.36241666666666666
2022-11-24,t,12.674999999999999,95.16666666666667,11.920833333333334,13.766666666666666,1018.7416666666667,746.0708333333333,0.0,91.91666666666667,60.833333333333336,52.583333333333336,95.375,130.75,28.75,102.0,44.20416666666667,2.5875,3.8249999999999997,210.54166666666666,212.41666666666666,15.375,0.08583333333333333,0.07208333333333333,15.779166666666667,16.054166666666667,16.2625,16.3,0.335375,0.334,0.27525000000000005,0.35837499999999994
2022-11-25,t,12.916666666666666,90.58333333333333,11.383333333333333,14.125,1018.3874999999999,746.0333333333333,0.0,82.125,42.125,33.375,89.5,183.95833333333334,109.08333333333333,74.875,142.5875,1.9625000000000001,2.7083333333333335,224.08333333333334,226.16666666666666,15.625,0.12125000000000001,0.14541666666666667,16.391666666666666,16.233333333333334,16.224999999999998,16.3,0.31254166666666666,0.313375,0.266625,0.3546666666666667
2022-11-26,t,12.1625,94.08333333333333,11.237499999999999,13.950000000000001,1017.4250000000001,745.1750000000001,0.0,86.70833333333333,64.45833333333333,36.625,95.125,104.83333333333333,17.791666666666668,87.04166666666667,26.395833333333332,1.8333333333333333,2.4499999999999997,150.41666666666666,165.04166666666666,14.095833333333333,0.07416666666666667,0.08333333333333333,15.029166666666667,15.591666666666667,16.2,16.3,0.3136666666666667,0.30895833333333333,0.25466666666666665,0.35112499999999996
2022-11-27,t,13.049999999999999,91.66666666666667,11.691666666666668,14.970833333333333,1015.7458333333334,744.6958333333333,0.0,84.125,55.666666666666664,24.0,92.83333333333333,224.33333333333334,146.79166666666666,77.54166666666667,200.20416666666668,2.7583333333333333,3.9291666666666667,165.95833333333334,167.95833333333334,18.504166666666666,0.14666666666666667,0.13333333333333333,16.7125,16.158333333333335,16.120833333333334,16.3,0.3307083333333333,0.3223333333333333,0.2490416666666667,0.347625
2022-11-28,t,12.665217391304349,93.30434782608695,11.56086956521739,14.347826086956522,1015.3391304347825,744.008695652174,0.0,92.21739130434783,58.08695652173913,72.17391304347827,85.65217391304348,177.43478260869566,103.78260869565217,73.65217391304348,147.84347826086957,2.3956521739130436,3.426086956521739,181.8695652173913,178.7391304347826,15.808695652173913,0.11869565217391305,0.10304347826086957,16.347826086956523,16.42608695652174,16.18695652173913,16.3,0.33956521739130435,0.3348260869565218,0.26217391304347826,0.34478260869565214
2022-11-29,t,12.845833333333333,91.5,11.470833333333333,13.924999999999999,1015.125,743.6041666666666,0.0,94.45833333333333,34.958333333333336,86.29166666666667,83.5,124.04166666666667,36.791666666666664,87.25,64.2375,1.8166666666666667,2.620833333333333,169.54166666666666,162.66666666666666,13.383333333333333,0.085,0.12833333333333333,15.683333333333332,15.920833333333334,16.2,16.3,0.33687500000000004,0.33404166666666674,0.2776666666666667,0.3425
2022-11-30,t,13.441666666666668,90.04166666666667,11.775,14.1875,1013.6208333333334,742.7291666666666,0.0,86.45833333333333,30.833333333333332,66.0,90.41666666666667,185.625,100.95833333333333,84.66666666666667,135.35833333333332,2.8000000000000003,4.1375,113.79166666666667,113.20833333333333,15.950000000000001,0.12208333333333334,0.16125,16.466666666666665,16.2625,16.154166666666665,16.3,0.3305416666666667,0.32666666666666666,0.28229166666666666,0.34075000000000005
2022-12-01,t,13.225,83.20833333333333,10.345833333333333,14.104166666666666,1012.4166666666666,742.2291666666666,0.0,68.41666666666667,16.541666666666668,39.375,99.83333333333333,193.125,92.75,100.375,117.32083333333333,4.129166666666666,6.645833333333333,101.625,104.16666666666667,19.400000000000002,0.13041666666666668,0.26916666666666667,16.145833333333332,16.183333333333334,16.191666666666666,16.3,0.33216666666666667,0.32683333333333336,0.28420833333333334,0.3393333333333333
2022-12-02,t,12.679166666666667,91.58333333333333,11.325000000000001,14.266666666666666,1013.5916666666667,742.8375,0.0,85.75,46.541666666666664,62.083333333333336,95.875,173.20833333333334,102.0,71.20833333333333,126.15833333333335,2.6750000000000003,4.2875000000000005,189.54166666666666,210.5,16.716666666666665,0.11583333333333334,0.12708333333333335,15.904166666666667,16.041666666666668,16.2,16.3,0.36200000000000004,0.35874999999999996,0.318,0.33804166666666674
2022-12-03,t,12.595652173913043,93.65217391304348,11.569565217391306,14.06086956521739,1014.0304347826087,742.8000000000001,0.0,76.21739130434783,60.391304347826086,47.130434782608695,81.82608695652173,198.95652173913044,132.56521739130434,66.3913043478261,187.1304347826087,3.108695652173913,4.508695652173913,193.6086956521739,221.47826086956522,18.682608695652174,0.12695652173913044,0.0965217391304348,16.547826086956523,16.343478260869563,16.169565217391302,16.3,0.34595652173913044,0.3494347826086957,0.3399130434782609,0.3399130434782609
2022-12-04,t,12.866666666666667,93.08333333333333,11.75,14.741666666666667,1014.7583333333333,743.8833333333333,0.0,95.54166666666667,62.125,74.41666666666667,99.5,164.45833333333334,71.25,93.20833333333333,107.71249999999999,2.779166666666667,4.004166666666666,267.4166666666667,286.1666666666667,15.1,0.10875,0.10791666666666666,16.379166666666666,16.400000000000002,16.233333333333334,16.3,0.32666666666666666,0.3314166666666667,0.35012499999999996,0.34470833333333334
2022-12-05,t,12.504166666666668,93.70833333333333,11.479166666666666,13.941666666666668,1014.9125,743.525,0.0,99.45833333333333,76.54166666666667,50.333333333333336,96.5,175.91666666666666,68.41666666666667,107.5,92.6375,2.9291666666666667,4.133333333333334,225.20833333333334,268.6666666666667,16.1125,0.11583333333333333,0.09666666666666668,16.183333333333334,16.283333333333335,16.245833333333334,16.3,0.319875,0.31420833333333337,0.341625,0.3459999999999999
2022-12-06,t,12.758333333333333,92.45833333333333,11.541666666666666,14.233333333333334,1014.3458333333333,743.2291666666666,0.0,83.25,60.916666666666664,21.125,99.54166666666667,203.66666666666666,118.29166666666667,85.375,171.78333333333333,2.8083333333333336,4.2124999999999995,161.16666666666666,130.29166666666666,16.395833333333332,0.12791666666666665,0.11375,16.445833333333333,16.254166666666666,16.241666666666667,16.3,0.31679166666666664,0.313625,0.3312916666666667,0.3459999999999999
2022-12-07,t,13.233333333333334,91.79166666666667,11.895833333333334,15.333333333333334,1014.0875,743.6291666666666,0.0,89.04166666666667,77.83333333333333,16.875,77.0,242.5,172.33333333333334,70.16666666666667,232.57500000000002,2.966666666666667,4.129166666666666,193.54166666666666,161.41666666666666,18.0125,0.1575,0.13166666666666668,17.429166666666667,16.891666666666666,16.304166666666667,16.3,0.3213333333333333,0.32325,0.319875,0.345375
2022-12-08,t,13.424999999999999,94.0,12.470833333333333,15.504166666666668,1014.0,743.6625,0.0,96.16666666666667,54.541666666666664,64.95833333333333,94.79166666666667,177.75,86.54166666666667,91.20833333333333,118.99166666666667,2.7416666666666667,4.029166666666667,214.29166666666666,149.70833333333334,16.854166666666668,0.11791666666666667,0.09333333333333334,17.224999999999998,17.116666666666667,16.441666666666666,16.3,0.33825,0.3403333333333333,0.31720833333333337,0.34441666666666665
2022-12-09,t,13.325000000000001,95.79166666666667,12.658333333333333,15.216666666666667,1014.2125,743.5583333333334,0.0,97.91666666666667,55.083333333333336,66.125,95.91666666666667,167.5,74.54166666666667,92.95833333333333,103.22500000000001,2.341666666666667,3.5041666666666664,130.91666666666666,127.41666666666667,18.645833333333332,0.11458333333333333,0.06541666666666666,16.787499999999998,16.779166666666665,16.529166666666665,16.3,0.33808333333333335,0.3424583333333333,0.3249166666666667,0.34400000000000003
2022-12-10,t,13.095833333333333,95.58333333333333,12.408333333333333,14.65,1015.2791666666667,744.1,0.0,97.41666666666667,42.791666666666664,86.29166666666667,95.79166666666667,127.375,47.291666666666664,80.08333333333333,57.020833333333336,2.2125,3.4,242.95833333333334,224.0,14.6875,0.08583333333333333,0.06541666666666666,16.079166666666666,16.337500000000002,16.504166666666666,16.3,0.34450000000000003,0.34679166666666666,0.3332916666666667,0.34400000000000003
2022-12-11,t,12.950000000000001,93.41666666666667,11.875,14.416666666666666,1015.5333333333333,744.1583333333333,0.0,88.33333333333333,54.708333333333336,35.916666666666664,97.375,191.91666666666666,110.08333333333333,81.83333333333333,159.85,2.245833333333333,3.108333333333333,252.125,264.9166666666667,16.433333333333334,0.12375000000000001,0.10333333333333333,16.666666666666668,16.495833333333334,16.466666666666665,16.3,0.341625,0.34470833333333334,0.3375000000000001,0.34400000000000003
2022-12-12,t,12.612499999999999,94.41666666666667,11.741666666666667,13.987499999999999,1016.025,744.2833333333333,0.0,99.41666666666667,58.0,84.875,96.83333333333333,109.95833333333333,22.75,87.20833333333333,31.816666666666666,2.4541666666666666,3.6291666666666664,235.95833333333334,234.29166666666666,15.145833333333334,0.0775,0.0825,15.6,15.983333333333334,16.425,16.3,0.34345833333333337,0.3443333333333333,0.34175,0.3441666666666667
2022-12-13,t,12.625,94.33333333333333,11.725,13.65,1016.1333333333333,744.125,0.0,96.79166666666667,64.20833333333333,61.458333333333336,98.95833333333333,137.875,44.708333333333336,93.16666666666667,73.65,1.8333333333333333,2.158333333333333,203.625,169.83333333333334,15.533333333333333,0.09083333333333334,0.08375,15.741666666666667,15.908333333333333,16.316666666666666,16.3,0.338625,0.342,0.34370833333333334,0.345
2022-12-14,t,12.616666666666667,95.04166666666667,11.8125,14.516666666666666,1015.0375,743.8416666666667,0.0,88.5,65.08333333333333,26.875,96.375,203.91666666666666,120.25,83.66666666666667,168.54166666666666,2.6083333333333334,3.3208333333333333,141.375,163.41666666666666,16.570833333333333,0.13041666666666668,0.07541666666666667,16.287499999999998,16.150000000000002,16.2625,16.3,0.3320416666666667,0.33899999999999997,0.343375,0.345
2022-12-15,t,12.620833333333332,93.83333333333333,11.654166666666667,13.9,1013.4291666666667,742.3166666666666,0.0,89.375,51.083333333333336,56.208333333333336,97.58333333333333,178.04166666666666,90.25,87.79166666666667,130.53333333333333,2.6166666666666667,3.6791666666666667,131.0,121.125,15.866666666666667,0.11375,0.08916666666666667,16.079166666666666,16.133333333333333,16.258333333333333,16.3,0.31704166666666667,0.32179166666666664,0.34004166666666674,0.3449583333333333
2022-12-16,t,12.908333333333333,94.20833333333333,11.975,14.299999999999999,1012.9708333333333,742.2041666666668,0.0,79.5,48.416666666666664,48.625,76.70833333333333,170.75,90.0,80.75,143.4375,2.3291666666666666,3.3333333333333335,121.91666666666667,115.66666666666667,15.166666666666666,0.11166666666666668,0.08875,16.341666666666665,16.25,16.241666666666667,16.3,0.32541666666666663,0.3209166666666667,0.331125,0.34400000000000003
2022-12-17,t,12.975,93.58333333333333,11.920833333333334,14.054166666666667,1012.9916666666667,742.2125,0.0,95.66666666666667,72.04166666666667,42.666666666666664,90.125,176.625,101.75,74.875,144.24166666666665,3.283333333333333,4.504166666666666,190.79166666666666,232.0,17.616666666666667,0.11791666666666667,0.10291666666666667,16.462500000000002,16.429166666666667,16.2625,16.3,0.3315416666666667,0.33791666666666664,0.3262083333333334,0.34400000000000003
2022-12-19,t,12.845833333333333,94.83333333333333,12.049999999999999,14.450000000000001,1012.6958333333333,742.0791666666668,0.0,94.54166666666667,57.458333333333336,62.375,98.625,143.125,47.041666666666664,96.08333333333333,66.46249999999999,1.9916666666666665,3.0,177.04166666666666,188.54166666666666,15.325000000000001,0.09666666666666666,0.07583333333333334,15.975,16.133333333333333,16.3,16.3,0.32758333333333334,0.3256666666666667,0.31575000000000003,0.342625
2022-12-20,t,13.174999999999999,94.54166666666667,12.304166666666667,14.9375,1012.0916666666667,741.9208333333332,0.0,98.70833333333333,66.04166666666667,86.25,98.125,136.58333333333334,48.291666666666664,88.29166666666667,69.15416666666667,2.1958333333333333,3.0625,127.125,151.375,15.666666666666666,0.09333333333333334,0.08416666666666667,16.120833333333334,16.091666666666665,16.254166666666666,16.3,0.34641666666666665,0.341625,0.31625,0.34195833333333336
2022-12-21,t,13.4375,93.75,12.429166666666667,14.533333333333333,1011.85,741.5958333333333,0.0,96.41666666666667,29.833333333333332,93.41666666666667,100.0,135.875,34.208333333333336,101.66666666666667,41.204166666666666,2.9125,4.6000000000000005,264.75,281.6666666666667,19.6125,0.09291666666666666,0.09958333333333334,16.104166666666668,16.145833333333332,16.229166666666668,16.3,0.3442083333333334,0.347875,0.3279166666666667,0.341
2022-12-22,t,13.895652173913044,90.1304347826087,12.252173913043478,15.534782608695652,1012.9782608695652,743.0521739130435,0.0,87.65217391304348,21.782608695652176,82.34782608695652,89.21739130434783,196.6086956521739,101.0,95.6086956521739,145.23478260869567,2.11304347826087,3.4782608695652173,158.30434782608697,223.04347826086956,18.678260869565218,0.13043478260869565,0.16608695652173913,16.882608695652173,16.48695652173913,16.23478260869565,16.3,0.33595652173913043,0.34247826086956523,0.3359130434782609,0.341
2021-08-02,sa,25.733333333333334,81.875,22.3,29.40833333333333,1007.1708333333332,1002.9291666666667,0.0,48.208333333333336,37.291666666666664,26.541666666666668,0.2916666666666667,177.875,83.79166666666667,94.08333333333333,128.99583333333334,13.820833333333333,19.75,135.66666666666666,143.95833333333334,25.195833333333336,0.13416666666666668,0.6433333333333333,26.27916666666667,25.1375,21.325,14.191666666666665,0.18841666666666668,0.17174999999999999,0.255,0.3753333333333333
2021-08-03,sa,26.695833333333336,82.08333333333333,23.191666666666666,31.433333333333334,1010.0500000000001,1005.7875,0.0,30.5,11.916666666666666,18.208333333333332,29.0,250.16666666666666,169.875,80.29166666666667,253.975,6.1125,8.220833333333333,227.54166666666666,226.20833333333334,16.008333333333333,0.17666666666666667,0.6966666666666667,27.3875,25.46666666666667,21.429166666666664,14.3375,0.19841666666666666,0.17079166666666667,0.2534166666666667,0.37483333333333335
2021-08-04,sa,25.366666666666664,89.83333333333333,23.5,30.745833333333334,1008.9625,1004.6750000000001,0.0,57.541666666666664,35.5,21.458333333333332,45.916666666666664,139.83333333333334,44.958333333333336,94.875,74.50416666666668,4.258333333333334,5.258333333333334,246.91666666666666,248.45833333333334,15.170833333333334,0.09916666666666667,0.3545833333333333,26.229166666666668,25.516666666666666,21.55,14.466666666666667,0.28641666666666665,0.18308333333333335,0.252375,0.37399999999999994
2021-08-05,sa,26.120833333333334,87.875,23.829166666666666,32.4375,1006.3833333333333,1002.1541666666667,0.0,30.833333333333332,11.416666666666666,17.458333333333332,33.375,225.33333333333334,151.79166666666666,73.54166666666667,218.50833333333333,5.391666666666667,7.4624999999999995,214.54166666666666,216.79166666666666,15.9375,0.16,0.4604166666666667,26.691666666666666,25.3875,21.645833333333332,14.616666666666667,0.3153333333333333,0.21995833333333334,0.25229166666666664,0.37375
2021-08-06,sa,27.066666666666666,83.58333333333333,23.879166666666666,32.94583333333333,1006.3666666666667,1002.1458333333334,0.0,26.375,20.25,7.416666666666667,12.083333333333334,224.83333333333334,152.0,72.83333333333333,228.85833333333335,5.8125,8.508333333333333,121.16666666666667,135.25,15.570833333333333,0.1625,0.6570833333333334,27.316666666666666,25.8,21.78333333333333,14.75,0.2884583333333333,0.22358333333333333,0.25145833333333334,0.373
2021-08-07,sa,26.425,82.25,22.9875,30.541666666666668,1006.4416666666666,1002.2041666666668,0.0,23.458333333333332,11.833333333333334,6.166666666666667,30.125,271.375,207.75,63.625,309.4541666666667,16.683333333333334,23.2375,136.375,142.70833333333334,29.233333333333334,0.19958333333333333,0.6687500000000001,27.358333333333334,26.087500000000002,21.94583333333333,14.883333333333333,0.2607083333333334,0.22158333333333333,0.25045833333333334,0.37245833333333334
2021-08-08,sa,25.22083333333333,79.08333333333333,21.254166666666666,27.941666666666666,1005.9458333333333,1001.6958333333333,0.0,56.958333333333336,28.333333333333332,35.666666666666664,37.666666666666664,200.375,110.95833333333333,89.41666666666667,175.7125,18.208333333333332,25.71666666666667,144.5,149.25,33.395833333333336,0.16041666666666668,0.7004166666666666,26.2,25.641666666666666,22.100000000000005,15.033333333333333,0.23866666666666667,0.2177083333333333,0.24941666666666665,0.37200000000000005
2021-08-09,sa,21.708333333333332,84.45833333333333,18.895833333333332,24.258333333333336,1005.3583333333332,1001.0583333333334,0.0,92.04166666666667,20.291666666666668,79.54166666666667,97.29166666666667,89.16666666666667,9.916666666666666,79.25,15.941666666666668,12.470833333333333,16.212500000000002,118.0,118.91666666666667,23.329166666666666,0.08416666666666667,0.42375,23.366666666666664,24.229166666666668,22.100000000000005,15.1625,0.28025,0.216875,0.249,0.3713333333333333
2021-08-10,sa,16.666666666666668,86.95833333333333,14.4625,17.141666666666666,1003.65,999.3208333333333,0.0,94.79166666666667,21.0,98.95833333333333,83.66666666666667,24.708333333333332,0.08333333333333333,24.625,0.21666666666666667,16.6375,21.054166666666667,49.916666666666664,61.333333333333336,32.775,0.049999999999999996,0.24541666666666664,18.870833333333334,21.025000000000002,21.837500000000002,15.295833333333334,0.413375,0.3695,0.25675,0.371
2021-08-11,sa,17.379166666666666,72.125,12.141666666666666,17.229166666666668,1014.4166666666666,1010.0375,0.0,44.791666666666664,22.875,19.916666666666668,46.333333333333336,226.29166666666666,121.625,104.66666666666667,192.42916666666667,13.987499999999999,16.670833333333334,58.541666666666664,58.291666666666664,25.633333333333336,0.16166666666666665,0.5854166666666667,18.791666666666668,19.520833333333332,21.266666666666666,15.424999999999999,0.3870416666666667,0.3895,0.272125,0.370625
2021-08-12,sa,17.891666666666666,76.91666666666667,13.674999999999999,18.870833333333334,1016.6666666666666,1012.2666666666668,0.0,35.25,17.583333333333332,20.166666666666668,24.291666666666668,205.54166666666666,128.58333333333334,76.95833333333333,209.92916666666667,8.758333333333333,12.216666666666667,141.41666666666666,147.875,19.408333333333335,0.13875,0.5020833333333333,18.883333333333333,19.208333333333332,20.733333333333334,15.533333333333333,0.3685,0.370625,0.27587500000000004,0.36999999999999994
2021-08-13,sa,17.558333333333334,75.91666666666667,13.133333333333333,17.716666666666665,1016.0083333333333,1011.6208333333334,0.0,40.375,24.916666666666668,19.416666666666668,20.791666666666668,227.125,141.79166666666666,85.33333333333333,229.0,14.487499999999999,19.120833333333334,143.41666666666666,146.66666666666666,26.241666666666664,0.16,0.5116666666666666,19.2,19.433333333333334,20.304166666666667,15.625,0.35145833333333326,0.35708333333333336,0.2776666666666667,0.36999999999999994
2021-08-14,sa,17.891666666666666,73.75,12.920833333333334,18.683333333333334,1014.4875000000001,1010.1083333333332,0.0,54.166666666666664,33.958333333333336,24.666666666666668,29.083333333333332,213.66666666666666,139.33333333333334,74.33333333333333,210.71666666666667,9.566666666666666,12.575000000000001,133.08333333333334,141.04166666666666,19.162499999999998,0.14166666666666666,0.575,19.466666666666665,19.537499999999998,19.970833333333335,15.712499999999999,0.3345833333333333,0.3443333333333333,0.27808333333333335,0.36929166666666663
2021-08-15,sa,18.316666666666666,78.5,14.416666666666666,20.733333333333334,1016.4499999999999,1012.0500000000001,0.0,90.25,66.16666666666667,78.95833333333333,0.25,129.83333333333334,41.375,88.45833333333333,64.27916666666667,4.0625,5.979166666666667,152.5,156.16666666666666,13.579166666666666,0.09000000000000001,0.47333333333333333,19.537499999999998,19.483333333333334,19.712500000000002,15.800000000000002,0.3240416666666667,0.33441666666666664,0.279,0.369
2021-08-16,sa,18.2,81.45833333333333,14.924999999999999,19.591666666666665,1019.0833333333334,1014.6833333333334,0.0,76.5,54.541666666666664,55.458333333333336,18.791666666666668,120.79166666666667,48.166666666666664,72.625,71.93333333333334,11.891666666666666,15.833333333333334,153.20833333333334,156.20833333333334,22.599999999999998,0.09708333333333334,0.39875,19.125,19.470833333333335,19.516666666666666,15.887500000000001,0.3197083333333333,0.32745833333333335,0.279,0.369
2021-08-17,sa,18.537499999999998,80.95833333333333,15.1,19.662499999999998,1018.0708333333333,1013.6875,0.0,59.833333333333336,42.291666666666664,6.0,60.291666666666664,184.16666666666666,81.25,102.91666666666667,132.10416666666666,13.6625,18.066666666666666,138.54166666666666,142.0,24.129166666666666,0.13125,0.4354166666666666,19.479166666666668,19.308333333333334,19.320833333333333,15.941666666666668,0.31075,0.32045833333333335,0.279,0.3680833333333333
2021-08-18,sa,17.408333333333335,90.41666666666667,15.841666666666667,19.375,1012.7166666666667,1008.3166666666666,0.0,97.16666666666667,50.25,89.29166666666667,76.41666666666667,33.708333333333336,0.7916666666666666,32.916666666666664,1.0999999999999999,10.5625,14.570833333333333,121.33333333333333,125.83333333333333,21.962500000000002,0.04125,0.18958333333333333,18.033333333333335,18.754166666666666,19.133333333333333,16.0,0.3937083333333333,0.35991666666666666,0.280125,0.36800000000000005
2021-08-19,sa,19.0125,85.91666666666667,16.462500000000002,20.841666666666665,1014.6458333333334,1010.2791666666667,0.0,42.166666666666664,32.458333333333336,3.4166666666666665,36.083333333333336,223.375,145.04166666666666,78.33333333333333,234.22083333333333,11.541666666666666,15.004166666666668,302.9166666666667,311.2916666666667,21.004166666666666,0.13125,0.3475,19.570833333333333,19.087500000000002,18.925,16.083333333333332,0.39841666666666664,0.39887500000000004,0.28875,0.36800000000000005
2021-08-20,sa,20.1875,80.5,16.304166666666667,23.116666666666664,1018.3666666666667,1014.0041666666666,0.0,32.5,18.041666666666668,0.0,53.833333333333336,271.5,194.25,77.25,297.50416666666666,5.608333333333333,8.1875,130.54166666666666,126.875,12.391666666666666,0.17375,0.5795833333333333,21.045833333333334,20.004166666666666,18.866666666666664,16.108333333333334,0.3714166666666667,0.377375,0.293,0.3673333333333333
2021-08-21,sa,20.995833333333334,76.91666666666667,16.645833333333332,22.683333333333334,1016.4583333333334,1012.125,0.0,23.0,6.083333333333333,14.0,30.25,251.75,181.25,70.5,285.46666666666664,16.1375,23.645833333333332,135.0,143.79166666666666,29.370833333333334,0.18291666666666664,0.6170833333333333,21.433333333333334,20.662499999999998,18.941666666666666,16.2,0.35079166666666667,0.36083333333333334,0.294,0.367
2021-08-22,sa,19.724999999999998,78.125,15.700000000000001,19.5125,1011.5416666666666,1007.2041666666668,0.0,59.208333333333336,6.5,47.375,83.20833333333333,201.41666666666666,134.83333333333334,66.58333333333333,197.29999999999998,25.34166666666667,35.0875,142.5,148.54166666666666,45.07916666666667,0.1525,0.5254166666666666,20.708333333333332,20.662499999999998,19.066666666666666,16.233333333333334,0.34195833333333336,0.3471666666666666,0.294375,0.367
2021-08-23,sa,20.1,88.33333333333333,18.083333333333332,22.791666666666668,1010.2166666666667,1005.9125,0.0,69.375,41.0,34.708333333333336,42.833333333333336,161.70833333333334,90.125,71.58333333333333,143.15416666666667,12.924999999999999,17.837500000000002,147.625,156.125,27.349999999999998,0.105,0.2866666666666667,20.533333333333335,20.208333333333332,19.1,16.3,0.3809166666666666,0.35125,0.295,0.366625
2021-08-24,sa,20.866666666666667,83.83333333333333,17.966666666666665,22.758333333333336,1011.7875,1007.4666666666667,0.0,72.58333333333333,57.875,6.416666666666667,56.583333333333336,188.41666666666666,99.58333333333333,88.83333333333333,157.85,15.370833333333332,20.841666666666665,138.875,143.79166666666666,25.433333333333334,0.12708333333333333,0.4191666666666667,21.304166666666667,20.558333333333334,19.133333333333336,16.354166666666668,0.3602916666666667,0.35312499999999997,0.2959583333333333,0.36599999999999994
2021-08-25,sa,19.695833333333333,88.45833333333333,17.724999999999998,21.325,1007.9958333333334,1003.6958333333333,0.0,98.79166666666667,70.95833333333333,75.58333333333333,51.833333333333336,41.916666666666664,6.916666666666667,35.0,15.6625,18.970833333333335,28.070833333333336,112.91666666666667,119.16666666666667,34.2375,0.05416666666666667,0.26625000000000004,19.650000000000002,20.029166666666665,19.2,16.4,0.386125,0.3565,0.29666666666666663,0.36599999999999994
2021-08-26,sa,22.245833333333334,88.375,20.17083333333333,24.741666666666664,1007.525,1003.225,0.0,69.29166666666667,60.416666666666664,23.833333333333332,28.416666666666668,171.83333333333334,104.375,67.45833333333333,167.28333333333333,13.929166666666667,19.641666666666666,238.91666666666666,243.375,26.037499999999998,0.10916666666666668,0.3425,21.983333333333334,20.754166666666666,19.183333333333334,16.479166666666668,0.37224999999999997,0.3609583333333333,0.2980833333333333,0.36599999999999994
2021-08-27,sa,21.545833333333334,86.0,19.004166666666666,25.1375,1009.0166666666668,1004.7166666666667,0.0,70.45833333333333,20.291666666666668,49.166666666666664,89.0,118.66666666666667,26.75,91.91666666666667,41.987500000000004,7.954166666666667,11.845833333333333,202.5,209.95833333333334,14.6875,0.08833333333333333,0.3870833333333333,21.633333333333336,21.041666666666668,19.3125,16.5,0.355625,0.35483333333333333,0.299,0.36566666666666664
2021-08-28,sa,22.650000000000002,82.125,19.1125,26.108333333333334,1005.8083333333334,1001.5458333333332,0.0,8.375,4.041666666666667,4.625,6.083333333333333,238.875,182.91666666666666,55.958333333333336,298.25,12.295833333333334,17.695833333333333,233.75,238.75,20.979166666666668,0.17375,0.57875,22.775000000000002,21.849999999999998,19.458333333333332,16.6,0.34108333333333335,0.3460833333333333,0.2993333333333333,0.365
2021-08-29,sa,21.78333333333333,82.75,18.454166666666666,25.474999999999998,1008.2333333333332,1003.9416666666666,0.0,32.75,1.7083333333333333,20.25,63.416666666666664,223.58333333333334,156.79166666666666,66.79166666666667,247.15833333333333,10.304166666666667,15.299999999999999,223.45833333333334,229.5,19.599999999999998,0.15708333333333332,0.5216666666666666,22.133333333333336,21.570833333333336,19.629166666666666,16.629166666666666,0.32758333333333334,0.3361666666666667,0.299,0.365
2021-08-30,sa,22.258333333333336,82.79166666666667,19.037499999999998,24.72083333333333,1008.3583333333332,1004.0666666666666,0.0,20.833333333333332,3.2083333333333335,17.25,25.25,221.58333333333334,163.625,57.958333333333336,263.5208333333333,11.883333333333333,16.229166666666668,221.45833333333334,227.16666666666666,23.7375,0.15708333333333332,0.5087499999999999,22.441666666666666,21.820833333333336,19.745833333333334,16.7,0.31879166666666664,0.327375,0.29841666666666666,0.365
2021-08-31,sa,18.770833333333332,77.08333333333333,14.487499999999999,18.920833333333334,1010.4541666666668,1006.1291666666666,0.0,45.541666666666664,25.541666666666668,35.75,3.5416666666666665,201.41666666666666,141.625,59.791666666666664,232.375,22.150000000000002,28.84166666666667,287.6666666666667,288.7083333333333,40.15416666666667,0.16083333333333333,0.5195833333333334,20.041666666666668,20.666666666666668,19.8,16.766666666666666,0.32154166666666667,0.32075000000000004,0.297625,0.36445833333333333
2021-09-01,sa,18.591666666666665,81.5,15.120833333333332,20.099999999999998,1011.8458333333333,1007.4916666666667,0.0,26.5,7.666666666666667,14.291666666666666,36.666666666666664,215.625,152.08333333333334,63.541666666666664,251.23749999999998,12.708333333333334,16.783333333333335,301.5,304.1666666666667,23.325,0.14416666666666667,0.4495833333333333,19.591666666666665,19.908333333333335,19.720833333333335,16.804166666666667,0.31054166666666666,0.31466666666666665,0.2972916666666667,0.36400000000000005
2021-09-02,sa,18.679166666666667,81.70833333333333,15.225,20.791666666666668,1012.0291666666667,1007.6750000000001,0.0,10.666666666666666,10.333333333333334,1.9583333333333333,0.25,244.08333333333334,189.83333333333334,54.25,308.1666666666667,6.2124999999999995,7.683333333333334,221.625,221.79166666666666,13.466666666666667,0.15041666666666667,0.4495833333333334,19.8875,19.695833333333333,19.6,16.9,0.29716666666666663,0.307625,0.29633333333333334,0.36400000000000005
2021-09-03,sa,19.070833333333333,82.375,15.725,21.729166666666668,1014.7541666666666,1010.3916666666668,0.0,13.541666666666666,8.25,9.958333333333334,0.3333333333333333,217.91666666666666,153.95833333333334,63.958333333333336,254.02083333333334,6.383333333333333,8.579166666666667,120.0,129.79166666666666,14.816666666666668,0.13791666666666666,0.45083333333333336,20.224999999999998,19.895833333333332,19.5,16.912499999999998,0.28583333333333333,0.300625,0.2953333333333333,0.36400000000000005
2021-09-04,sa,19.075,82.875,15.904166666666667,21.483333333333334,1019.2125,1014.8375,0.0,15.833333333333334,8.625,10.833333333333334,4.916666666666667,216.41666666666666,158.45833333333334,57.958333333333336,257.77916666666664,7.8125,10.549999999999999,132.375,140.79166666666666,17.175,0.13875,0.42083333333333334,20.587500000000002,20.266666666666666,19.441666666666666,17.0,0.276375,0.2937083333333333,0.29433333333333334,0.36308333333333337
2021-09-05,sa,18.820833333333333,80.95833333333333,15.333333333333334,21.45,1021.7666666666668,1017.3666666666667,0.0,28.625,18.208333333333332,16.916666666666668,6.458333333333333,222.45833333333334,165.08333333333334,57.375,277.6416666666667,4.829166666666667,5.954166666666667,177.375,167.5,14.049999999999999,0.13875,0.45208333333333334,20.337500000000002,20.162499999999998,19.404166666666665,17.008333333333333,0.26875,0.28754166666666664,0.292875,0.363
2021-09-06,sa,18.908333333333335,78.45833333333333,14.895833333333334,20.945833333333333,1020.7291666666666,1016.3291666666668,0.0,15.625,13.375,5.875,0.0,229.41666666666666,173.41666666666666,56.0,292.76666666666665,5.8625,7.370833333333334,223.79166666666666,228.70833333333334,13.258333333333333,0.145,0.5108333333333334,19.929166666666667,20.029166666666665,19.4,17.1,0.2631666666666667,0.28158333333333335,0.29154166666666664,0.363
2021-09-07,sa,18.875,78.75,14.875,20.516666666666666,1018.4499999999999,1014.0708333333333,0.0,34.041666666666664,7.708333333333333,3.0,84.375,213.91666666666666,129.375,84.54166666666667,205.75,7.75,10.270833333333334,116.95833333333333,124.25,16.349999999999998,0.14708333333333334,0.5120833333333333,20.075,19.708333333333332,19.325,17.1,0.25433333333333336,0.27558333333333335,0.2905,0.3625
2021-09-08,sa,18.204166666666666,76.125,13.883333333333333,17.354166666666668,1014.7125,1010.3125,0.0,70.83333333333333,34.833333333333336,44.125,43.208333333333336,115.79166666666667,28.75,87.04166666666667,51.53333333333333,23.766666666666666,31.3875,138.29166666666666,141.20833333333334,42.15833333333333,0.115,0.5041666666666667,19.095833333333335,19.516666666666666,19.3,17.191666666666666,0.24725,0.27087500000000003,0.28954166666666664,0.36199999999999993
2021-09-09,sa,19.4375,85.25,16.845833333333335,20.974999999999998,1012.0958333333333,1007.7333333333332,0.0,70.66666666666667,64.45833333333333,24.0,0.5,83.08333333333333,31.583333333333332,51.5,55.2875,9.5,12.291666666666666,182.45833333333334,184.16666666666666,18.716666666666665,0.06416666666666666,0.34,19.479166666666668,19.345833333333335,19.2,17.2,0.25270833333333337,0.2684166666666667,0.289,0.36199999999999993
2021-09-10,sa,19.720833333333335,84.08333333333333,16.766666666666666,21.870833333333334,1014.1541666666667,1009.7916666666666,0.0,23.291666666666668,24.208333333333332,0.0,4.833333333333333,200.375,132.625,67.75,236.3166666666667,9.025,11.566666666666668,313.1666666666667,321.0833333333333,15.658333333333333,0.12416666666666666,0.405,20.229166666666668,19.833333333333332,19.14166666666667,17.241666666666667,0.25145833333333334,0.2652083333333333,0.2884583333333333,0.36199999999999993
2021-09-11,sa,19.75,84.25,16.808333333333334,21.695833333333336,1011.1083333333332,1006.7791666666667,0.0,49.125,38.041666666666664,12.666666666666666,27.083333333333332,184.375,114.95833333333333,69.41666666666667,197.42083333333332,12.4375,17.279166666666665,151.0,155.20833333333334,25.5,0.12416666666666666,0.4170833333333333,20.212500000000002,19.75,19.108333333333334,17.3,0.24479166666666666,0.2607083333333334,0.287375,0.361375
2021-09-12,sa,19.133333333333333,86.20833333333333,16.729166666666668,20.358333333333334,1005.0375,1000.7166666666667,0.0,45.875,20.833333333333332,20.208333333333332,49.708333333333336,159.29166666666666,93.91666666666667,65.375,154.09166666666667,16.175,21.962500000000002,195.79166666666666,199.5,33.854166666666664,0.11333333333333334,0.32375,20.1125,20.104166666666668,19.150000000000002,17.3,0.2775,0.25825000000000004,0.28641666666666665,0.361
2021-09-13,sa,16.204166666666666,73.20833333333333,11.183333333333332,15.220833333333333,1014.1999999999999,1009.7875,0.0,61.208333333333336,44.333333333333336,22.375,30.708333333333332,187.0,132.125,54.875,218.39583333333334,21.7375,29.525000000000002,333.2083333333333,331.7083333333333,40.425000000000004,0.13416666666666668,0.5058333333333334,17.9375,18.983333333333334,19.125,17.370833333333334,0.29683333333333334,0.2589166666666667,0.28554166666666664,0.361
2021-09-14,sa,15.483333333333334,69.125,9.575000000000001,15.558333333333332,1020.8458333333333,1016.4166666666666,0.0,54.5,18.375,56.208333333333336,14.75,157.375,81.70833333333333,75.66666666666667,158.19166666666666,8.129166666666666,10.858333333333334,154.29166666666666,153.08333333333334,19.8125,0.11375,0.5791666666666667,16.212500000000002,17.420833333333334,18.912499999999998,17.4,0.2796666666666667,0.257875,0.28454166666666664,0.361
2021-09-15,sa,16.133333333333333,72.08333333333333,10.679166666666667,16.441666666666666,1020.8291666666668,1016.3916666666668,0.0,12.0,8.708333333333334,6.875,0.0,228.0,182.29166666666666,45.708333333333336,321.25,6.970833333333334,8.825000000000001,137.70833333333334,119.125,15.058333333333332,0.14333333333333334,0.5599999999999999,16.529166666666665,17.004166666666666,18.616666666666667,17.4,0.2657083333333334,0.2552083333333333,0.2835,0.3600833333333333
2021-09-16,sa,15.783333333333333,77.375,11.5625,15.858333333333334,1020.0749999999999,1015.6416666666668,0.0,59.541666666666664,21.458333333333332,26.708333333333332,80.41666666666667,172.79166666666666,74.08333333333333,98.70833333333333,125.54166666666667,12.579166666666666,16.616666666666667,144.5,144.33333333333334,23.587500000000002,0.12333333333333334,0.45249999999999996,16.89166666666667,16.979166666666668,18.354166666666668,17.4,0.25329166666666664,0.2522083333333333,0.2824583333333333,0.36000000000000004
2021-09-17,sa,17.304166666666667,72.41666666666667,12.233333333333334,16.641666666666666,1016.1916666666666,1011.7916666666666,0.0,74.25,32.0,36.541666666666664,92.375,142.66666666666666,59.625,83.04166666666667,99.30416666666667,19.666666666666668,26.47083333333333,139.70833333333334,141.95833333333334,36.074999999999996,0.12208333333333334,0.5537500000000001,17.808333333333334,17.629166666666666,18.208333333333332,17.4875,0.24358333333333335,0.24920833333333334,0.28150000000000003,0.36000000000000004
2021-09-18,sa,17.029166666666665,87.16666666666667,14.8375,18.608333333333334,1011.8291666666668,1007.4499999999999,0.0,44.041666666666664,29.75,27.25,25.125,135.75,76.70833333333333,59.041666666666664,136.76250000000002,11.683333333333335,16.045833333333334,184.625,184.29166666666666,20.491666666666667,0.08916666666666667,0.2608333333333333,17.766666666666666,17.991666666666667,18.104166666666668,17.5,0.26229166666666665,0.248,0.281,0.3595833333333333
2021-09-19,sa,16.829166666666666,78.54166666666667,12.799999999999999,17.045833333333334,1014.6833333333334,1010.2833333333333,0.0,17.333333333333332,5.583333333333333,3.1666666666666665,34.5,191.83333333333334,128.20833333333334,63.625,228.32083333333333,14.637500000000001,19.716666666666665,311.25,314.4166666666667,26.116666666666664,0.13375,0.45083333333333336,17.7375,17.933333333333334,18.09166666666667,17.5,0.2615416666666667,0.247125,0.28045833333333337,0.359
2021-09-20,sa,15.991666666666667,71.58333333333333,10.5625,15.683333333333335,1018.3833333333333,1013.975,0.0,23.708333333333332,7.791666666666667,16.166666666666668,23.166666666666668,214.95833333333334,166.66666666666666,48.291666666666664,301.325,11.745833333333332,14.583333333333334,285.9583333333333,290.2916666666667,21.650000000000002,0.14166666666666666,0.55625,16.520833333333332,17.233333333333334,17.979166666666668,17.5,0.24929166666666666,0.24433333333333332,0.2794166666666667,0.359
2021-09-21,sa,16.933333333333334,83.20833333333333,13.895833333333334,17.516666666666666,1014.4458333333333,1010.0500000000001,0.0,56.0,21.375,29.25,65.33333333333333,147.58333333333334,76.70833333333333,70.875,146.57500000000002,17.341666666666665,24.349999999999998,141.08333333333334,145.41666666666666,31.004166666666666,0.10583333333333333,0.36874999999999997,16.983333333333334,16.8125,17.825,17.5,0.23975,0.24175,0.2784166666666667,0.359
2021-09-22,sa,19.120833333333334,90.5,17.5125,20.45,1007.1,1002.8000000000001,0.0,80.83333333333333,25.083333333333332,56.208333333333336,85.625,51.041666666666664,9.291666666666666,41.75,25.129166666666666,18.554166666666667,27.7,147.58333333333334,153.5,37.63333333333333,0.04583333333333334,0.21583333333333332,18.508333333333333,17.970833333333335,17.8,17.5,0.2582083333333333,0.241125,0.278,0.3582916666666667
2021-09-23,sa,18.8,91.08333333333333,17.266666666666666,20.879166666666666,1009.0041666666666,1004.6666666666666,0.0,63.416666666666664,37.833333333333336,39.75,56.375,126.0,63.75,62.25,124.16666666666667,9.466666666666667,11.841666666666667,139.375,143.16666666666666,20.679166666666667,0.08333333333333333,0.21166666666666667,19.337500000000002,18.6875,17.829166666666666,17.5,0.35424999999999995,0.27770833333333333,0.278,0.35799999999999993
2021-09-24,sa,14.691666666666668,74.41666666666667,9.895833333333334,13.391666666666666,1021.6208333333334,1017.1708333333332,0.0,50.5,41.958333333333336,29.166666666666668,2.5416666666666665,194.95833333333334,150.16666666666666,44.791666666666664,259.1125,19.095833333333335,24.954166666666666,180.91666666666666,193.95833333333334,34.645833333333336,0.1325,0.45291666666666663,16.837500000000002,17.849999999999998,17.9,17.5,0.384875,0.358875,0.279,0.35799999999999993
2021-09-25,sa,14.762500000000001,72.41666666666667,9.608333333333333,14.725,1027.9708333333333,1023.4916666666667,0.0,31.291666666666668,28.5,4.625,9.416666666666666,175.29166666666666,116.70833333333333,58.583333333333336,232.92916666666667,7.8374999999999995,9.941666666666666,223.125,235.29166666666666,17.041666666666668,0.11166666666666668,0.5,15.495833333333332,16.5125,17.75,17.5,0.35575,0.35283333333333333,0.2803333333333334,0.35799999999999993
2021-09-26,sa,15.154166666666667,77.91666666666667,11.133333333333333,15.308333333333332,1024.7041666666667,1020.2416666666667,0.0,35.0,9.125,1.4166666666666667,86.16666666666667,154.54166666666666,61.0,93.54166666666667,106.54583333333333,11.441666666666668,15.883333333333333,142.04166666666666,143.5,20.195833333333333,0.105,0.4145833333333333,15.475,15.825000000000001,17.516666666666666,17.5,0.34179166666666666,0.34450000000000003,0.28125,0.35741666666666666
2021-09-27,sa,15.579166666666666,78.66666666666667,11.733333333333334,15.862499999999999,1021.5749999999999,1017.125,0.0,27.166666666666668,20.041666666666668,1.7916666666666667,26.625,177.66666666666666,124.875,52.791666666666664,247.37083333333337,13.9,20.462500000000002,137.54166666666666,142.45833333333334,27.991666666666664,0.11583333333333333,0.41875,16.099999999999998,16.258333333333333,17.325,17.5,0.33066666666666666,0.3365416666666667,0.282,0.357
2021-09-28,sa,16.55,81.25,13.208333333333334,16.816666666666666,1019.1541666666667,1014.7291666666666,0.0,62.25,31.583333333333332,16.083333333333332,80.91666666666667,149.125,62.125,87.0,114.77083333333333,16.3875,23.370833333333334,138.70833333333334,143.75,31.59166666666667,0.105,0.38083333333333336,16.683333333333334,16.558333333333334,17.2125,17.5,0.32158333333333333,0.3294166666666667,0.282,0.357
2021-09-29,sa,17.654166666666665,78.04166666666667,13.708333333333334,17.05,1014.6625,1010.2666666666668,0.0,74.91666666666667,32.0,38.041666666666664,85.875,162.20833333333334,99.375,62.833333333333336,177.45416666666665,22.645833333333332,31.912499999999998,138.58333333333334,142.625,41.987500000000004,0.11875000000000001,0.45875,17.900000000000002,17.354166666666668,17.2,17.5,0.3177083333333333,0.32279166666666664,0.28220833333333334,0.357
2021-09-30,sa,18.345833333333335,94.79166666666667,17.491666666666667,19.220833333333335,1004.7333333333332,1000.4083333333333,0.0,81.75,46.5,54.791666666666664,77.58333333333333,32.291666666666664,2.0,30.291666666666668,4.075,20.65,31.1875,199.83333333333334,205.125,41.125,0.03416666666666667,0.11166666666666668,17.866666666666667,17.695833333333333,17.283333333333335,17.5,0.41533333333333333,0.391,0.2871666666666666,0.35683333333333334
2021-10-01,sa,18.216666666666665,87.5,15.991666666666667,19.941666666666666,1008.3833333333333,1004.0208333333334,0.0,49.541666666666664,30.958333333333332,10.208333333333334,69.95833333333333,155.0,79.0,76.0,143.01250000000002,7.354166666666667,9.491666666666667,126.25,119.54166666666667,13.9375,0.09416666666666666,0.2916666666666667,18.55,18.058333333333334,17.341666666666665,17.5,0.39095833333333335,0.392125,0.2965,0.35600000000000004
2021-10-02,sa,16.17083333333333,84.45833333333333,13.504166666666668,16.129166666666666,1007.6333333333333,1003.25,0.0,63.083333333333336,44.541666666666664,53.791666666666664,19.583333333333332,98.70833333333333,52.208333333333336,46.5,103.81666666666666,17.529166666666665,23.5625,254.25,271.4166666666667,32.94166666666667,0.07833333333333334,0.29041666666666666,17.3625,17.854166666666668,17.483333333333334,17.5,0.3975416666666667,0.384875,0.30054166666666665,0.35600000000000004
2021-10-03,sa,15.908333333333333,68.125,9.858333333333333,14.945833333333333,1018.475,1014.0749999999999,0.0,32.375,6.916666666666667,28.0,30.958333333333332,162.45833333333334,116.5,45.958333333333336,234.90833333333333,18.75,25.84583333333333,243.16666666666666,246.66666666666666,33.32083333333333,0.14166666666666666,0.5958333333333333,16.39166666666667,16.845833333333335,17.429166666666664,17.5,0.3795,0.3780833333333333,0.3036666666666667,0.35600000000000004
2021-10-04,sa,19.070833333333333,84.125,16.220833333333335,19.645833333333332,1016.3333333333334,1011.9541666666668,0.0,79.79166666666667,37.458333333333336,63.0,72.54166666666667,97.75,33.541666666666664,64.20833333333333,56.17916666666667,15.541666666666666,22.8625,271.125,274.625,29.537499999999998,0.08291666666666667,0.3854166666666667,18.425,17.604166666666668,17.4,17.5,0.3670833333333334,0.36800000000000005,0.305375,0.35600000000000004
2021-10-05,sa,13.7875,84.33333333333333,11.154166666666667,13.895833333333334,1020.2375000000001,1015.7416666666667,0.0,91.58333333333333,32.25,74.20833333333333,97.08333333333333,56.291666666666664,4.083333333333333,52.208333333333336,9.8375,7.7250000000000005,9.995833333333334,166.20833333333334,177.5,14.816666666666668,0.04833333333333334,0.25125000000000003,15.637500000000001,16.954166666666666,17.4,17.5,0.37999999999999995,0.36445833333333333,0.306875,0.35600000000000004
2021-10-06,sa,12.466666666666667,71.95833333333333,7.358333333333333,10.579166666666667,1020.1625,1015.6708333333332,0.0,50.333333333333336,23.416666666666668,24.791666666666668,47.791666666666664,153.95833333333334,107.45833333333333,46.5,221.25,16.154166666666665,21.400000000000002,326.1666666666667,326.4166666666667,30.691666666666666,0.10458333333333335,0.41875,14.220833333333333,15.433333333333332,17.2375,17.5,0.38004166666666667,0.36966666666666664,0.30833333333333335,0.35600000000000004
2021-10-07,sa,12.825000000000001,69.125,7.020833333333333,11.395833333333334,1021.0041666666666,1016.5166666666668,0.0,86.79166666666667,14.666666666666666,86.20833333333333,80.08333333333333,114.79166666666667,35.416666666666664,79.375,61.625,8.9,11.4625,155.95833333333334,174.0,16.720833333333335,0.08833333333333333,0.48125,13.695833333333333,14.5,16.920833333333334,17.5,0.3627916666666666,0.36345833333333327,0.30979166666666663,0.355375
2021-10-08,sa,13.758333333333333,77.375,9.683333333333334,13.345833333333333,1021.3375,1016.8708333333334,0.0,39.583333333333336,24.875,28.25,6.583333333333333,146.29166666666666,95.25,51.041666666666664,206.6208333333333,12.825000000000001,17.25,271.2916666666667,286.2916666666667,22.004166666666666,0.105,0.38875,14.566666666666668,14.979166666666666,16.645833333333332,17.5,0.35975,0.35754166666666665,0.310375,0.355
2021-10-09,sa,14.158333333333333,76.95833333333333,9.7875,14.170833333333334,1027.8999999999999,1023.4250000000001,0.0,13.083333333333334,3.2916666666666665,1.8333333333333333,29.708333333333332,167.91666666666666,127.45833333333333,40.458333333333336,268.67083333333335,8.875,11.654166666666667,231.54166666666666,237.54166666666666,16.724999999999998,0.10666666666666667,0.4345833333333333,14.329166666666666,14.783333333333333,16.4375,17.4625,0.3475,0.35125,0.311,0.355
2021-10-10,sa,17.866666666666667,81.375,14.591666666666667,17.008333333333333,1015.2666666666668,1010.8874999999999,0.0,55.25,15.916666666666666,40.083333333333336,68.125,133.29166666666666,77.20833333333333,56.083333333333336,163.4375,24.195833333333336,35.6625,168.375,173.54166666666666,44.74166666666667,0.10458333333333335,0.39625,16.395833333333332,15.424999999999999,16.308333333333334,17.4,0.34208333333333335,0.34508333333333335,0.311,0.355
2021-10-11,sa,14.208333333333334,77.875,10.295833333333333,12.779166666666667,1014.4041666666667,1009.9708333333333,0.0,84.875,51.625,44.375,59.708333333333336,41.583333333333336,3.0,38.583333333333336,7.695833333333333,20.333333333333332,27.712500000000002,290.5416666666667,292.3333333333333,37.208333333333336,0.08041666666666668,0.35041666666666665,15.070833333333333,16.099999999999998,16.333333333333332,17.4,0.4103333333333334,0.391,0.31325,0.355
2021-10-12,sa,13.641666666666666,73.29166666666667,8.629166666666666,12.891666666666666,1028.2166666666667,1023.7041666666668,0.0,11.75,11.541666666666666,2.375,0.0,172.375,134.375,38.0,287.27916666666664,6.095833333333334,7.4875,115.58333333333333,107.25,13.958333333333334,0.10041666666666667,0.45875,14.070833333333333,14.829166666666666,16.229166666666668,17.4,0.38400000000000006,0.3870833333333334,0.31754166666666667,0.355
2021-10-13,sa,12.491666666666667,80.0,8.8375,12.5625,1027.8625,1023.3416666666667,0.0,26.25,28.5,0.9166666666666666,0.0,156.08333333333334,115.16666666666667,40.916666666666664,235.85416666666666,9.095833333333333,12.729166666666666,134.91666666666666,140.04166666666666,17.954166666666666,0.09125,0.335,13.725,14.404166666666667,16.05,17.391666666666666,0.37004166666666666,0.375375,0.31975000000000003,0.355
2021-10-14,sa,13.429166666666667,83.25,10.483333333333333,13.854166666666666,1017.6166666666667,1013.1708333333332,0.0,57.916666666666664,23.083333333333332,28.75,68.625,132.54166666666666,83.70833333333333,48.833333333333336,167.4375,9.216666666666667,13.229166666666666,171.54166666666666,172.66666666666666,20.775000000000002,0.07708333333333334,0.29041666666666666,13.950000000000001,14.0875,15.854166666666666,17.3,0.3609166666666666,0.3665833333333333,0.3209166666666667,0.355
2021-10-15,sa,13.070833333333333,79.91666666666667,9.583333333333334,11.2875,1014.725,1010.2833333333333,0.0,65.20833333333333,30.291666666666668,38.416666666666664,58.333333333333336,116.75,75.625,41.125,143.92916666666667,19.233333333333334,25.266666666666666,285.4166666666667,299.4583333333333,35.68333333333333,0.08208333333333333,0.30041666666666667,14.325000000000001,14.833333333333334,15.791666666666666,17.3,0.3722916666666667,0.363125,0.32183333333333336,0.3544583333333333
2021-10-16,sa,11.245833333333332,76.5,7.141666666666667,8.229166666666666,1013.6666666666666,1009.1958333333333,0.0,64.16666666666667,27.208333333333332,43.583333333333336,90.25,122.95833333333333,65.54166666666667,57.416666666666664,133.17916666666665,21.2375,27.858333333333334,174.04166666666666,174.54166666666666,38.13333333333333,0.08791666666666666,0.3333333333333333,12.862499999999999,13.799999999999999,15.637500000000001,17.3,0.367875,0.36037499999999995,0.32225,0.3539999999999999
2021-10-17,sa,6.129166666666666,75.375,2.066666666666667,1.9666666666666668,1013.7958333333332,1009.25,0.0,49.916666666666664,27.125,40.25,16.083333333333332,132.66666666666666,88.29166666666667,44.375,186.00833333333333,25.916666666666668,32.979166666666664,294.75,294.6666666666667,50.4125,0.07375,0.23291666666666666,9.645833333333334,12.145833333333334,15.366666666666667,17.208333333333332,0.39466666666666667,0.37079166666666663,0.323375,0.3539999999999999
2021-10-18,sa,6.308333333333334,70.95833333333333,1.0083333333333333,3.7541666666666664,1023.5500000000001,1018.9499999999999,0.0,52.291666666666664,29.333333333333332,45.958333333333336,0.08333333333333333,111.75,59.958333333333336,51.791666666666664,128.76666666666668,16.279166666666665,20.354166666666668,252.625,252.66666666666666,29.433333333333334,0.07166666666666667,0.30375,8.291666666666666,10.270833333333334,14.854166666666666,17.2,0.3793333333333333,0.37274999999999997,0.32483333333333336,0.3539999999999999
2021-10-19,sa,10.075000000000001,78.83333333333333,6.329166666666667,8.575000000000001,1015.4875000000001,1010.9791666666666,0.0,78.95833333333333,48.958333333333336,64.33333333333333,70.91666666666667,106.5,59.833333333333336,46.666666666666664,122.72916666666667,14.970833333333333,20.191666666666666,128.79166666666666,132.33333333333334,29.754166666666666,0.06791666666666667,0.29291666666666666,9.887500000000001,10.204166666666667,14.295833333333334,17.125,0.38725000000000004,0.3725416666666667,0.326125,0.3539999999999999
2021-10-20,sa,8.174999999999999,93.125,7.141666666666667,5.7,1005.9,1001.4,0.0,100.0,97.45833333333333,99.58333333333333,88.33333333333333,13.458333333333334,0.125,13.333333333333334,0.23749999999999996,23.858333333333334,30.116666666666664,23.0,21.416666666666668,42.5375,0.02291666666666667,0.07458333333333333,9.674999999999999,10.9,13.958333333333334,17.09166666666667,0.4291666666666667,0.425375,0.34391666666666665,0.3539999999999999
2021-10-21,sa,5.833333333333333,93.66666666666667,4.866666666666666,3.975,1013.1708333333332,1008.6374999999999,0.0,89.83333333333333,61.583333333333336,82.25,12.958333333333334,28.125,2.25,25.875,6.008333333333333,18.6375,23.875,298.0416666666667,309.4166666666667,36.958333333333336,0.022083333333333333,0.059166666666666666,8.016666666666667,9.816666666666666,13.595833333333333,17.0,0.4262083333333333,0.42654166666666665,0.38095833333333334,0.35412499999999997
2021-10-22,sa,7.045833333333333,81.20833333333333,3.9333333333333336,6.2625,1017.0625,1012.5041666666666,0.0,51.583333333333336,31.25,39.375,0.0,121.75,83.29166666666667,38.458333333333336,183.98333333333335,6.041666666666667,7.508333333333333,270.8333333333333,259.4583333333333,17.045833333333334,0.05583333333333334,0.19958333333333333,8.4625,9.420833333333333,13.145833333333334,16.925,0.41520833333333335,0.4149583333333333,0.391125,0.355
2021-10-23,sa,6.479166666666667,76.33333333333333,2.3583333333333334,4.920833333333333,1018.0291666666667,1013.4625,0.0,64.33333333333333,47.083333333333336,38.791666666666664,3.5,119.41666666666667,80.125,39.291666666666664,183.48749999999998,15.908333333333333,21.2,306.625,307.0833333333333,28.325,0.06583333333333334,0.25,7.6375,9.108333333333333,12.7875,16.845833333333335,0.4075416666666667,0.4116666666666666,0.3937083333333333,0.3557916666666667
2021-10-24,sa,10.091666666666667,78.75,6.204166666666667,9.008333333333333,1021.2624999999999,1016.75,0.0,18.416666666666668,14.833333333333334,9.5,0.0,136.70833333333334,102.83333333333333,33.875,236.38750000000002,15.879166666666668,19.4375,256.875,256.8333333333333,29.395833333333332,0.09291666666666666,0.32125,9.316666666666666,9.612499999999999,12.458333333333334,16.758333333333333,0.3935416666666667,0.4019166666666667,0.39387500000000003,0.3565416666666667
2021-10-25,sa,10.133333333333335,83.16666666666667,7.05,10.137500000000001,1023.7208333333333,1019.1916666666666,0.0,6.875,4.125,1.125,7.833333333333333,137.41666666666666,101.375,36.041666666666664,234.63333333333333,8.612499999999999,10.291666666666666,192.25,188.04166666666666,16.670833333333334,0.07583333333333334,0.26666666666666666,9.770833333333334,10.166666666666666,12.316666666666668,16.666666666666668,0.38495833333333335,0.3940416666666667,0.3927083333333334,0.35708333333333336
2021-10-26,sa,10.6,90.375,9.045833333333333,10.620833333333334,1018.5625,1014.0416666666666,0.0,51.208333333333336,23.791666666666668,16.875,66.75,92.0,43.291666666666664,48.708333333333336,99.94166666666666,8.825000000000001,11.799999999999999,155.45833333333334,161.5,17.849999999999998,0.04708333333333334,0.13749999999999998,10.141666666666667,10.458333333333334,12.25,16.575,0.38445833333333335,0.38891666666666663,0.39162500000000006,0.35799999999999993
2021-10-27,sa,11.204166666666666,87.79166666666667,9.112499999999999,11.216666666666667,1012.5791666666668,1008.1208333333334,0.0,54.333333333333336,23.791666666666668,36.166666666666664,37.208333333333336,114.66666666666667,75.95833333333333,38.708333333333336,169.0,9.6375,13.879166666666668,168.54166666666666,177.41666666666666,19.75,0.06708333333333334,0.18999999999999997,11.516666666666666,11.220833333333333,12.258333333333333,16.483333333333334,0.382875,0.3867083333333334,0.3905,0.35841666666666666
2021-10-28,sa,9.970833333333333,84.45833333333333,7.4375,7.741666666666667,1012.4708333333333,1007.9791666666666,0.0,70.79166666666667,27.75,64.04166666666667,31.208333333333332,88.83333333333333,49.875,38.958333333333336,121.72083333333335,21.53333333333333,28.4875,284.7083333333333,284.4166666666667,36.016666666666666,0.0575,0.19208333333333336,11.008333333333333,11.608333333333334,12.379166666666668,16.4,0.3907083333333334,0.38595833333333335,0.3894583333333333,0.359
2021-10-29,sa,9.129166666666666,76.16666666666667,5.0625,5.9375,1022.3125,1017.7791666666667,0.0,73.08333333333333,66.375,22.166666666666668,0.875,62.083333333333336,19.0,43.083333333333336,50.44166666666666,24.166666666666668,32.295833333333334,339.4583333333333,338.5833333333333,42.34166666666667,0.06625,0.2816666666666667,9.954166666666667,10.829166666666666,12.4,16.3,0.39633333333333337,0.392125,0.389,0.35941666666666666
2021-10-30,sa,8.5625,80.54166666666667,5.258333333333334,7.241666666666667,1025.3291666666667,1020.7583333333333,0.0,20.5,14.708333333333334,1.75,20.791666666666668,134.375,101.66666666666667,32.708333333333336,244.20416666666665,6.6875,8.554166666666667,280.0,248.70833333333334,14.533333333333333,0.065,0.23875000000000002,9.2875,10.245833333333334,12.320833333333333,16.220833333333335,0.38295833333333335,0.389,0.3882916666666667,0.36000000000000004
2021-10-31,sa,9.654166666666667,84.875,7.083333333333333,8.845833333333333,1023.4333333333334,1018.8874999999999,0.0,80.75,23.833333333333332,70.875,56.666666666666664,70.33333333333333,9.375,60.958333333333336,24.375,8.166666666666666,9.3375,197.375,196.0,15.174999999999999,0.041666666666666664,0.20375,9.041666666666666,9.762500000000001,12.179166666666667,16.14166666666667,0.3774583333333333,0.384625,0.387375,0.3601666666666667
2021-11-01,sa,9.266666666666667,83.95833333333333,6.554166666666667,8.5875,1023.975,1019.4250000000001,0.0,51.416666666666664,39.125,23.333333333333332,16.416666666666668,103.70833333333333,67.41666666666667,36.291666666666664,161.72083333333333,9.8125,12.395833333333334,109.41666666666667,123.16666666666667,18.283333333333335,0.05458333333333334,0.20458333333333334,9.541666666666666,10.025,12.029166666666667,16.058333333333334,0.37304166666666666,0.38079166666666664,0.3864166666666667,0.361
2021-11-02,sa,7.404166666666666,88.29166666666667,5.6125,6.483333333333333,1020.8208333333333,1016.2416666666667,0.0,95.29166666666667,29.041666666666668,94.08333333333333,83.75,29.25,1.125,28.125,3.0124999999999997,12.245833333333332,17.275000000000002,105.08333333333333,106.04166666666667,25.925,0.029583333333333333,0.12,8.304166666666667,9.483333333333333,11.941666666666668,15.975,0.4106666666666667,0.39891666666666664,0.38633333333333336,0.361
2021-11-03,sa,8.841666666666667,85.375,6.479166666666667,8.362499999999999,1015.4375,1010.9333333333334,0.0,62.041666666666664,39.291666666666664,50.25,17.916666666666668,91.5,50.833333333333336,40.666666666666664,118.39166666666667,6.508333333333333,8.004166666666666,138.875,165.16666666666666,13.045833333333334,0.046250000000000006,0.17333333333333334,9.320833333333333,9.629166666666666,11.770833333333334,15.887500000000001,0.4218333333333333,0.42449999999999993,0.39725000000000005,0.3617083333333333
2021-11-04,sa,9.637500000000001,85.875,7.2625,9.3125,1014.9499999999999,1010.4499999999999,0.0,47.25,31.458333333333332,28.416666666666668,9.666666666666666,87.0,45.833333333333336,41.166666666666664,110.54583333333333,7.858333333333333,10.637500000000001,229.04166666666666,256.75,14.975,0.050833333333333335,0.18416666666666667,9.516666666666667,10.0,11.699999999999998,15.800000000000002,0.4028333333333334,0.4110416666666667,0.4015,0.3625416666666667
2021-11-05,sa,9.316666666666666,84.41666666666667,6.666666666666667,8.183333333333334,1019.8541666666666,1015.3249999999999,0.0,29.666666666666668,18.791666666666668,14.75,12.833333333333334,105.375,68.91666666666667,36.458333333333336,175.45416666666665,11.058333333333332,15.070833333333333,336.25,336.7916666666667,17.345833333333335,0.05541666666666667,0.19958333333333333,8.9125,9.733333333333333,11.625,15.699999999999998,0.3938333333333333,0.40254166666666674,0.401,0.36341666666666667
2021-11-06,sa,8.262500000000001,84.83333333333333,5.7,7.754166666666666,1022.6125000000001,1018.0375,0.0,17.166666666666668,18.458333333333332,0.875,0.0,100.5,60.125,40.375,147.79583333333332,4.770833333333333,6.0249999999999995,229.20833333333334,245.66666666666666,11.058333333333332,0.048749999999999995,0.18291666666666664,7.9125000000000005,9.104166666666666,11.525,15.616666666666667,0.38762500000000005,0.39625,0.39975000000000005,0.3641666666666667
2021-11-07,sa,7.545833333333333,85.29166666666667,5.166666666666667,6.075,1024.3291666666667,1019.7291666666666,0.0,71.66666666666667,59.291666666666664,37.416666666666664,66.54166666666667,33.375,5.5,27.875,15.283333333333333,9.612499999999999,11.966666666666667,274.9166666666667,270.4583333333333,18.833333333333332,0.027083333333333334,0.1625,6.8999999999999995,8.1875,11.304166666666667,15.529166666666667,0.383875,0.39166666666666666,0.39854166666666674,0.365
2021-11-08,sa,10.191666666666666,84.25,7.491666666666667,7.7124999999999995,1023.4208333333332,1018.8833333333333,0.0,60.958333333333336,43.166666666666664,0.375,79.95833333333333,114.54166666666667,80.91666666666667,33.625,201.1291666666667,18.825,26.733333333333334,135.33333333333334,140.625,33.699999999999996,0.06791666666666667,0.22875,9.229166666666666,8.658333333333333,11.058333333333332,15.4375,0.37925000000000003,0.3875,0.39733333333333337,0.36575
2021-11-09,sa,13.174999999999999,84.95833333333333,10.654166666666667,10.258333333333333,1008.4916666666667,1004.0583333333334,0.0,86.58333333333333,74.45833333333333,65.79166666666667,98.04166666666667,43.166666666666664,5.208333333333333,37.958333333333336,14.241666666666665,28.054166666666664,41.82083333333333,163.29166666666666,170.375,56.30416666666667,0.05375,0.22958333333333333,11.854166666666666,11.0875,11.1625,15.341666666666667,0.40120833333333333,0.39975,0.39875,0.366125
2021-11-10,sa,10.362499999999999,79.41666666666667,6.75,7.870833333333334,994.7333333333332,990.3333333333334,0.0,70.54166666666667,41.458333333333336,62.958333333333336,59.125,70.04166666666667,33.416666666666664,36.625,79.70416666666667,21.1125,29.2,239.125,241.04166666666666,39.25833333333333,0.0625,0.26999999999999996,10.858333333333334,11.345833333333333,11.404166666666667,15.262500000000001,0.41883333333333334,0.4254583333333333,0.42416666666666664,0.36837499999999995
2021-11-11,sa,7.779166666666666,67.95833333333333,2.1083333333333334,4.3625,997.8708333333334,993.4041666666667,0.0,38.75,13.875,39.916666666666664,7.25,101.33333333333333,68.75,32.583333333333336,181.1833333333333,21.433333333333334,29.09583333333333,212.33333333333334,211.54166666666666,40.44166666666667,0.07958333333333334,0.3429166666666667,9.1,10.270833333333334,11.5,15.183333333333332,0.40279166666666666,0.41041666666666665,0.42166666666666663,0.3717083333333333
2021-11-12,sa,6.254166666666666,77.29166666666667,2.2916666666666665,4.416666666666667,1004.4083333333333,999.9083333333333,0.0,33.375,12.0,35.0,5.5,91.66666666666667,60.125,31.541666666666668,165.02916666666667,15.458333333333334,19.650000000000002,240.875,238.29166666666666,31.71666666666667,0.06,0.24125,7.433333333333334,8.875,11.4,15.1,0.39608333333333334,0.4010416666666667,0.41770833333333335,0.3740833333333333
2021-11-13,sa,6.245833333333334,74.5,1.6458333333333333,4.120833333333334,1011.4625,1006.9625,0.0,68.125,42.916666666666664,49.208333333333336,0.0,75.54166666666667,38.833333333333336,36.708333333333336,105.19583333333333,20.154166666666665,25.59166666666667,255.95833333333334,255.58333333333334,35.78333333333333,0.07416666666666667,0.2708333333333333,6.570833333333333,7.820833333333333,11.125,15.008333333333333,0.39054166666666673,0.39525000000000005,0.414375,0.37575000000000003
2021-11-14,sa,7.304166666666666,89.45833333333333,5.645833333333333,6.829166666666667,1011.6,1007.0791666666668,0.0,50.375,26.541666666666668,44.041666666666664,0.25,52.5,23.0,29.5,65.65,14.570833333333333,20.349999999999998,210.20833333333334,208.83333333333334,26.120833333333334,0.0425,0.11833333333333333,6.883333333333333,7.6499999999999995,10.816666666666668,14.920833333333334,0.38854166666666673,0.39083333333333337,0.41154166666666664,0.37725000000000003
2021-11-15,sa,5.0625,77.58333333333333,1.3625,2.2708333333333335,1013.9166666666666,1009.3666666666667,0.0,42.625,19.083333333333332,42.333333333333336,0.0,95.08333333333333,62.0,33.083333333333336,171.29166666666666,22.545833333333334,29.462500000000002,284.7916666666667,285.375,42.37916666666667,0.06666666666666667,0.20291666666666666,6.3,7.6499999999999995,10.5875,14.833333333333334,0.39679166666666665,0.39258333333333334,0.40920833333333334,0.37833333333333335
2021-11-16,sa,4.1499999999999995,64.29166666666667,-2.2041666666666666,0.5166666666666667,1017.1374999999999,1012.5375,0.0,57.875,27.958333333333332,54.416666666666664,0.0,68.66666666666667,33.041666666666664,35.625,94.95416666666667,24.912499999999998,32.545833333333334,283.25,283.2916666666667,41.800000000000004,0.08083333333333333,0.3016666666666667,5.083333333333333,6.645833333333333,10.299999999999999,14.741666666666667,0.38645833333333335,0.3902916666666667,0.40724999999999995,0.37925000000000003
2021-11-17,sa,4.791666666666667,69.95833333333333,-0.5791666666666667,1.6624999999999999,1019.4666666666667,1014.8666666666667,0.0,45.833333333333336,35.791666666666664,22.875,0.0,80.58333333333333,44.916666666666664,35.666666666666664,126.05416666666667,19.704166666666666,25.258333333333336,274.5,274.9583333333333,36.34583333333333,0.06958333333333333,0.27875,4.829166666666667,6.333333333333333,9.966666666666667,14.641666666666666,0.382125,0.3865,0.4053333333333334,0.38000000000000006
2021-11-18,sa,6.6000000000000005,81.04166666666667,3.283333333333333,4.8,1014.4166666666666,1009.8791666666666,0.0,36.5,15.666666666666666,28.75,16.75,96.08333333333333,67.66666666666667,28.416666666666668,190.275,16.25,22.045833333333334,177.375,179.875,29.120833333333334,0.06,0.22416666666666665,5.966666666666666,6.179166666666667,9.641666666666667,14.5375,0.37879166666666664,0.38295833333333335,0.4034583333333333,0.38095833333333334
2021-11-19,sa,6.941666666666666,84.83333333333333,4.4875,4.2,1009.8291666666668,1005.3208333333333,0.0,42.625,21.666666666666668,34.291666666666664,8.375,76.75,46.375,30.375,131.0,21.666666666666668,28.65833333333333,235.83333333333334,234.70833333333334,41.75,0.05666666666666667,0.16166666666666665,6.783333333333334,7.329166666666667,9.5,14.429166666666667,0.3855,0.38199999999999995,0.40162500000000007,0.38125000000000003
2021-11-20,sa,4.379166666666666,73.375,-0.08749999999999998,0.9375,1020.5583333333334,1015.9583333333334,0.0,79.0,50.083333333333336,55.833333333333336,9.083333333333334,76.5,44.125,32.375,124.10416666666667,18.787499999999998,24.09583333333333,308.5833333333333,308.5,34.675000000000004,0.049166666666666664,0.22958333333333333,5.1125,6.745833333333334,9.416666666666666,14.325000000000001,0.39608333333333334,0.3877916666666667,0.40045833333333336,0.38199999999999995
2021-11-21,sa,4.854166666666667,83.91666666666667,2.3249999999999997,3.1041666666666665,1022.1208333333334,1017.5208333333334,0.0,81.5,50.125,60.0,27.541666666666668,53.583333333333336,25.083333333333332,28.5,73.7625,7.2124999999999995,8.633333333333333,210.875,209.875,18.854166666666668,0.02916666666666667,0.14333333333333334,4.575,5.670833333333333,9.179166666666665,14.216666666666667,0.39258333333333334,0.3895,0.39962500000000006,0.3821666666666667
2021-11-22,sa,8.591666666666667,86.58333333333333,6.4624999999999995,4.358333333333333,1004.8249999999999,1000.3375,0.0,99.20833333333333,62.291666666666664,91.375,87.58333333333333,27.041666666666668,1.0,26.041666666666668,3.15,29.55,41.737500000000004,153.0,157.0,53.93333333333334,0.03666666666666667,0.14583333333333334,7.1000000000000005,6.6875,9.004166666666666,14.104166666666666,0.409125,0.40245833333333336,0.39995833333333336,0.383
2021-11-23,sa,3.0999999999999996,59.541666666666664,-4.279166666666667,-1.9791666666666667,996.6875,992.1666666666666,0.02041666666666667,36.333333333333336,16.458333333333332,35.833333333333336,0.08333333333333333,94.91666666666667,64.0,30.916666666666668,191.275,26.90416666666667,35.050000000000004,242.45833333333334,242.875,47.041666666666664,0.06833333333333334,0.31625,5.179166666666666,6.945833333333333,8.991666666666667,13.991666666666667,0.40924999999999995,0.41775,0.4067083333333333,0.383375
2021-11-24,sa,0.5625,67.625,-5.0874999999999995,-2.6875,999.7541666666666,995.1541666666667,0.13125,47.708333333333336,15.875,52.958333333333336,5.5,70.875,33.916666666666664,36.958333333333336,105.46249999999999,17.870833333333334,22.84583333333333,250.79166666666666,248.625,38.225,0.041666666666666664,0.21666666666666667,2.308333333333333,4.583333333333333,8.741666666666667,13.879166666666668,0.39845833333333336,0.40724999999999995,0.407,0.38408333333333333
2021-11-25,sa,0.7791666666666667,75.45833333333333,-3.25,-1.8875,1005.1083333333332,1000.5083333333333,0.18083333333333332,56.5,22.583333333333332,58.75,2.625,74.5,41.083333333333336,33.416666666666664,121.21666666666665,14.2125,17.25,285.5,284.2916666666667,32.141666666666666,0.034583333333333334,0.16708333333333333,1.7125000000000001,3.466666666666667,8.295833333333333,13.766666666666666,0.39887500000000004,0.40258333333333335,0.40629166666666666,0.385
2021-11-26,sa,1.3875,78.58333333333333,-2.033333333333333,-2.6166666666666667,1009.0666666666666,1004.4666666666667,0.061250000000000006,50.125,22.833333333333332,46.416666666666664,5.458333333333333,70.875,34.791666666666664,36.083333333333336,105.13333333333333,27.120833333333334,35.36666666666667,288.5833333333333,288.6666666666667,50.07083333333333,0.046250000000000006,0.15125000000000002,1.9083333333333332,3.2416666666666667,7.8500000000000005,13.645833333333334,0.40087500000000004,0.4010416666666667,0.4054166666666667,0.38566666666666666
2021-11-27,sa,2.504166666666667,87.125,0.5375,-0.8375,1018.4791666666666,1013.8666666666667,0.011666666666666667,74.875,35.916666666666664,69.33333333333333,15.791666666666666,74.08333333333333,34.666666666666664,39.416666666666664,95.29166666666667,22.175,30.25,332.0416666666667,330.4583333333333,38.333333333333336,0.03208333333333333,0.09875,3.3666666666666667,3.9625,7.529166666666666,13.525,0.4107083333333333,0.40591666666666665,0.405,0.38604166666666667
2021-11-28,sa,2.8958333333333335,82.79166666666667,-0.004166666666666661,0.7625000000000001,1026.8333333333333,1022.1875,0.0,33.5,28.125,13.75,0.08333333333333333,82.45833333333333,54.625,27.833333333333332,166.31666666666666,17.420833333333334,22.099999999999998,276.7916666666667,277.9583333333333,29.95,0.04791666666666667,0.15125,3.0583333333333336,4.254166666666666,7.3374999999999995,13.375,0.4055416666666667,0.40641666666666665,0.405,0.387
2021-11-29,sa,4.854166666666667,86.5,2.6958333333333333,3.7624999999999997,1020.8666666666667,1016.275,0.0,68.125,41.625,41.291666666666664,33.958333333333336,58.291666666666664,23.875,34.416666666666664,73.43333333333332,15.637500000000001,20.599999999999998,228.58333333333334,231.20833333333334,27.65416666666667,0.041666666666666664,0.13666666666666666,3.4166666666666665,3.8958333333333335,7.1499999999999995,13.25,0.3987083333333334,0.40291666666666665,0.40475,0.38729166666666665
2021-11-30,sa,8.049999999999999,82.33333333333333,5.1375,5.258333333333334,1015.3416666666667,1010.8083333333334,0.0,70.91666666666667,42.666666666666664,30.666666666666668,63.458333333333336,70.125,40.916666666666664,29.208333333333332,124.10833333333333,17.045833333333334,24.133333333333336,185.5,188.54166666666666,30.745833333333334,0.04958333333333333,0.20041666666666666,6.1000000000000005,5.479166666666667,7.116666666666666,13.129166666666665,0.3962916666666667,0.39975000000000005,0.4040000000000001,0.38800000000000007
2021-12-01,sa,6.520833333333333,77.08333333333333,2.720833333333333,2.183333333333333,991.1875,986.7375000000001,0.04958333333333333,72.83333333333333,29.666666666666668,68.70833333333333,40.791666666666664,15.708333333333334,3.0416666666666665,12.666666666666666,11.158333333333333,28.8,40.34583333333333,212.04166666666666,213.75,57.12083333333334,0.05125,0.19541666666666668,6.658333333333334,7.133333333333333,7.354166666666667,12.987499999999999,0.41983333333333334,0.41954166666666665,0.4093333333333333,0.3885
2021-12-02,sa,-0.39999999999999997,65.625,-6.166666666666667,-5.945833333333333,1004.4291666666667,999.8291666666668,0.15166666666666667,85.45833333333333,57.583333333333336,68.33333333333333,3.2083333333333335,61.166666666666664,26.083333333333332,35.083333333333336,76.06666666666666,30.2375,39.97083333333334,244.33333333333334,244.54166666666666,53.800000000000004,0.044583333333333336,0.2041666666666667,2.191666666666667,4.325,7.3999999999999995,12.866666666666667,0.4048333333333334,0.4142083333333333,0.41358333333333336,0.38958333333333334
2021-12-03,sa,4.833333333333333,88.41666666666667,3.1041666666666665,1.2,1006.9583333333334,1002.4041666666667,0.002916666666666667,62.458333333333336,33.125,56.458333333333336,12.083333333333334,54.541666666666664,18.416666666666668,36.125,63.387499999999996,19.191666666666666,28.933333333333334,205.08333333333334,210.41666666666666,37.987500000000004,0.03,0.09958333333333334,4.304166666666666,4.45,7.2124999999999995,12.75,0.418,0.41395833333333326,0.413,0.390625
2021-12-04,sa,-0.33749999999999997,71.83333333333333,-4.908333333333333,-4.2875000000000005,1012.1708333333332,1007.525,0.09333333333333334,41.75,16.25,45.041666666666664,0.08333333333333333,79.41666666666667,51.833333333333336,27.583333333333332,159.22083333333333,18.608333333333334,25.212500000000002,287.625,288.75,33.391666666666666,0.04083333333333333,0.16666666666666666,2.35,4.1375,7.083333333333333,12.633333333333333,0.40825,0.41429166666666667,0.413,0.39162500000000006
2021-12-05,sa,-1.0999999999999999,69.08333333333333,-6.2749999999999995,-4.8,1025.8958333333333,1021.1875,0.0175,58.833333333333336,57.041666666666664,12.541666666666666,0.0,55.791666666666664,17.0,38.791666666666664,56.54583333333333,16.870833333333334,23.954166666666666,249.125,250.75,29.787499999999998,0.03333333333333333,0.18041666666666667,0.5750000000000001,2.470833333333333,6.804166666666667,12.504166666666668,0.39799999999999996,0.40654166666666663,0.412125,0.39258333333333334
2021-12-06,sa,2.504166666666667,85.25,0.125,0.8916666666666667,1026.7,1022.0583333333334,0.0,28.916666666666668,28.958333333333332,4.208333333333333,1.2916666666666667,72.33333333333333,47.708333333333336,24.625,144.22916666666666,11.1875,16.745833333333334,172.20833333333334,178.95833333333334,19.783333333333335,0.03208333333333333,0.1275,1.2583333333333333,2.2416666666666667,6.420833333333333,12.370833333333335,0.39479166666666665,0.4005,0.4106666666666667,0.39333333333333337
2021-12-07,sa,3.8125,84.5,1.3833333333333335,1.8625,1026.7416666666666,1022.0958333333333,0.0,61.0,48.166666666666664,9.458333333333334,40.625,56.0,29.958333333333332,26.041666666666668,87.875,10.758333333333333,15.383333333333333,281.4166666666667,295.7083333333333,18.220833333333335,0.0325,0.13291666666666666,2.470833333333333,3.0500000000000003,6.1625000000000005,12.245833333333332,0.39233333333333337,0.396625,0.4094166666666666,0.39399999999999996
2021-12-08,sa,2.0625,80.08333333333333,-1.175,0.15,1029.1625000000001,1024.4750000000001,0.0,40.25,22.25,0.16666666666666666,66.79166666666667,81.375,50.625,30.75,149.95833333333334,10.395833333333334,14.108333333333334,348.625,347.9583333333333,19.979166666666668,0.03916666666666667,0.15375,1.3708333333333333,2.7708333333333335,6.033333333333334,12.116666666666667,0.38808333333333334,0.3932083333333334,0.40791666666666665,0.39479166666666665
2021-12-09,sa,0.9249999999999999,87.375,-1.0875000000000001,-0.7166666666666667,1031.675,1026.9708333333333,0.0,11.208333333333334,12.5,0.0,0.0,79.29166666666667,50.083333333333336,29.208333333333332,154.1291666666667,7.45,9.883333333333333,159.54166666666666,177.875,14.816666666666668,0.0275,0.09666666666666666,0.6541666666666667,2.0541666666666667,5.808333333333334,11.970833333333333,0.38433333333333336,0.38962500000000005,0.40645833333333337,0.395
2021-12-10,sa,1.7166666666666668,89.79166666666667,0.18333333333333335,0.1791666666666666,1025.8541666666667,1021.1791666666667,0.0,23.5,0.4166666666666667,7.875,61.083333333333336,85.04166666666667,58.875,26.166666666666668,182.40833333333333,11.1875,16.216666666666665,135.58333333333334,145.91666666666666,20.966666666666665,0.029583333333333333,0.08375,0.5333333333333333,1.7041666666666666,5.5625,11.845833333333333,0.38154166666666667,0.3866666666666667,0.4050833333333334,0.3955416666666667
2021-12-11,sa,3.3625000000000003,92.41666666666667,2.2375000000000003,2.004166666666667,1018.8625000000001,1014.2458333333334,0.0,74.5,30.0,62.333333333333336,41.125,43.875,10.958333333333334,32.916666666666664,36.15,11.4375,16.45,210.66666666666666,217.58333333333334,21.066666666666666,0.022083333333333333,0.065,1.7249999999999999,2.2666666666666666,5.341666666666666,11.700000000000001,0.38283333333333336,0.38479166666666664,0.4036666666666667,0.3960000000000001
2021-12-12,sa,3.1833333333333336,88.875,1.4166666666666667,0.21666666666666667,1006.8041666666667,1002.2333333333332,0.02625,76.875,47.625,56.833333333333336,14.166666666666666,59.041666666666664,30.291666666666668,28.75,93.14583333333333,13.620833333333332,19.3625,223.08333333333334,223.58333333333334,27.204166666666666,0.025416666666666667,0.09666666666666666,2.2666666666666666,2.75,5.3,11.558333333333332,0.3959166666666667,0.38833333333333336,0.4025,0.3960000000000001
2021-12-13,sa,-1.9958333333333333,67.375,-7.270833333333333,-8.795833333333333,1004.7125,1000.0708333333333,0.026250000000000006,60.875,37.541666666666664,45.5,0.0,76.66666666666667,44.25,32.416666666666664,139.42499999999998,33.68333333333333,47.854166666666664,286.4583333333333,287.1666666666667,59.12083333333334,0.04416666666666667,0.1729166666666667,0.4583333333333333,2.120833333333333,5.2124999999999995,11.433333333333332,0.3961666666666667,0.3970833333333334,0.40199999999999997,0.3960000000000001
2021-12-14,sa,0.08749999999999995,74.875,-4.0125,-2.629166666666667,1014.0708333333333,1009.4333333333334,0.0,80.79166666666667,65.41666666666667,39.083333333333336,0.0,52.916666666666664,19.458333333333332,33.458333333333336,63.208333333333336,14.545833333333334,22.454166666666666,235.25,238.70833333333334,30.537499999999998,0.03375,0.16166666666666665,0.4291666666666667,1.5625,5.020833333333333,11.287500000000001,0.38775000000000004,0.39316666666666666,0.4018333333333333,0.39633333333333337
2021-12-15,sa,1.1333333333333333,85.54166666666667,-1.05,-1.7041666666666666,1013.1958333333333,1008.5875,0.014583333333333335,63.416666666666664,45.25,47.583333333333336,11.583333333333334,58.166666666666664,31.916666666666668,26.25,99.12083333333334,16.658333333333335,22.5,286.375,286.7916666666667,31.079166666666666,0.028333333333333335,0.09666666666666666,0.2916666666666667,1.3583333333333334,4.829166666666667,11.149999999999999,0.3944166666666667,0.392125,0.401,0.397
2021-12-16,sa,0.725,74.91666666666667,-3.470833333333333,-2.0833333333333335,1014.65,1010.0,0.002916666666666667,70.33333333333333,42.791666666666664,56.958333333333336,5.5,68.16666666666667,39.125,29.041666666666668,121.74583333333334,10.933333333333332,14.841666666666667,270.7083333333333,265.5833333333333,24.02916666666667,0.03666666666666667,0.17083333333333336,0.09583333333333333,1.2041666666666666,4.641666666666667,11.020833333333334,0.38916666666666666,0.3920416666666667,0.4007083333333334,0.397
2021-12-17,sa,-1.9791666666666667,87.16666666666667,-3.841666666666667,-6.325,1000.4625,995.8458333333333,0.32083333333333336,88.54166666666667,62.25,83.04166666666667,51.541666666666664,22.708333333333332,1.7916666666666667,20.916666666666668,5.5249999999999995,20.941666666666666,26.754166666666666,308.0416666666667,321.0,37.329166666666666,0.014583333333333335,0.065,-0.03333333333333333,1.0833333333333333,4.454166666666667,10.866666666666667,0.383875,0.3890833333333334,0.4000000000000001,0.397
2021-12-18,sa,-6.625,75.91666666666667,-10.15,-12.283333333333333,1005.5625,1000.8625000000001,0.21,72.08333333333333,41.708333333333336,58.666666666666664,0.0,70.66666666666667,32.708333333333336,37.958333333333336,105.99583333333334,30.358333333333334,39.800000000000004,303.5416666666667,303.2083333333333,50.97083333333333,0.02625,0.09041666666666666,-0.6124999999999999,0.8333333333333334,4.279166666666667,10.737499999999999,0.38033333333333336,0.3862083333333333,0.3994166666666667,0.397
2021-12-19,sa,-4.670833333333333,81.20833333333333,-7.454166666666667,-7.695833333333333,1009.1541666666667,1004.4541666666668,0.08458333333333334,65.5,43.666666666666664,43.875,8.041666666666666,68.125,29.541666666666668,38.583333333333336,95.65833333333335,15.370833333333335,20.208333333333332,278.4583333333333,280.0416666666667,26.770833333333332,0.024583333333333332,0.08291666666666667,-0.9041666666666667,0.6208333333333332,4.095833333333333,10.5875,0.37775000000000003,0.38375000000000004,0.39875,0.397
2021-12-20,sa,-4.7625,88.79166666666667,-6.379166666666666,-6.420833333333333,1011.0291666666667,1006.3291666666668,0.09041666666666666,84.33333333333333,44.083333333333336,70.45833333333333,22.0,63.291666666666664,21.708333333333332,41.583333333333336,70.96666666666667,12.674999999999999,16.9375,219.29166666666666,222.33333333333334,24.520833333333332,0.022083333333333333,0.05125,-1.0374999999999999,0.44583333333333336,3.904166666666667,10.450000000000001,0.37633333333333335,0.3814583333333333,0.39799999999999996,0.397
2021-12-21,sa,-1.25,84.79166666666667,-3.5208333333333335,-3.170833333333333,1005.5375,1000.9250000000001,0.105,41.5,21.0,36.916666666666664,1.1666666666666667,79.625,51.333333333333336,28.291666666666668,163.95416666666668,12.466666666666667,17.55,257.9166666666667,259.0416666666667,27.883333333333336,0.02875,0.08625,-0.8541666666666666,0.3958333333333333,3.7375000000000003,10.308333333333334,0.3745833333333333,0.37966666666666665,0.397,0.397
2021-12-22,sa,-3.483333333333333,80.29166666666667,-6.4624999999999995,-7.125,1009.4375,1004.7541666666666,0.13125,59.916666666666664,29.208333333333332,58.25,0.0,71.04166666666667,36.958333333333336,34.083333333333336,124.25416666666666,17.5125,24.866666666666664,263.5833333333333,279.125,40.4,0.02875,0.09291666666666666,-0.6749999999999999,0.3,3.5625,10.158333333333333,0.3725416666666667,0.37799999999999995,0.39620833333333333,0.397
2021-12-23,sa,-5.845833333333332,81.08333333333333,-8.608333333333333,-8.895833333333334,1017.8166666666666,1013.0708333333333,0.105,54.291666666666664,27.0,51.0,0.0,84.58333333333333,51.875,32.708333333333336,166.82500000000002,20.616666666666667,30.104166666666668,300.0833333333333,300.25,36.449999999999996,0.03,0.07958333333333334,-0.6166666666666666,0.3,3.4375,10.025,0.37095833333333333,0.37645833333333334,0.3953333333333333,0.397
2021-12-24,sa,-6.654166666666666,74.04166666666667,-10.558333333333334,-9.637500000000001,1017.7166666666667,1012.9166666666666,0.09625,76.70833333333333,47.583333333333336,64.0,9.666666666666666,66.875,28.791666666666668,38.083333333333336,96.19166666666666,16.766666666666666,22.9875,278.0,277.2083333333333,36.4125,0.028333333333333335,0.09958333333333334,-0.5666666666666667,0.3,3.3166666666666664,9.866666666666667,0.3695,0.37495833333333334,0.3944166666666667,0.397
2021-12-25,sa,-7.875,75.625,-11.504166666666668,-11.741666666666667,1007.8666666666667,1003.1374999999999,0.14583333333333334,81.08333333333333,48.375,68.95833333333333,0.041666666666666664,80.20833333333333,49.166666666666664,31.041666666666668,155.9625,21.537499999999998,28.108333333333334,269.8333333333333,268.625,39.9625,0.028333333333333335,0.0825,-0.5958333333333333,0.3,3.2083333333333335,9.737499999999999,0.36824999999999997,0.37362500000000004,0.3934166666666667,0.397
2021-12-26,sa,-7.483333333333333,75.20833333333333,-11.137500000000001,-11.904166666666667,1007.0500000000001,1002.35,0.1575,71.625,36.416666666666664,61.666666666666664,10.333333333333334,75.29166666666667,40.833333333333336,34.458333333333336,124.30000000000001,26.325,35.4625,272.375,272.7083333333333,46.979166666666664,0.02875,0.08708333333333333,-0.5541666666666666,0.3,3.1166666666666667,9.5875,0.3670833333333334,0.3724166666666667,0.39245833333333335,0.397
2021-12-27,sa,-7.508333333333333,74.66666666666667,-11.262500000000001,-10.612499999999999,1009.7166666666667,1005.0166666666668,0.16041666666666668,57.791666666666664,27.583333333333332,54.833333333333336,0.0,81.66666666666667,49.791666666666664,31.875,161.45833333333334,20.26666666666667,27.0,298.625,299.25,37.47083333333333,0.02791666666666667,0.09041666666666666,-0.5,0.3,3.033333333333333,9.450000000000001,0.36591666666666667,0.3713333333333333,0.3914583333333333,0.397
2021-12-28,sa,-6.6875,75.54166666666667,-10.304166666666667,-10.908333333333333,1015.5708333333333,1010.8041666666667,0.18083333333333332,69.75,46.625,52.583333333333336,0.0,70.04166666666667,40.541666666666664,29.5,125.125,25.229166666666668,34.108333333333334,292.2083333333333,292.2083333333333,43.10833333333333,0.03291666666666667,0.09166666666666667,-0.5,0.3,2.970833333333333,9.3125,0.36495833333333333,0.37024999999999997,0.3904166666666667,0.397
2021-12-29,sa,-4.058333333333334,86.83333333333333,-5.958333333333333,-6.633333333333333,1013.6750000000001,1008.9416666666666,0.07583333333333334,85.16666666666667,62.708333333333336,60.708333333333336,3.9166666666666665,72.54166666666667,41.458333333333336,31.083333333333332,131.44583333333333,14.208333333333334,19.533333333333335,200.79166666666666,201.04166666666666,25.708333333333332,0.025416666666666667,0.06083333333333333,-0.40416666666666673,0.3,2.9,9.166666666666666,0.36400000000000005,0.36925,0.3894166666666667,0.397
2021-12-30,sa,-6.179166666666667,83.375,-8.575000000000001,-8.654166666666667,1007.2833333333333,1002.5833333333334,0.09625,58.75,38.458333333333336,40.041666666666664,0.125,75.75,45.041666666666664,30.708333333333332,147.25,17.604166666666668,24.28333333333333,299.6666666666667,300.8333333333333,31.25,0.024999999999999998,0.06458333333333334,-0.3958333333333333,0.3,2.8333333333333335,9.041666666666666,0.363,0.3682916666666667,0.38837499999999997,0.397
2021-12-31,sa,-8.795833333333333,73.08333333333333,-12.737499999999999,-14.041666666666666,1005.1625,1000.4166666666666,0.21583333333333332,73.875,30.5,77.29166666666667,0.0,59.041666666666664,16.625,42.416666666666664,52.44166666666666,27.454166666666666,35.85,296.4583333333333,296.0833333333333,47.59583333333333,0.0275,0.08583333333333333,-0.36250000000000004,0.3,2.7999999999999994,8.908333333333333,0.3621666666666667,0.36741666666666667,0.3873333333333333,0.397
2022-01-01,sa,-7.308333333333334,76.29166666666667,-10.799999999999999,-13.329166666666666,1012.5875,1007.8041666666667,0.16625,78.58333333333333,44.625,67.16666666666667,0.0,68.70833333333333,26.166666666666668,42.541666666666664,77.09583333333333,32.895833333333336,43.0625,194.54166666666666,198.66666666666666,42.13333333333333,0.024583333333333332,0.08458333333333334,-0.3333333333333333,0.3,2.7375000000000003,8.766666666666667,0.361375,0.3665833333333333,0.38633333333333336,0.397
2022-01-02,sa,-4.879166666666666,84.25,-7.195833333333333,-9.366666666666667,1011.4416666666666,1006.7208333333333,0.14291666666666666,76.20833333333333,49.541666666666664,55.458333333333336,5.291666666666667,68.125,26.833333333333332,41.291666666666664,88.80416666666667,26.770833333333332,34.86666666666667,207.875,217.70833333333334,33.8375,0.02916666666666667,0.07125,-0.3,0.3416666666666666,2.7000000000000006,8.645833333333334,0.36070833333333335,0.3658333333333333,0.38533333333333336,0.397
2022-01-03,sa,-8.420833333333333,67.70833333333333,-13.362499999999999,-14.450000000000001,1009.4583333333334,1004.6583333333333,0.15458333333333335,62.25,33.375,53.625,0.0,81.33333333333333,43.041666666666664,38.291666666666664,135.79166666666666,34.579166666666666,46.525,158.91666666666666,159.20833333333334,58.55833333333334,0.0325,0.10625,-0.25,0.4000000000000001,2.6958333333333333,8.520833333333334,0.36000000000000004,0.365,0.38433333333333336,0.397
2022-01-04,sa,-7.920833333333333,72.83333333333333,-11.970833333333333,-13.2875,1010.8208333333333,1006.0500000000001,0.15458333333333332,70.04166666666667,44.0,50.75,0.20833333333333334,77.83333333333333,34.5,43.333333333333336,111.14583333333333,32.44583333333333,44.12083333333334,141.83333333333334,141.75,51.35833333333333,0.029166666666666664,0.09125,-0.25,0.4000000000000001,2.6,8.383333333333335,0.35904166666666665,0.3641666666666667,0.38329166666666664,0.3964166666666667
2022-01-05,sa,-5.5,81.54166666666667,-8.179166666666665,-8.887500000000001,1019.875,1015.1416666666668,0.14875000000000002,55.458333333333336,35.75,38.875,0.0,66.375,32.666666666666664,33.708333333333336,103.58749999999999,24.3125,33.94583333333333,122.66666666666667,122.58333333333333,37.233333333333334,0.024166666666666666,0.0775,-0.20000000000000004,0.4000000000000001,2.6,8.262500000000001,0.3585,0.36354166666666665,0.38233333333333336,0.3960000000000001
2022-01-06,sa,-6.279166666666666,84.54166666666667,-8.520833333333334,-8.2125,1021.7125,1016.9125,0.023333333333333334,46.75,35.541666666666664,24.0,1.0833333333333333,77.66666666666667,47.5,30.166666666666668,146.45000000000002,7.4750000000000005,9.5,265.0833333333333,259.6666666666667,14.191666666666668,0.02125,0.06208333333333333,-0.20000000000000004,0.4000000000000001,2.6,8.141666666666666,0.35799999999999993,0.363,0.381375,0.3960000000000001
2022-01-07,sa,-7.570833333333333,88.20833333333333,-9.233333333333333,-9.004166666666666,1017.6916666666666,1012.8916666666668,0.07291666666666667,72.625,30.5,80.04166666666667,2.4583333333333335,63.458333333333336,21.0,42.458333333333336,59.25416666666666,5.995833333333334,8.170833333333333,170.95833333333334,174.83333333333334,16.045833333333334,0.016666666666666666,0.043333333333333335,-0.22916666666666666,0.4000000000000001,2.529166666666667,8.029166666666667,0.35704166666666665,0.36204166666666665,0.38037499999999996,0.3960000000000001
2022-01-08,sa,-4.704166666666667,86.08333333333333,-6.683333333333334,-6.9624999999999995,1015.5041666666666,1010.7666666666668,0.11083333333333334,94.20833333333333,80.95833333333333,67.79166666666667,16.875,53.5,13.25,40.25,43.09583333333333,10.620833333333334,14.450000000000001,197.33333333333334,198.375,21.849999999999998,0.018333333333333333,0.06041666666666667,-0.20000000000000004,0.4000000000000001,2.5,7.908333333333334,0.35666666666666663,0.36154166666666665,0.3794583333333333,0.3960000000000001
2022-01-09,sa,-4.55,83.16666666666667,-7.0,-6.9875,1014.5541666666667,1009.8166666666666,0.02916666666666667,69.58333333333333,50.583333333333336,39.916666666666664,6.875,71.95833333333333,34.458333333333336,37.5,106.52083333333333,11.320833333333333,16.025000000000002,143.625,137.0,21.145833333333332,0.025416666666666667,0.07375,-0.10833333333333334,0.4000000000000001,2.5,7.783333333333334,0.35600000000000004,0.361,0.3785,0.3960000000000001
2022-01-10,sa,-5.529166666666666,84.875,-7.7250000000000005,-8.3375,1019.7458333333334,1014.9708333333333,0.06416666666666666,68.95833333333333,50.625,39.333333333333336,1.0,85.83333333333333,51.875,33.958333333333336,153.90833333333333,10.204166666666667,12.549999999999999,204.375,199.95833333333334,18.891666666666666,0.024166666666666666,0.06583333333333334,-0.12916666666666668,0.4000000000000001,2.5,7.675,0.355375,0.3601666666666667,0.3775833333333333,0.3960000000000001
2022-01-11,sa,-3.533333333333333,87.375,-5.3500000000000005,-7.891666666666667,1005.3833333333333,1000.6999999999999,0.4316666666666667,91.0,48.541666666666664,88.33333333333333,88.83333333333333,47.666666666666664,1.1666666666666667,46.5,4.4125000000000005,22.150000000000002,33.625,308.4583333333333,316.75,36.9125,0.016666666666666666,0.06333333333333334,-0.1625,0.42083333333333334,2.4041666666666663,7.5625,0.355,0.3597916666666667,0.37666666666666665,0.3960000000000001
2022-01-12,sa,-0.6625,87.95833333333333,-2.4541666666666666,-6.616666666666667,985.3833333333333,980.8541666666666,0.5979166666666667,95.375,69.70833333333333,94.29166666666667,62.458333333333336,38.916666666666664,0.5,38.416666666666664,1.6166666666666665,32.5625,46.93333333333334,130.66666666666666,130.79166666666666,58.32916666666667,0.020833333333333332,0.06999999999999999,0.02916666666666667,0.5,2.4,7.454166666666667,0.3541666666666667,0.359,0.3757916666666667,0.3960000000000001
2022-01-13,sa,-1.0833333333333333,84.5,-3.3791666666666664,-7.308333333333334,990.8541666666666,986.2541666666666,0.27999999999999997,93.25,35.125,94.0,44.666666666666664,68.125,22.666666666666668,45.458333333333336,63.9125,35.93333333333333,47.84166666666667,147.79166666666666,152.04166666666666,62.18333333333334,0.029583333333333333,0.08833333333333333,0.17916666666666667,0.5,2.4,7.345833333333334,0.3539999999999999,0.3585416666666667,0.3749166666666666,0.3955416666666667
2022-01-14,sa,-1.5416666666666667,86.125,-3.5625,-6.283333333333334,997.5958333333333,992.9958333333334,0.2975,91.58333333333333,65.625,90.66666666666667,11.291666666666666,47.291666666666664,3.375,43.916666666666664,10.325000000000001,24.400000000000002,41.6875,95.875,131.70833333333334,61.56666666666666,0.025416666666666667,0.075,0.2916666666666667,0.5833333333333334,2.4,7.241666666666667,0.353,0.35799999999999993,0.37399999999999994,0.395
2022-01-15,sa,-1.6166666666666665,86.58333333333333,-3.5583333333333336,-4.8999999999999995,1013.85,1009.1625,0.11958333333333333,76.66666666666667,54.791666666666664,55.333333333333336,13.791666666666666,93.0,56.916666666666664,36.083333333333336,163.7458333333333,17.575,27.825,130.20833333333334,128.0,34.425,0.02791666666666667,0.07375,0.38333333333333336,0.6375,2.4,7.137499999999999,0.352875,0.3572916666666666,0.3730833333333334,0.395
2022-01-16,sa,-2.2375000000000003,89.0,-3.8333333333333335,-5.054166666666666,1013.6791666666667,1008.9958333333334,0.06416666666666666,89.125,38.166666666666664,68.0,59.458333333333336,65.45833333333333,11.083333333333334,54.375,31.708333333333332,13.916666666666666,20.041666666666668,298.6666666666667,291.7916666666667,23.795833333333334,0.02125,0.05666666666666667,0.4000000000000001,0.6999999999999998,2.4,7.0375000000000005,0.35200000000000004,0.357,0.37224999999999997,0.395
2022-01-17,sa,-2.7375000000000003,82.41666666666667,-5.3625,-5.375,1006.4250000000001,1001.7791666666667,0.07,61.208333333333336,21.416666666666668,58.75,22.375,89.75,50.291666666666664,39.458333333333336,145.47083333333333,14.741666666666667,20.295833333333334,202.58333333333334,198.0,27.349999999999998,0.025416666666666667,0.08791666666666666,0.4875,0.8000000000000002,2.4,6.9375,0.351875,0.3561666666666667,0.3714583333333333,0.395
2022-01-18,sa,-5.870833333333334,82.08333333333333,-8.441666666666666,-7.033333333333334,1009.275,1004.5749999999999,0.02041666666666667,79.04166666666667,22.291666666666668,82.58333333333333,47.041666666666664,75.20833333333333,18.125,57.083333333333336,50.92916666666667,10.4625,15.920833333333334,138.70833333333334,131.33333333333334,22.02916666666667,0.024583333333333332,0.07125,0.42500000000000004,0.8166666666666668,2.4,6.841666666666666,0.351,0.35600000000000004,0.3706666666666667,0.395
2022-01-19,sa,-5.6625000000000005,80.29166666666667,-8.554166666666665,-7.3125,1016.7791666666667,1012.025,0.0,45.333333333333336,2.8333333333333335,49.708333333333336,43.041666666666664,109.5,83.125,26.375,240.91666666666666,6.116666666666667,10.141666666666667,69.625,63.166666666666664,14.5625,0.02916666666666667,0.08041666666666668,0.4000000000000001,0.9,2.4,6.745833333333334,0.3509166666666666,0.35504166666666664,0.36991666666666667,0.395
2022-01-20,sa,-7.441666666666666,74.33333333333333,-11.3125,-9.333333333333334,1016.2291666666666,1011.4375,0.0,43.666666666666664,6.791666666666667,45.5,34.25,102.625,60.75,41.875,172.49166666666667,3.6916666666666664,5.966666666666668,118.375,89.33333333333333,13.933333333333332,0.0275,0.09166666666666667,0.3083333333333333,0.8083333333333335,2.4,6.654166666666666,0.3499999999999999,0.355,0.369,0.39445833333333336
2022-01-21,sa,-6.916666666666667,79.75,-9.825000000000001,-8.3125,1019.5875,1014.8541666666666,0.09041666666666669,56.291666666666664,27.625,53.166666666666664,0.0,87.95833333333333,48.25,39.708333333333336,140.52916666666667,19.1875,28.133333333333336,116.375,111.75,30.34166666666667,0.03333333333333333,0.07291666666666667,0.21250000000000002,0.8000000000000002,2.4,6.5625,0.3499999999999999,0.35404166666666664,0.3682083333333333,0.39399999999999996
2022-01-22,sa,-5.133333333333334,86.70833333333333,-7.004166666666666,-6.608333333333333,1022.8249999999999,1018.0500000000001,0.12250000000000001,67.45833333333333,44.75,46.958333333333336,0.0,88.875,43.125,45.75,120.25833333333333,8.133333333333333,11.070833333333333,140.33333333333334,139.08333333333334,20.504166666666666,0.0275,0.05791666666666667,0.23750000000000002,0.8000000000000002,2.4,6.479166666666667,0.34912499999999996,0.3539999999999999,0.3675,0.39399999999999996
2022-01-23,sa,-4.570833333333334,83.625,-6.9750000000000005,-6.991666666666667,1019.4041666666667,1014.6625,0.02916666666666667,73.16666666666667,56.916666666666664,42.041666666666664,0.375,84.41666666666667,41.916666666666664,42.5,123.12916666666666,6.633333333333333,8.120833333333334,198.29166666666666,203.125,11.741666666666667,0.025416666666666667,0.07625,0.3,0.8000000000000002,2.375,6.391666666666667,0.349,0.35308333333333336,0.36683333333333334,0.39399999999999996
2022-01-24,sa,-4.891666666666667,86.16666666666667,-6.8875,-6.920833333333333,1016.7958333333332,1012.0583333333334,0.05833333333333334,76.5,54.791666666666664,48.041666666666664,0.0,107.0,70.91666666666667,36.083333333333336,196.79999999999998,8.545833333333333,11.129166666666668,125.08333333333333,121.875,16.258333333333333,0.0275,0.05958333333333333,0.3,0.7124999999999999,2.3,6.3,0.34829166666666667,0.353,0.36599999999999994,0.39399999999999996
2022-01-25,sa,-4.441666666666666,88.625,-6.070833333333333,-6.0125,1019.8416666666667,1015.0749999999999,0.026250000000000006,83.125,71.0,37.416666666666664,0.4583333333333333,75.66666666666667,28.416666666666668,47.25,76.66250000000001,4.254166666666666,5.1,221.66666666666666,215.16666666666666,11.9125,0.023749999999999997,0.05291666666666667,0.3,0.6999999999999998,2.3,6.208333333333333,0.34800000000000003,0.3521666666666667,0.36520833333333336,0.39399999999999996
2022-01-26,sa,-3.3125,89.20833333333333,-4.866666666666666,-5.091666666666667,1016.0500000000001,1011.3249999999999,0.105,89.95833333333333,50.333333333333336,79.625,58.291666666666664,66.0,5.5,60.5,15.341666666666667,7.7625,11.104166666666666,257.6666666666667,254.25,14.779166666666667,0.02,0.052083333333333336,0.3,0.6999999999999998,2.3,6.129166666666666,0.347625,0.35200000000000004,0.3645833333333333,0.3934583333333333
2022-01-27,sa,-4.2625,83.375,-6.720833333333334,-6.458333333333333,1013.2624999999999,1008.5416666666666,0.037916666666666675,46.791666666666664,20.875,46.5,0.041666666666666664,102.79166666666667,54.583333333333336,48.208333333333336,153.37916666666666,10.358333333333333,14.637500000000001,149.625,141.75,19.704166666666666,0.029583333333333333,0.08041666666666666,0.3,0.7083333333333334,2.3,6.05,0.347,0.3513333333333333,0.36400000000000005,0.393
2022-01-28,sa,-6.541666666666667,82.41666666666667,-9.070833333333333,-9.1875,1010.8541666666666,1006.1208333333334,0.10791666666666667,51.833333333333336,30.125,41.083333333333336,0.0,108.70833333333333,68.20833333333333,40.5,181.39166666666665,13.200000000000001,17.091666666666665,179.20833333333334,176.875,22.983333333333334,0.02791666666666667,0.07041666666666667,0.3,0.7333333333333334,2.2125,5.9750000000000005,0.3469583333333333,0.351,0.363,0.393
2022-01-29,sa,-8.945833333333333,77.0,-12.258333333333333,-11.25,1007.9083333333333,1003.1708333333332,0.13125,67.79166666666667,31.166666666666668,66.29166666666667,0.0,107.33333333333333,61.791666666666664,45.541666666666664,158.50416666666666,19.216666666666665,26.708333333333332,158.08333333333334,157.625,35.32083333333333,0.03208333333333333,0.07416666666666667,0.21666666666666667,0.6999999999999998,2.2,5.900000000000001,0.3459999999999999,0.3505416666666667,0.3625,0.393
2022-01-30,sa,-10.858333333333334,69.33333333333333,-15.420833333333334,-13.583333333333334,1009.5791666666668,1004.7791666666667,0.16333333333333333,61.625,30.333333333333332,57.25,0.0,106.58333333333333,53.958333333333336,52.625,141.43333333333334,24.037499999999998,33.020833333333336,154.375,154.33333333333334,37.829166666666666,0.03375,0.08541666666666668,0.20000000000000004,0.6999999999999998,2.2,5.804166666666666,0.3459999999999999,0.3499999999999999,0.36199999999999993,0.393
2022-01-31,sa,-10.4375,71.41666666666667,-14.658333333333333,-11.958333333333334,1012.0124999999999,1007.2125,0.07291666666666667,59.75,28.583333333333332,56.5,0.0,105.79166666666667,49.291666666666664,56.5,129.05416666666667,12.083333333333334,18.483333333333334,147.70833333333334,147.95833333333334,22.983333333333334,0.029583333333333333,0.08083333333333333,0.15416666666666667,0.6999999999999998,2.2,5.733333333333333,0.34541666666666665,0.349875,0.361,0.393
2022-02-01,sa,-7.675,76.04166666666667,-11.233333333333334,-9.137500000000001,1011.85,1007.1166666666667,0.05541666666666667,80.91666666666667,64.125,40.333333333333336,0.0,116.95833333333333,70.83333333333333,46.125,185.00833333333333,16.375,24.229166666666668,170.66666666666666,168.70833333333334,27.895833333333332,0.03833333333333334,0.08708333333333333,0.10000000000000002,0.6458333333333334,2.1,5.6625000000000005,0.345,0.349,0.3605416666666667,0.392125
2022-02-02,sa,-6.9375,82.66666666666667,-9.4,-6.5,1011.8916666666668,1007.1916666666666,0.07291666666666667,60.458333333333336,43.916666666666664,34.916666666666664,0.0,111.625,62.916666666666664,48.708333333333336,158.0,7.141666666666667,18.404166666666665,248.20833333333334,160.29166666666666,32.0,0.03791666666666667,0.065,0.10000000000000002,0.6,2.1,5.595833333333332,0.345,0.349,0.36000000000000004,0.39200000000000007
2022-02-03,sa,-7.204166666666667,81.33333333333333,-9.908333333333333,-8.9625,1010.4,1005.6999999999999,0.12541666666666668,50.458333333333336,29.291666666666668,41.25,0.0,113.66666666666667,66.58333333333333,47.083333333333336,171.49166666666667,15.554166666666667,24.416666666666668,215.08333333333334,126.16666666666667,32.40833333333333,0.029583333333333333,0.07041666666666667,0.10000000000000002,0.6,2.0958333333333337,5.5,0.34400000000000003,0.34824999999999995,0.35912499999999997,0.39200000000000007
2022-02-04,sa,-7.4624999999999995,77.25,-10.804166666666667,-9.875,1008.2541666666666,1003.5416666666666,0.07,78.375,58.25,56.958333333333336,0.0,110.41666666666667,57.25,53.166666666666664,140.34166666666667,15.799999999999999,21.59583333333333,175.79166666666666,172.70833333333334,28.34166666666667,0.03208333333333333,0.08333333333333333,0.10000000000000002,0.6,2.0,5.433333333333334,0.34400000000000003,0.34800000000000003,0.35874999999999996,0.39200000000000007
2022-02-05,sa,-8.229166666666666,79.625,-11.1625,-9.245833333333334,1003.9458333333333,999.2208333333333,0.12833333333333333,56.0,24.041666666666668,57.166666666666664,0.0,119.70833333333333,71.125,48.583333333333336,176.28333333333333,9.429166666666667,13.645833333333334,163.91666666666666,163.20833333333334,21.65416666666667,0.030416666666666665,0.07083333333333333,0.10000000000000002,0.6,2.0,5.370833333333334,0.3436666666666666,0.3477083333333333,0.35799999999999993,0.39200000000000007
2022-02-06,sa,-7.454166666666667,82.54166666666667,-9.924999999999999,-9.070833333333335,1007.8583333333332,1003.1583333333333,0.18666666666666665,67.95833333333333,25.541666666666668,75.0,0.0,112.04166666666667,60.166666666666664,51.875,149.61666666666667,17.400000000000002,25.570833333333336,139.08333333333334,138.83333333333334,29.50833333333333,0.0325,0.0625,0.05833333333333334,0.5416666666666666,2.0,5.3,0.343,0.347,0.35741666666666666,0.3914583333333333
2022-02-07,sa,-6.570833333333333,82.33333333333333,-9.108333333333333,-8.174999999999999,1016.2333333333332,1011.5083333333333,0.09916666666666668,41.916666666666664,17.791666666666668,42.75,0.625,124.20833333333333,74.5,49.708333333333336,187.9333333333333,16.345833333333335,23.479166666666668,164.08333333333334,160.29166666666666,29.504166666666666,0.03625,0.06958333333333333,0.10000000000000002,0.5,1.8999999999999997,5.216666666666667,0.343,0.347,0.357,0.391
2022-02-08,sa,-6.304166666666667,78.625,-9.445833333333335,-8.254166666666666,1019.3708333333334,1014.6083333333332,0.05250000000000001,88.5,66.91666666666667,69.20833333333333,6.666666666666667,99.66666666666667,45.291666666666664,54.375,113.30416666666667,13.704166666666666,19.166666666666668,178.16666666666666,176.75,24.054166666666664,0.0375,0.08541666666666665,0.10000000000000002,0.5,1.8999999999999997,5.158333333333333,0.34241666666666665,0.34624999999999995,0.3561666666666667,0.391
2022-02-09,sa,-5.4624999999999995,76.375,-9.008333333333333,-8.237499999999999,1023.0583333333334,1018.2791666666667,0.026250000000000006,81.66666666666667,69.58333333333333,38.0,0.0,106.08333333333333,47.333333333333336,58.75,116.74166666666667,15.908333333333333,23.212500000000002,154.29166666666666,150.0,27.545833333333334,0.03875,0.09875,0.10000000000000002,0.5,1.8999999999999997,5.1,0.342,0.3459999999999999,0.3559583333333333,0.391
2022-02-10,sa,-5.633333333333333,83.91666666666667,-7.979166666666667,-7.266666666666667,1024.1166666666666,1019.3291666666668,0.0,31.916666666666668,35.041666666666664,0.7083333333333334,0.0,120.16666666666667,71.70833333333333,48.458333333333336,173.97916666666666,3.3000000000000003,4.129166666666666,218.625,181.91666666666666,9.091666666666667,0.03375,0.07041666666666667,0.10000000000000002,0.5,1.8083333333333333,5.004166666666666,0.342,0.345875,0.355,0.391
2022-02-12,sa,-6.666666666666667,84.29166666666667,-8.933333333333334,-8.233333333333333,1021.7750000000001,1017.0083333333333,0.09041666666666666,58.25,20.166666666666668,59.458333333333336,20.291666666666668,142.54166666666666,101.41666666666667,41.125,229.75833333333333,11.133333333333333,17.354166666666668,310.25,310.125,19.349999999999998,0.0375,0.06125,-0.10000000000000002,0.5,1.8,4.9,0.341,0.345,0.3539999999999999,0.38999999999999996
2022-02-13,sa,-3.4916666666666667,74.29166666666667,-7.620833333333334,-6.645833333333333,1018.9083333333333,1014.1833333333334,0.0525,73.45833333333333,50.0,52.708333333333336,0.0,132.875,76.54166666666667,56.333333333333336,179.9375,12.270833333333334,16.366666666666667,232.08333333333334,226.54166666666666,21.241666666666667,0.04083333333333333,0.12916666666666668,-0.10000000000000002,0.40416666666666673,1.7416666666666665,4.8,0.341,0.3445416666666667,0.35375,0.38999999999999996
2022-02-14,sa,-5.116666666666666,80.83333333333333,-7.9375,-6.4750000000000005,1020.4333333333334,1015.6666666666666,0.005833333333333334,18.166666666666668,13.375,10.041666666666666,0.0,148.125,108.08333333333333,40.041666666666664,256.625,5.920833333333333,8.779166666666667,98.95833333333333,94.125,13.3375,0.04,0.08125,-0.10000000000000002,0.4000000000000001,1.7,4.758333333333334,0.34016666666666673,0.34400000000000003,0.353,0.38999999999999996
2022-02-15,sa,-6.441666666666666,82.125,-9.045833333333333,-8.783333333333333,1016.5625,1011.8208333333333,0.026250000000000006,79.0,42.625,60.416666666666664,74.04166666666667,131.70833333333334,52.416666666666664,79.29166666666667,129.22083333333333,12.408333333333333,17.408333333333335,263.875,302.4166666666667,21.616666666666664,0.03666666666666667,0.0725,-0.10000000000000002,0.4000000000000001,1.7,4.7,0.34,0.34400000000000003,0.35266666666666663,0.38999999999999996
2022-02-16,sa,-5.083333333333333,77.75,-8.4,-7.7625,1007.1333333333333,1002.4416666666666,0.03791666666666667,95.45833333333333,63.375,72.95833333333333,30.666666666666668,106.95833333333333,40.416666666666664,66.54166666666667,87.02499999999999,16.0,24.412499999999998,348.1666666666667,340.0416666666667,26.883333333333336,0.0375,0.09583333333333333,-0.10000000000000002,0.4000000000000001,1.6624999999999999,4.6125,0.34,0.343375,0.35200000000000004,0.3897083333333333
2022-02-17,sa,-4.929166666666666,82.83333333333333,-7.416666666666667,-6.8875,1011.7208333333333,1007.0166666666668,0.011666666666666667,78.70833333333333,19.333333333333332,78.45833333333333,72.29166666666667,147.95833333333334,93.83333333333333,54.125,206.775,10.783333333333333,14.929166666666667,183.20833333333334,181.375,18.6125,0.043750000000000004,0.07583333333333334,-0.10000000000000002,0.4000000000000001,1.6000000000000003,4.570833333333333,0.33916666666666667,0.343,0.3517083333333333,0.389
2022-02-18,sa,-5.645833333333333,79.91666666666667,-8.549999999999999,-7.820833333333333,1022.4583333333334,1017.6750000000001,0.0175,54.083333333333336,42.208333333333336,25.875,1.9166666666666667,151.75,99.5,52.25,231.1833333333333,11.15,16.099999999999998,129.04166666666666,126.875,18.3,0.04583333333333334,0.0825,-0.10000000000000002,0.4000000000000001,1.6000000000000003,4.5,0.339,0.343,0.351,0.389
2022-02-19,sa,-4.108333333333333,81.625,-6.816666666666666,-7.083333333333333,1019.4583333333334,1014.7208333333333,0.035,95.83333333333333,48.291666666666664,78.625,80.91666666666667,142.70833333333334,74.54166666666667,68.16666666666667,158.77916666666667,15.5875,22.395833333333332,279.6666666666667,274.3333333333333,28.05,0.04666666666666667,0.08583333333333333,-0.10000000000000002,0.4000000000000001,1.6000000000000003,4.429166666666667,0.339,0.3422083333333334,0.3507916666666666,0.389
2022-02-20,sa,-2.283333333333333,79.45833333333333,-5.441666666666666,-7.404166666666666,1001.5416666666666,996.9416666666666,0.24208333333333332,62.958333333333336,44.958333333333336,59.75,0.4166666666666667,124.70833333333333,78.08333333333333,46.625,159.14583333333334,28.995833333333334,40.262499999999996,175.91666666666666,176.25,46.93333333333334,0.04791666666666667,0.10416666666666667,-0.04583333333333334,0.4000000000000001,1.5208333333333333,4.395833333333334,0.33837500000000004,0.342,0.3499999999999999,0.389
2022-02-21,sa,-3.454166666666667,80.54166666666667,-6.325,-10.620833333333334,998.8874999999999,994.2458333333334,0.3441666666666667,96.875,37.541666666666664,92.875,79.33333333333333,102.91666666666667,26.375,76.54166666666667,56.275,42.012499999999996,57.479166666666664,135.20833333333334,135.125,69.31666666666666,0.035416666666666666,0.09208333333333334,0.05000000000000001,0.4000000000000001,1.5,4.3,0.338,0.342,0.3499999999999999,0.38879166666666665
2022-02-22,sa,-4.204166666666667,81.75,-6.858333333333333,-8.674999999999999,1008.0875,1003.3874999999999,0.20125,88.33333333333333,30.625,96.0,42.166666666666664,123.79166666666667,33.5,90.29166666666667,69.34583333333333,25.195833333333336,34.458333333333336,119.125,119.54166666666667,42.34583333333333,0.03791666666666667,0.0825,0.10000000000000002,0.4000000000000001,1.5,4.266666666666667,0.338,0.34120833333333334,0.349,0.38800000000000007
2022-02-23,sa,-4.645833333333333,77.91666666666667,-7.933333333333334,-8.608333333333333,1012.9833333333332,1008.2833333333333,0.061250000000000006,83.25,53.458333333333336,58.083333333333336,45.541666666666664,137.41666666666666,69.5,67.91666666666667,148.15833333333333,23.633333333333336,33.15833333333333,146.95833333333334,145.79166666666666,36.74166666666667,0.04541666666666667,0.09875,0.10000000000000002,0.4000000000000001,1.5,4.2,0.3375416666666667,0.341,0.349,0.38800000000000007
2022-02-24,sa,-4.833333333333333,78.79166666666667,-7.966666666666666,-7.841666666666666,1011.4166666666666,1006.7166666666667,0.09333333333333334,83.625,59.291666666666664,63.708333333333336,0.0,127.54166666666667,49.958333333333336,77.58333333333333,101.97083333333335,20.220833333333335,28.979166666666668,168.20833333333334,166.91666666666666,36.9,0.045000000000000005,0.09375,0.10000000000000002,0.4000000000000001,1.5,4.141666666666667,0.337,0.341,0.34824999999999995,0.38800000000000007
2022-02-25,sa,-3.654166666666667,78.08333333333333,-6.954166666666667,-5.7625,1010.3833333333333,1005.7208333333333,0.035,73.79166666666667,59.416666666666664,37.458333333333336,0.0,130.79166666666666,53.25,77.54166666666667,111.59166666666665,20.616666666666667,29.925,174.45833333333334,171.25,35.4125,0.052083333333333336,0.10875,0.10000000000000002,0.4000000000000001,1.4041666666666666,4.1,0.337,0.34025,0.34800000000000003,0.38800000000000007
2022-02-26,sa,-2.841666666666667,83.0,-5.3374999999999995,-2.595833333333333,1007.2416666666667,1002.6125000000001,0.0,27.708333333333332,16.291666666666668,13.916666666666666,15.375,171.54166666666666,121.95833333333333,49.583333333333336,270.17083333333335,12.804166666666667,21.525000000000002,245.33333333333334,240.70833333333334,22.087500000000002,0.06416666666666666,0.08875,0.10000000000000002,0.4000000000000001,1.3999999999999997,4.016666666666667,0.33687500000000004,0.34,0.3475833333333333,0.38775000000000004
2022-02-27,sa,-1.2708333333333333,80.25,-4.254166666666666,-4.754166666666666,1004.7833333333333,1000.1583333333333,0.035,72.58333333333333,30.958333333333332,66.125,38.916666666666664,142.66666666666666,73.66666666666667,69.0,151.64583333333334,18.804166666666667,26.375,161.70833333333334,159.0,30.179166666666664,0.05583333333333334,0.10916666666666668,0.10000000000000002,0.4000000000000001,1.3999999999999997,4.0,0.336,0.34,0.347,0.387
2022-02-28,sa,-3.875,74.08333333333333,-7.858333333333333,-6.941666666666666,1012.3791666666666,1007.6791666666667,0.06708333333333334,52.375,18.583333333333332,50.083333333333336,19.083333333333332,167.875,111.5,56.375,227.59583333333333,26.458333333333332,37.5875,163.625,162.625,45.30833333333334,0.06583333333333334,0.12416666666666666,0.10000000000000002,0.4000000000000001,1.3999999999999997,3.9,0.336,0.33945833333333336,0.347,0.387
2022-03-01,sa,-2.5083333333333333,87.08333333333333,-4.379166666666666,-4.283333333333333,1008.8416666666667,1004.1916666666666,0.2304166666666667,79.41666666666667,50.666666666666664,71.45833333333333,58.916666666666664,80.29166666666667,5.833333333333333,74.45833333333333,13.924999999999999,10.9625,15.6625,175.91666666666666,177.29166666666666,19.954166666666666,0.035833333333333335,0.06375,0.10000000000000002,0.4000000000000001,1.3999999999999997,3.8874999999999997,0.336,0.339,0.34604166666666664,0.387
2022-03-02,sa,-2.904166666666667,79.83333333333333,-5.9750000000000005,-5.5125,1007.3333333333334,1002.6791666666667,0.014583333333333335,44.708333333333336,18.708333333333332,46.333333333333336,0.0,177.41666666666666,120.54166666666667,56.875,250.21249999999998,14.979166666666666,20.625,177.45833333333334,174.20833333333334,26.229166666666668,0.0575,0.10458333333333332,0.10000000000000002,0.4000000000000001,1.3999999999999997,3.7999999999999994,0.33537500000000003,0.339,0.3459999999999999,0.387
2022-03-03,sa,-4.983333333333333,85.25,-7.1000000000000005,-6.258333333333333,1006.35,1001.6833333333334,0.19541666666666668,68.0,29.625,65.125,40.25,73.79166666666667,16.416666666666668,57.375,50.34583333333333,14.466666666666667,22.058333333333334,200.83333333333334,198.08333333333334,27.558333333333334,0.03375,0.060416666666666674,0.02916666666666667,0.4000000000000001,1.3375000000000001,3.779166666666667,0.335,0.33879166666666666,0.3455833333333333,0.38683333333333336
2022-03-04,sa,-3.470833333333333,76.75,-7.091666666666666,-5.129166666666666,1013.3375,1008.6625,0.014583333333333335,74.16666666666667,46.125,45.958333333333336,24.5,175.16666666666666,108.95833333333333,66.20833333333333,223.625,12.333333333333334,18.279166666666665,203.83333333333334,201.33333333333334,22.483333333333334,0.06375,0.12125000000000001,0.0,0.4000000000000001,1.3,3.7000000000000006,0.335,0.338,0.345,0.38599999999999995
2022-03-05,sa,-2.1374999999999997,86.58333333333333,-4.075,-5.908333333333334,999.4708333333333,994.85,0.15458333333333332,71.33333333333333,24.833333333333332,63.333333333333336,60.5,97.41666666666667,10.791666666666666,86.625,20.8625,24.870833333333334,36.50833333333333,289.75,283.5833333333333,43.36666666666667,0.0325,0.07208333333333333,0.0,0.3958333333333333,1.3,3.6791666666666667,0.335,0.338,0.345,0.38599999999999995
2022-03-06,sa,-2.3333333333333335,82.08333333333333,-5.033333333333333,-5.104166666666667,996.2333333333332,991.6333333333333,0.014583333333333335,52.75,22.791666666666668,40.25,32.583333333333336,188.41666666666666,131.5,56.916666666666664,263.44166666666666,16.166666666666668,22.179166666666664,161.04166666666666,161.45833333333334,28.804166666666664,0.06166666666666667,0.09708333333333334,0.08333333333333333,0.3083333333333333,1.3,3.6,0.33425,0.338,0.3442083333333333,0.38599999999999995
2022-03-07,sa,-1.6125,78.375,-4.904166666666667,-4.783333333333333,1012.5583333333334,1007.8958333333334,0.02041666666666667,59.208333333333336,47.25,17.958333333333332,19.75,168.04166666666666,90.83333333333333,77.20833333333333,178.48333333333335,19.599999999999998,27.254166666666666,137.20833333333334,132.79166666666666,32.541666666666664,0.06125,0.12,0.10000000000000002,0.3,1.3,3.5875000000000004,0.334,0.33720833333333333,0.34400000000000003,0.38599999999999995
2022-03-08,sa,-1.7833333333333332,82.08333333333333,-4.454166666666667,-3.579166666666667,1015.6374999999999,1010.9625,0.005833333333333334,48.833333333333336,32.5,26.75,11.583333333333334,175.41666666666666,109.66666666666667,65.75,216.2875,11.095833333333333,15.1,169.45833333333334,162.75,18.808333333333334,0.05875,0.09875,0.10000000000000002,0.3,1.3,3.5,0.334,0.337,0.34400000000000003,0.3857916666666667
2022-03-09,sa,-0.6291666666666667,75.45833333333333,-4.5249999999999995,-2.8208333333333333,1020.4458333333333,1015.7583333333333,0.0,13.916666666666666,12.333333333333334,0.4166666666666667,8.375,209.83333333333334,167.0,42.833333333333336,329.5,6.929166666666667,8.854166666666666,192.79166666666666,182.41666666666666,13.441666666666668,0.075,0.15375,0.10000000000000002,0.3,1.2208333333333334,3.5,0.33370833333333333,0.337,0.343,0.385
2022-03-10,sa,-1.5333333333333332,82.125,-4.2749999999999995,-2.1333333333333333,1020.6291666666666,1015.9541666666668,0.0,4.583333333333333,0.375,1.75,10.458333333333334,213.41666666666666,174.20833333333334,39.208333333333336,342.7625,8.083333333333334,12.079166666666666,282.3333333333333,273.5416666666667,14.299999999999999,0.07333333333333333,0.10916666666666668,0.0,0.3,1.2,3.4,0.333,0.33675000000000005,0.343,0.385
2022-03-11,sa,0.4875,87.16666666666667,-1.4291666666666665,-1.3083333333333333,1012.1750000000001,1007.5458333333332,0.0,73.04166666666667,27.625,57.583333333333336,45.5,150.04166666666666,68.875,81.16666666666667,129.075,14.970833333333333,24.3125,294.5416666666667,281.6666666666667,26.729166666666668,0.05291666666666667,0.08750000000000001,0.012500000000000002,0.3,1.2,3.4,0.333,0.336,0.3428333333333334,0.385
2022-03-12,sa,-0.17500000000000004,84.16666666666667,-2.5749999999999997,-3.1999999999999997,1014.025,1009.3874999999999,0.0,36.875,25.75,19.166666666666668,7.166666666666667,204.70833333333334,149.375,55.333333333333336,281.89166666666665,17.875,29.420833333333334,155.54166666666666,148.25,30.099999999999998,0.06,0.10041666666666667,0.10000000000000002,0.3,1.2,3.3166666666666664,0.333,0.336,0.342,0.385
2022-03-13,sa,0.3125,84.25,-2.0749999999999997,-2.6458333333333335,1018.3458333333333,1013.6625,0.0,61.458333333333336,6.291666666666667,56.333333333333336,73.83333333333333,198.125,132.79166666666666,65.33333333333333,232.84583333333333,8.516666666666667,13.299999999999999,305.75,288.1666666666667,14.833333333333334,0.06166666666666667,0.10291666666666667,0.16666666666666666,0.3,1.2,3.2999999999999994,0.33808333333333335,0.336,0.342,0.38491666666666663
2022-03-14,sa,0.6708333333333333,85.16666666666667,-1.5833333333333333,-0.6666666666666666,1015.4458333333333,1010.8041666666667,0.0,48.125,23.333333333333332,26.375,51.958333333333336,213.66666666666666,168.45833333333334,45.208333333333336,313.06666666666666,7.654166666666666,11.716666666666667,206.75,182.91666666666666,14.658333333333333,0.07125,0.10125,0.20000000000000004,0.3666666666666667,1.2,3.2416666666666667,0.369375,0.34112499999999996,0.342,0.38400000000000006
2022-03-15,sa,-0.18333333333333335,91.16666666666667,-1.45,-3.2541666666666664,1008.4416666666666,1003.8375,0.37333333333333335,99.875,70.04166666666667,94.29166666666667,70.875,61.166666666666664,5.208333333333333,55.958333333333336,9.554166666666665,14.995833333333332,22.041666666666668,199.04166666666666,207.45833333333334,29.233333333333334,0.02291666666666667,0.05375,0.2791666666666667,0.4000000000000001,1.2,3.2000000000000006,0.3685,0.35270833333333335,0.342,0.38400000000000006
2022-03-16,sa,0.7125,90.41666666666667,-0.7125,-0.5833333333333334,1013.4791666666666,1008.8583333333332,0.0,79.375,48.5,53.5,34.791666666666664,122.25,28.25,94.0,52.275,5.5125,7.208333333333333,217.70833333333334,213.75,10.145833333333334,0.04708333333333334,0.065,0.3,0.4000000000000001,1.2,3.170833333333334,0.37766666666666665,0.3569166666666666,0.342,0.38400000000000006
2022-03-17,sa,-0.8166666666666665,86.625,-2.7916666666666665,-2.8000000000000003,1017.6541666666667,1012.9583333333334,0.02041666666666667,51.166666666666664,30.5,39.166666666666664,0.0,206.875,139.91666666666666,66.95833333333333,262.5708333333333,12.487499999999999,17.712500000000002,162.66666666666666,160.375,21.5625,0.05541666666666667,0.08208333333333333,0.3,0.4000000000000001,1.1624999999999999,3.1,0.3867083333333334,0.3670833333333334,0.34204166666666674,0.38400000000000006
2022-03-18,sa,-1.0416666666666667,74.75,-5.05,-3.8249999999999997,1018.2666666666668,1013.5666666666666,0.0,75.375,37.25,43.083333333333336,53.375,198.25,124.91666666666667,73.33333333333333,241.29166666666666,10.520833333333334,14.004166666666668,118.54166666666667,113.45833333333333,18.1375,0.07208333333333333,0.14916666666666667,0.3416666666666666,0.43333333333333335,1.1,3.1,0.3779166666666667,0.37175,0.343,0.38400000000000006
2022-03-19,sa,-1.125,85.0,-3.3625000000000003,-4.195833333333334,1005.2666666666668,1000.6333333333333,0.07583333333333334,91.66666666666667,38.958333333333336,63.791666666666664,91.25,115.20833333333333,13.0,102.20833333333333,22.1875,15.429166666666667,21.516666666666666,75.875,75.58333333333333,27.275000000000002,0.04416666666666667,0.08625,0.4000000000000001,0.5,1.1,3.016666666666667,0.36999999999999994,0.369875,0.34391666666666665,0.38316666666666666
2022-03-20,sa,-1.6541666666666668,80.125,-4.675,-4.9125,1009.8249999999999,1005.1958333333333,0.011666666666666667,77.66666666666667,44.666666666666664,56.291666666666664,59.041666666666664,173.04166666666666,68.66666666666667,104.375,126.53750000000001,20.745833333333334,29.395833333333332,129.75,127.41666666666667,34.44166666666667,0.06125,0.11166666666666668,0.4000000000000001,0.5,1.1,3.0,0.36645833333333333,0.3674583333333333,0.3444583333333333,0.383
2022-03-21,sa,-2.6166666666666667,77.5,-6.095833333333334,-5.245833333333334,1016.4125,1011.7125,0.07291666666666667,49.791666666666664,19.75,47.166666666666664,12.5,207.95833333333334,129.75,78.20833333333333,239.85,18.912499999999998,26.629166666666666,187.79166666666666,187.5,33.545833333333334,0.07041666666666667,0.12083333333333333,0.4000000000000001,0.5,1.1,2.975,0.36354166666666665,0.365375,0.345,0.383
2022-03-22,sa,-0.5666666666666667,83.125,-3.1374999999999997,-2.6374999999999997,1018.0166666666668,1013.3583333333332,0.011666666666666667,44.208333333333336,26.416666666666668,34.708333333333336,0.0,184.25,106.20833333333333,78.04166666666667,196.97916666666666,13.612499999999999,19.741666666666667,201.58333333333334,197.0,26.233333333333334,0.06291666666666666,0.10625,0.4000000000000001,0.5,1.1,2.9,0.37245833333333334,0.364625,0.34520833333333334,0.383
2022-03-23,sa,-0.22083333333333335,85.29166666666667,-2.4625,-0.85,1017.5583333333334,1012.9,0.0,60.166666666666664,4.166666666666667,60.333333333333336,67.25,220.375,127.375,93.0,233.65416666666667,7.479166666666667,11.154166666666667,278.1666666666667,272.2916666666667,13.816666666666668,0.08458333333333333,0.09875,0.4000000000000001,0.5,1.1041666666666667,2.9,0.3920416666666667,0.373375,0.34604166666666664,0.383
2022-03-24,sa,0.9416666666666668,84.79166666666667,-1.3666666666666665,-0.525,1016.6750000000001,1012.025,0.0,65.54166666666667,21.416666666666668,61.166666666666664,37.291666666666664,171.125,69.41666666666667,101.70833333333333,111.45416666666667,6.308333333333334,8.891666666666667,211.33333333333334,210.91666666666666,11.575000000000001,0.06458333333333334,0.105,0.46249999999999997,0.6,1.1791666666666667,2.841666666666667,0.406125,0.39366666666666666,0.347875,0.383
2022-03-25,sa,1.8541666666666667,83.20833333333333,-0.6958333333333334,0.3875,1023.1125000000001,1018.475,0.0,55.083333333333336,8.0,56.375,46.5,227.79166666666666,165.125,62.666666666666664,287.925,12.358333333333334,19.204166666666666,275.625,261.7916666666667,21.504166666666666,0.09000000000000001,0.12291666666666667,0.5,0.6,1.1916666666666667,2.7999999999999994,0.41358333333333336,0.41,0.3532916666666666,0.38233333333333336
2022-03-26,sa,3.329166666666667,89.33333333333333,1.7166666666666668,0.2916666666666667,1007.7958333333332,1003.2333333333332,0.0,94.875,29.833333333333332,99.5,90.29166666666667,113.70833333333333,11.291666666666666,102.41666666666667,17.683333333333334,19.304166666666667,31.8,316.7916666666667,307.2083333333333,32.987500000000004,0.04666666666666667,0.08458333333333334,0.5,0.6,1.2,2.7999999999999994,0.42383333333333334,0.42204166666666665,0.36633333333333334,0.38199999999999995
2022-03-27,sa,2.8333333333333335,80.125,-0.33749999999999997,0.5333333333333333,1000.5875,996.0583333333334,0.0,48.666666666666664,34.5,38.666666666666664,7.916666666666667,219.58333333333334,155.66666666666666,63.916666666666664,256.06666666666666,20.366666666666667,32.5375,188.625,187.08333333333334,35.858333333333334,0.08875,0.155,0.5,0.6,1.2,2.7291666666666665,0.42366666666666664,0.426625,0.3975,0.38258333333333333
2022-03-28,sa,1.1125,78.29166666666667,-2.2666666666666666,-1.3791666666666667,1015.2291666666666,1010.6041666666666,0.0,37.458333333333336,22.958333333333332,27.75,0.5,214.20833333333334,134.04166666666666,80.16666666666667,241.13333333333333,20.520833333333332,31.47083333333333,170.25,167.04166666666666,35.512499999999996,0.07916666666666666,0.14916666666666667,0.5,0.6,1.2,2.7000000000000006,0.41754166666666664,0.42241666666666666,0.41062499999999996,0.38354166666666667
2022-03-29,sa,1.4291666666666665,78.5,-1.9875,0.6124999999999999,1023.975,1019.3166666666666,0.0,4.083333333333333,0.5416666666666666,0.0,11.583333333333334,257.6666666666667,207.0,50.666666666666664,363.3458333333333,11.733333333333334,21.004166666666666,262.4583333333333,253.25,20.229166666666668,0.10791666666666666,0.1625,0.4791666666666667,0.6,1.2,2.7000000000000006,0.41912499999999997,0.42416666666666664,0.4177916666666666,0.38533333333333336
2022-03-30,sa,1.1666666666666667,82.20833333333333,-1.55,-0.6,1018.7708333333334,1014.1166666666667,0.0,74.83333333333333,23.0,63.291666666666664,88.08333333333333,142.79166666666666,45.75,97.04166666666667,83.77083333333333,12.016666666666666,18.695833333333333,200.41666666666666,191.70833333333334,20.008333333333333,0.06291666666666666,0.12541666666666665,0.4000000000000001,0.6,1.2,2.6208333333333336,0.418375,0.4243333333333333,0.42274999999999996,0.3878333333333333
2022-03-31,sa,0.8541666666666666,74.66666666666667,-3.15,-1.5291666666666668,1018.975,1014.3125,0.0,29.666666666666668,6.75,30.291666666666668,18.125,255.45833333333334,194.66666666666666,60.791666666666664,334.925,12.075000000000001,18.0625,163.95833333333334,151.125,21.52916666666667,0.09583333333333333,0.1729166666666667,0.4000000000000001,0.6,1.1500000000000001,2.6,0.4189583333333333,0.4244583333333333,0.42558333333333337,0.39087500000000003
2022-04-01,sa,-1.3291666666666668,71.70833333333333,-5.858333333333333,-4.7875000000000005,1020.0375,1015.3375,0.0,35.041666666666664,12.958333333333334,38.875,0.0,247.58333333333334,175.125,72.45833333333333,290.7291666666667,19.358333333333334,27.291666666666668,157.04166666666666,153.625,31.729166666666668,0.08208333333333333,0.16666666666666666,0.3083333333333333,0.6,1.1,2.6,0.41770833333333335,0.4230416666666667,0.426375,0.394375
2022-04-02,sa,-0.2125,75.875,-4.1375,-1.8166666666666667,1024.1583333333333,1019.4833333333332,0.0,27.666666666666668,19.0,17.333333333333332,0.25,254.5,181.08333333333334,73.41666666666667,318.40833333333336,14.416666666666666,21.033333333333335,195.58333333333334,189.66666666666666,23.837500000000002,0.09708333333333334,0.16708333333333333,0.19166666666666668,0.5333333333333333,1.1,2.5375,0.41924999999999996,0.4242916666666667,0.42695833333333333,0.3975416666666667
2022-04-03,sa,1.0166666666666666,82.5,-1.7333333333333334,0.09583333333333328,1027.2416666666666,1022.5749999999999,0.0,8.666666666666666,9.5,0.08333333333333333,0.0,253.70833333333334,194.0,59.708333333333336,328.9791666666667,12.404166666666667,18.3125,234.04166666666666,228.54166666666666,17.854166666666668,0.09833333333333333,0.1375,0.09166666666666667,0.5,1.1,2.5,0.41724999999999995,0.4220833333333333,0.4290833333333333,0.40166666666666667
2022-04-04,sa,1.1375,81.625,-1.7458333333333336,0.2541666666666667,1026.7916666666667,1022.1083333333332,0.0,0.0,0.0,0.0,0.0,276.9166666666667,224.20833333333334,52.708333333333336,382.89166666666665,9.725,16.029166666666665,290.6666666666667,282.875,16.641666666666666,0.10791666666666666,0.14416666666666667,0.1125,0.4291666666666667,1.1,2.5,0.41683333333333333,0.4202916666666667,0.4294166666666666,0.40650000000000003
2022-04-05,sa,4.370833333333334,81.83333333333333,1.3875,2.3916666666666666,1018.7791666666667,1014.1791666666667,0.0,1.4583333333333333,0.08333333333333333,0.0,4.583333333333333,272.25,220.45833333333334,51.791666666666664,373.8041666666666,14.483333333333334,24.370833333333334,300.6666666666667,289.0833333333333,26.275000000000002,0.10791666666666666,0.18625,1.6833333333333333,0.6708333333333334,1.1,2.4583333333333335,0.4185833333333333,0.42274999999999996,0.42966666666666664,0.4104583333333333
2022-04-06,sa,2.841666666666667,79.20833333333333,-0.5916666666666667,-0.7999999999999999,1015.3125,1010.6833333333334,0.0,49.0,34.375,34.958333333333336,10.208333333333334,144.79166666666666,81.29166666666667,63.5,142.29166666666666,16.104166666666668,22.95,191.875,186.54166666666666,28.083333333333332,0.06291666666666666,0.16375,2.1875,1.4916666666666665,1.1500000000000001,2.4,0.41912499999999997,0.4182083333333333,0.42883333333333334,0.414125
2022-04-07,sa,2.3333333333333335,65.54166666666667,-4.366666666666666,-0.37916666666666665,1016.4208333333332,1011.7958333333332,0.0175,62.083333333333336,2.25,64.54166666666667,71.0,211.45833333333334,120.875,90.58333333333333,202.39583333333334,9.895833333333334,14.887500000000001,254.375,248.04166666666666,17.7,0.09208333333333334,0.29875,1.4958333333333333,1.3083333333333333,1.2416666666666667,2.4,0.41283333333333333,0.41191666666666665,0.42566666666666664,0.41641666666666666
2022-04-08,sa,3.3333333333333335,71.33333333333333,-1.8291666666666666,0.46249999999999997,1014.5,1009.8791666666666,0.02916666666666667,57.583333333333336,18.041666666666668,53.458333333333336,38.416666666666664,259.2083333333333,197.45833333333334,61.75,322.3916666666667,12.1,17.05,200.625,196.58333333333334,22.645833333333332,0.09666666666666666,0.2529166666666667,3.4875000000000003,2.2916666666666665,1.3583333333333334,2.4,0.41241666666666665,0.409375,0.42287499999999995,0.417375
2022-04-09,sa,6.791666666666667,77.95833333333333,2.9625,3.6958333333333333,1010.525,1005.975,0.0,41.208333333333336,10.25,35.083333333333336,36.458333333333336,225.79166666666666,156.41666666666666,69.375,237.19166666666663,16.058333333333334,24.78333333333333,254.95833333333334,246.33333333333334,29.495833333333334,0.10166666666666667,0.255,6.0625,4.2250000000000005,1.6708333333333334,2.3666666666666667,0.41225,0.409,0.4207916666666667,0.418
2022-04-10,sa,7.520833333333333,80.375,4.1499999999999995,4.595833333333333,1015.7416666666667,1011.1791666666667,0.0,44.291666666666664,25.916666666666668,14.708333333333334,40.333333333333336,221.58333333333334,148.16666666666666,73.41666666666667,226.67916666666667,13.670833333333334,21.145833333333332,275.5,267.7083333333333,26.179166666666664,0.10041666666666667,0.24458333333333335,7.516666666666667,5.675,2.1958333333333333,2.3,0.404625,0.4047083333333334,0.4189583333333333,0.418
2022-04-11,sa,9.816666666666666,81.29166666666667,6.491666666666667,7.108333333333333,1012.2041666666668,1007.6791666666667,0.0,13.791666666666666,3.7083333333333335,5.375,23.75,246.66666666666666,185.79166666666666,60.875,299.20416666666665,9.424999999999999,14.516666666666666,248.66666666666666,269.2083333333333,19.854166666666668,0.11708333333333333,0.29250000000000004,9.825000000000001,7.470833333333334,2.845833333333333,2.3291666666666666,0.39337500000000003,0.3982916666666667,0.4165833333333333,0.418
2022-04-12,sa,10.191666666666666,84.16666666666667,7.441666666666666,7.1875,1009.4875000000001,1004.975,0.0,61.5,42.916666666666664,39.458333333333336,74.41666666666667,181.91666666666666,89.25,92.66666666666667,141.13750000000002,7.8374999999999995,11.075000000000001,185.29166666666666,178.08333333333334,17.520833333333332,0.08916666666666667,0.25125000000000003,10.424999999999999,8.429166666666667,3.5833333333333335,2.4,0.38491666666666663,0.39045833333333335,0.4134583333333333,0.418
2022-04-13,sa,4.5125,85.04166666666667,2.154166666666667,0.5666666666666667,1016.5208333333334,1011.9083333333333,0.0,81.5,57.375,55.958333333333336,51.083333333333336,120.66666666666667,30.625,90.04166666666667,49.362500000000004,15.137500000000001,22.224999999999998,132.33333333333334,127.83333333333333,27.1125,0.044583333333333336,0.13,7.083333333333333,7.604166666666667,4.220833333333333,2.4,0.3934166666666667,0.39058333333333334,0.41050000000000003,0.418
2022-04-14,sa,3.795833333333333,74.83333333333333,-0.5958333333333333,1.9083333333333332,1024.8583333333333,1020.2041666666668,0.0,39.875,10.458333333333334,8.541666666666666,84.125,256.4583333333333,171.54166666666666,84.91666666666667,271.1958333333333,6.654166666666666,10.558333333333334,226.95833333333334,219.375,16.891666666666666,0.10625000000000001,0.23791666666666667,6.654166666666666,6.229166666666667,4.454166666666667,2.4375,0.38004166666666667,0.38633333333333336,0.4074583333333333,0.418
2022-04-15,sa,4.2,75.91666666666667,0.016666666666666673,1.3,1018.5083333333333,1013.8833333333333,0.0,30.416666666666668,3.7916666666666665,20.666666666666668,48.458333333333336,216.83333333333334,100.45833333333333,116.375,169.08333333333334,8.645833333333334,12.395833333333334,152.79166666666666,159.875,17.366666666666667,0.08458333333333333,0.22916666666666666,6.066666666666666,5.883333333333333,4.579166666666667,2.5,0.3719166666666667,0.3805416666666667,0.40416666666666673,0.4178333333333333
2022-04-16,sa,4.341666666666667,71.29166666666667,-1.05,1.6916666666666667,1011.775,1007.1958333333333,0.0,0.5416666666666666,0.08333333333333333,0.0,1.5833333333333333,293.0,238.0,55.0,381.71250000000003,10.825000000000001,15.216666666666667,165.625,157.41666666666666,20.083333333333332,0.10875000000000001,0.29416666666666663,5.8,5.595833333333334,4.629166666666666,2.5208333333333335,0.36404166666666665,0.37474999999999997,0.40054166666666674,0.417
2022-04-17,sa,6.129166666666666,77.45833333333333,2.0833333333333335,3.908333333333333,1013.5500000000001,1008.9958333333334,0.0,20.416666666666668,6.125,14.791666666666666,19.791666666666668,234.08333333333334,152.16666666666666,81.91666666666667,245.75833333333333,12.491666666666667,19.295833333333334,244.83333333333334,237.41666666666666,22.854166666666668,0.10333333333333333,0.27666666666666667,6.570833333333333,5.8125,4.6625000000000005,2.6,0.35812499999999997,0.36904166666666666,0.39683333333333337,0.417
2022-04-18,sa,5.7625,91.125,4.404166666666667,4.4624999999999995,1015.5208333333334,1010.9541666666668,0.0,75.29166666666667,26.666666666666668,71.20833333333333,70.0,93.5,18.208333333333332,75.29166666666667,42.44166666666667,6.879166666666666,10.683333333333332,172.58333333333334,157.66666666666666,15.391666666666666,0.04666666666666667,0.09125,6.1875,5.9375,4.745833333333334,2.6041666666666665,0.38716666666666666,0.373,0.39375000000000004,0.417
2022-04-19,sa,5.495833333333334,69.91666666666667,-0.4791666666666667,3.6041666666666665,1016.7041666666668,1012.1374999999999,0.0,4.875,4.666666666666667,0.0,2.125,292.125,233.20833333333334,58.916666666666664,369.075,8.833333333333334,12.429166666666667,199.75,191.70833333333334,16.804166666666667,0.11708333333333333,0.34125,6.970833333333334,6.366666666666667,4.833333333333333,2.7000000000000006,0.39033333333333337,0.38875,0.3915416666666667,0.416125
2022-04-20,sa,7.845833333333332,63.125,0.65,4.920833333333333,1015.2666666666668,1010.7291666666666,0.0,0.0,0.0,0.0,0.0,290.25,235.33333333333334,54.916666666666664,377.84999999999997,16.916666666666668,26.03333333333333,292.875,280.25,29.866666666666664,0.15583333333333335,0.48125,7.979166666666667,6.729166666666667,4.95,2.7000000000000006,0.373,0.38125000000000003,0.38883333333333336,0.416
2022-04-21,sa,11.320833333333333,65.04166666666667,4.654166666666667,8.704166666666667,1013.6458333333334,1009.1625,0.0,4.458333333333333,0.0,0.041666666666666664,14.625,293.9166666666667,239.83333333333334,54.083333333333336,383.43333333333334,18.358333333333334,27.695833333333336,301.0833333333333,290.9583333333333,31.875,0.18166666666666667,0.5454166666666667,10.625,8.525,5.2250000000000005,2.795833333333333,0.36024999999999996,0.37237499999999996,0.38566666666666666,0.4155
2022-04-22,sa,12.450000000000001,74.625,7.929166666666667,9.525,1004.7333333333332,1000.3041666666667,0.0,58.5,18.541666666666668,43.875,54.583333333333336,226.125,152.20833333333334,73.91666666666667,216.80416666666667,16.795833333333334,25.575,291.0416666666667,281.125,32.53333333333333,0.12625,0.40041666666666664,12.008333333333333,10.049999999999999,5.704166666666667,2.8249999999999997,0.35283333333333333,0.36470833333333336,0.3825416666666667,0.415
2022-04-23,sa,7.633333333333333,74.45833333333333,3.1208333333333336,4.470833333333333,1006.5916666666667,1002.0833333333334,0.0,21.125,18.666666666666668,1.4583333333333333,11.5,228.5,148.04166666666666,80.45833333333333,246.2125,19.245833333333334,27.579166666666666,189.58333333333334,184.5,36.15,0.10291666666666667,0.2970833333333333,9.870833333333334,9.904166666666667,6.195833333333333,2.9,0.349375,0.3595,0.37958333333333333,0.4147083333333333
2022-04-24,sa,8.325000000000001,69.75,2.6125,5.566666666666666,1009.775,1005.2708333333334,0.0,21.833333333333332,0.0,23.416666666666668,25.833333333333332,291.5416666666667,225.70833333333334,65.83333333333333,353.97499999999997,16.929166666666667,25.40416666666667,283.7083333333333,272.6666666666667,30.8,0.13791666666666666,0.39875,9.120833333333334,8.370833333333334,6.4125000000000005,2.983333333333333,0.3405,0.35375,0.3764166666666667,0.414
2022-04-25,sa,10.129166666666666,63.791666666666664,2.6374999999999997,8.029166666666667,1013.3333333333334,1008.8208333333333,0.0,16.791666666666668,0.0,11.875,32.083333333333336,296.375,234.58333333333334,61.791666666666664,346.99583333333334,8.708333333333334,12.795833333333334,192.70833333333334,176.29166666666666,15.779166666666667,0.14625,0.55125,10.591666666666667,9.329166666666667,6.566666666666666,3.0500000000000003,0.331125,0.34708333333333335,0.37316666666666665,0.41362499999999996
2022-04-26,sa,12.008333333333333,77.33333333333333,8.0375,8.35,1005.7333333333332,1001.3041666666667,0.0,56.708333333333336,13.041666666666666,40.041666666666664,87.33333333333333,222.95833333333334,107.16666666666667,115.79166666666667,168.20000000000002,19.766666666666666,29.849999999999998,310.125,302.4583333333333,36.69583333333333,0.11499999999999999,0.34375,11.466666666666667,9.825000000000001,6.795833333333333,3.125,0.3242916666666667,0.3410416666666667,0.36991666666666667,0.413
2022-04-27,sa,10.0375,63.458333333333336,3.0124999999999997,4.745833333333334,1001.3541666666666,996.9083333333333,0.0,36.208333333333336,33.791666666666664,24.5,17.291666666666668,243.08333333333334,175.91666666666666,67.16666666666667,251.0,31.529166666666665,44.44166666666666,193.08333333333334,191.54166666666666,52.49166666666667,0.14333333333333334,0.4458333333333333,11.237499999999999,10.6,7.129166666666666,3.204166666666667,0.322625,0.3368333333333333,0.36695833333333333,0.4124999999999999
2022-04-28,sa,8.108333333333333,52.333333333333336,-1.7083333333333333,4.358333333333333,1017.5083333333333,1012.9791666666666,0.0,19.041666666666668,0.375,4.833333333333333,52.625,301.75,234.125,67.625,354.6041666666667,22.004166666666666,30.287499999999998,172.70833333333334,167.29166666666666,37.104166666666664,0.16541666666666668,0.5529166666666666,9.945833333333333,9.720833333333333,7.3374999999999995,3.2999999999999994,0.31316666666666665,0.3313333333333333,0.36375,0.412
2022-04-29,sa,7.333333333333333,63.416666666666664,0.4875,4.625,1017.3708333333334,1012.8166666666666,0.0,37.5,0.7083333333333334,12.5,97.375,214.125,78.25,135.875,135.61666666666665,10.75,15.870833333333332,145.66666666666666,139.16666666666666,19.745833333333334,0.11,0.41375,9.15,8.920833333333333,7.400000000000001,3.391666666666666,0.30745833333333333,0.3264166666666667,0.360875,0.41120833333333334
2022-04-30,sa,7.529166666666666,65.54166666666667,0.5333333333333333,4.6499999999999995,1015.0375,1010.4833333333332,0.0,18.25,1.2916666666666667,13.833333333333334,28.958333333333332,312.2083333333333,252.29166666666666,59.916666666666664,391.43333333333334,13.6875,20.083333333333332,177.41666666666666,171.25,25.0125,0.13833333333333334,0.4295833333333334,9.191666666666666,8.708333333333334,7.379166666666666,3.475,0.3010833333333333,0.321375,0.357875,0.41083333333333333
2022-05-01,sa,6.5375000000000005,82.79166666666667,3.670833333333333,3.3833333333333333,1010.8208333333333,1006.2958333333332,0.0,86.08333333333333,47.958333333333336,78.29166666666667,21.583333333333332,105.91666666666667,17.875,88.04166666666667,28.174999999999997,18.2625,27.291666666666668,314.7916666666667,309.0,32.47083333333333,0.05291666666666667,0.17708333333333334,7.354166666666667,7.870833333333334,7.329166666666667,3.5541666666666667,0.316875,0.31904166666666667,0.35545833333333327,0.41
2022-05-02,sa,6.966666666666666,79.625,3.441666666666667,4.3374999999999995,1006.5958333333333,1002.0875,0.0,51.791666666666664,32.583333333333336,30.625,15.375,246.41666666666666,159.20833333333334,87.20833333333333,243.9,14.4,18.837500000000002,227.45833333333334,225.79166666666666,27.425,0.10375000000000001,0.23166666666666666,9.012500000000001,8.291666666666666,7.204166666666667,3.625,0.3525,0.3232083333333334,0.35345833333333326,0.40958333333333335
2022-05-03,sa,7.616666666666667,79.08333333333333,4.108333333333333,4.970833333333333,1010.625,1006.1041666666666,0.0,74.54166666666667,44.666666666666664,59.666666666666664,12.708333333333334,186.125,98.75,87.375,156.07083333333333,15.245833333333332,20.841666666666665,193.58333333333334,190.29166666666666,32.525,0.09333333333333334,0.23583333333333334,8.7125,8.216666666666667,7.2,3.7000000000000006,0.3567916666666666,0.329625,0.35154166666666664,0.409
2022-05-04,sa,8.3125,81.20833333333333,5.2250000000000005,4.716666666666667,1012.1958333333333,1007.6625,0.0,81.125,53.583333333333336,44.291666666666664,39.083333333333336,170.625,79.625,91.0,103.27499999999999,19.516666666666666,27.458333333333332,190.0,185.91666666666666,36.5875,0.07041666666666667,0.21541666666666667,9.195833333333333,8.770833333333334,7.2,3.7916666666666665,0.37120833333333336,0.338625,0.35024999999999995,0.40833333333333327
2022-05-05,sa,9.225,75.79166666666667,4.9125000000000005,6.3,1019.9625,1015.4208333333332,0.0,9.541666666666666,0.4583333333333333,8.333333333333334,13.458333333333334,302.75,242.875,59.875,370.39166666666665,19.245833333333334,27.716666666666665,314.0416666666667,306.9166666666667,34.979166666666664,0.13125,0.33,10.3375,9.1,7.233333333333333,3.8541666666666665,0.35070833333333334,0.34175,0.3484583333333333,0.408
2022-05-06,sa,14.237499999999999,68.875,8.237499999999999,11.679166666666667,1016.8958333333334,1012.4250000000001,0.0,10.583333333333334,0.125,0.0,34.458333333333336,309.2916666666667,244.0,65.29166666666667,370.00833333333327,18.575,27.420833333333334,303.6666666666667,291.7083333333333,31.52916666666667,0.18999999999999997,0.60875,13.35,10.9625,7.4375,3.920833333333333,0.331125,0.3358333333333334,0.3460833333333333,0.407
2022-05-07,sa,13.112499999999999,75.58333333333333,8.691666666666666,9.799999999999999,1010.5083333333333,1006.0583333333334,0.0,63.958333333333336,15.0,53.666666666666664,92.41666666666667,172.29166666666666,49.916666666666664,122.375,76.35,17.879166666666666,26.650000000000002,282.8333333333333,276.0,33.69166666666667,0.11291666666666667,0.41041666666666665,13.049999999999999,11.858333333333334,7.841666666666666,4.0,0.33008333333333334,0.32979166666666665,0.344125,0.4065833333333333
2022-05-08,sa,8.549999999999999,70.16666666666667,2.983333333333333,5.5249999999999995,1010.9333333333334,1006.4333333333334,0.0,21.625,12.708333333333334,17.0,0.0,288.5833333333333,207.5,81.08333333333333,309.77916666666664,21.166666666666668,30.058333333333334,193.125,190.54166666666666,38.0875,0.13875,0.3720833333333333,10.9375,11.108333333333334,8.166666666666666,4.095833333333333,0.36304166666666665,0.33537500000000003,0.34241666666666665,0.40599999999999997
2022-05-09,sa,9.595833333333333,61.375,1.5625,7.079166666666667,1012.2791666666667,1007.7958333333332,0.0,6.875,0.625,5.75,9.291666666666666,303.6666666666667,233.66666666666666,70.0,357.25,20.150000000000002,30.47083333333333,210.875,206.875,34.4,0.17708333333333334,0.56375,10.512500000000001,10.012500000000001,8.25,4.179166666666666,0.33866666666666667,0.3334166666666667,0.3407083333333334,0.40529166666666666
2022-05-10,sa,13.495833333333332,69.91666666666667,7.491666666666667,11.75,1016.9208333333332,1012.4499999999999,0.0,0.0,0.0,0.0,0.0,316.6666666666667,256.6666666666667,60.0,388.15000000000003,8.737499999999999,13.441666666666668,219.0,220.29166666666666,16.337500000000002,0.1825,0.5983333333333333,12.9625,11.041666666666666,8.345833333333333,4.266666666666667,0.32008333333333333,0.32666666666666666,0.33841666666666664,0.4048333333333334
2022-05-11,sa,13.983333333333334,62.5,6.033333333333334,11.629166666666668,1018.3208333333333,1013.8458333333333,0.0,19.208333333333332,2.75,0.5,54.583333333333336,311.0,229.58333333333334,81.41666666666667,347.1166666666666,13.025,19.616666666666667,307.3333333333333,302.5416666666667,23.191666666666666,0.1925,0.7433333333333333,13.908333333333333,12.275,8.6,4.354166666666667,0.3045,0.31854166666666667,0.3359166666666667,0.4040000000000001
2022-05-12,sa,15.258333333333333,80.375,11.629166666666668,13.116666666666667,1014.6708333333332,1010.2083333333334,0.0,48.041666666666664,10.166666666666666,35.166666666666664,59.166666666666664,257.6666666666667,176.95833333333334,80.70833333333333,249.02916666666667,7.620833333333334,11.820833333333333,268.7916666666667,288.9166666666667,18.75,0.13916666666666666,0.4041666666666666,15.283333333333333,13.291666666666666,8.958333333333334,4.445833333333334,0.2927916666666666,0.31145833333333334,0.33383333333333337,0.4034166666666667
2022-05-13,sa,13.983333333333334,89.79166666666667,12.237499999999999,11.862499999999999,1010.5291666666667,1006.0875,0.0,93.70833333333333,69.91666666666667,87.58333333333333,62.541666666666664,119.375,45.958333333333336,73.41666666666667,54.074999999999996,9.258333333333333,14.133333333333333,264.5416666666667,267.2083333333333,19.125,0.07125,0.18583333333333332,14.391666666666666,13.358333333333334,9.345833333333333,4.541666666666667,0.34179166666666666,0.31175,0.3324166666666667,0.403
2022-05-14,sa,12.716666666666667,81.16666666666667,9.4375,9.070833333333333,997.8416666666667,993.4291666666667,0.0,78.45833333333333,57.458333333333336,51.416666666666664,28.125,171.91666666666666,89.75,82.16666666666667,117.78333333333335,23.870833333333334,33.449999999999996,244.29166666666666,240.66666666666666,44.19166666666666,0.10041666666666667,0.28541666666666665,13.737499999999999,13.225,9.641666666666667,4.645833333333333,0.3824166666666667,0.339625,0.33145833333333335,0.40208333333333335
2022-05-15,sa,11.441666666666668,68.95833333333333,5.391666666666667,9.458333333333334,1005.4625,1001.0166666666668,0.0,27.291666666666668,15.125,19.583333333333332,6.25,279.2916666666667,203.125,76.16666666666667,300.42083333333335,13.983333333333334,20.529166666666665,231.875,229.29166666666666,23.995833333333334,0.15458333333333332,0.48500000000000004,13.025,12.454166666666666,9.829166666666667,4.754166666666666,0.3504583333333333,0.3416666666666666,0.3304166666666667,0.4017916666666667
2022-05-16,sa,12.133333333333333,67.91666666666667,5.820833333333333,10.0625,1010.6125000000001,1006.1583333333333,0.0,1.25,0.125,1.875,0.0,320.3333333333333,255.75,64.58333333333333,382.4791666666667,16.474999999999998,24.175,286.0,277.5833333333333,28.633333333333336,0.18375,0.5404166666666667,13.191666666666668,12.291666666666666,9.916666666666666,4.858333333333333,0.33075000000000004,0.3345,0.32887500000000003,0.401
2022-05-17,sa,13.204166666666666,68.79166666666667,7.1125,11.291666666666666,1013.8375,1009.3791666666666,0.0,11.583333333333334,0.0,17.083333333333332,4.666666666666667,312.375,245.95833333333334,66.41666666666667,358.9875,12.570833333333333,18.754166666666666,294.9166666666667,286.0,23.979166666666668,0.17125,0.56125,13.954166666666666,12.708333333333334,10.004166666666666,4.966666666666667,0.31379166666666664,0.3255416666666667,0.32695833333333335,0.4004166666666667
2022-05-18,sa,14.162500000000001,70.70833333333333,8.420833333333333,12.4,1015.9125,1011.4583333333334,0.0,4.666666666666667,1.0833333333333333,5.166666666666667,1.9166666666666667,302.1666666666667,229.66666666666666,72.5,346.6375,12.3125,18.516666666666666,294.7916666666667,285.75,22.7625,0.17041666666666666,0.5683333333333334,14.870833333333332,13.470833333333333,10.166666666666666,5.070833333333333,0.299875,0.31675000000000003,0.325,0.4000000000000001
2022-05-19,sa,13.354166666666666,82.83333333333333,10.354166666666666,12.020833333333334,1013.5166666666668,1009.0541666666667,0.0,53.708333333333336,10.375,41.333333333333336,65.33333333333333,173.625,44.791666666666664,128.83333333333334,70.94166666666666,9.958333333333334,15.016666666666666,305.75,295.1666666666667,21.34583333333333,0.09499999999999999,0.2941666666666667,14.0625,13.4,10.358333333333334,5.179166666666666,0.2967083333333333,0.3105,0.32345833333333335,0.3990833333333334
2022-05-20,sa,14.0,83.5,11.104166666666666,13.2125,1011.6666666666666,1007.2291666666666,0.0,35.125,10.541666666666666,29.833333333333332,25.541666666666668,182.125,78.08333333333333,104.04166666666667,134.02916666666667,8.9,13.549999999999999,286.2083333333333,278.625,16.604166666666668,0.09875,0.30083333333333334,14.3125,13.354166666666666,10.520833333333334,5.2875,0.30575,0.3076666666666667,0.32254166666666667,0.3988333333333334
2022-05-21,sa,15.408333333333333,74.375,10.620833333333334,12.970833333333333,1009.8125,1005.3874999999999,0.0,32.208333333333336,0.0,28.666666666666668,49.916666666666664,288.25,185.625,102.625,273.72499999999997,17.579166666666666,25.84166666666667,307.1666666666667,299.5833333333333,32.329166666666666,0.15958333333333333,0.5095833333333334,15.6625,13.991666666666667,10.658333333333333,5.3999999999999995,0.299375,0.30383333333333334,0.32116666666666666,0.39799999999999996
2022-05-22,sa,15.408333333333333,82.125,12.195833333333333,13.549999999999999,1007.5666666666666,1003.1625,0.0,46.375,6.708333333333333,51.916666666666664,30.666666666666668,238.25,147.79166666666666,90.45833333333333,222.70000000000002,16.925,24.666666666666668,308.7083333333333,301.375,30.391666666666666,0.13125,0.35125,15.954166666666666,14.6,10.887500000000001,5.516666666666667,0.299,0.2985833333333333,0.31945833333333334,0.3975416666666667
2022-05-23,sa,14.2875,86.45833333333333,11.9125,12.6,1011.4458333333333,1007.0041666666666,0.0,53.166666666666664,34.916666666666664,28.75,14.833333333333334,252.04166666666666,156.20833333333334,95.83333333333333,234.57500000000002,10.933333333333332,14.045833333333334,174.33333333333334,162.16666666666666,18.145833333333332,0.11916666666666666,0.25833333333333336,16.05,14.983333333333334,11.15,5.629166666666666,0.322125,0.29775,0.318375,0.397
2022-05-24,sa,14.475,81.5,11.158333333333333,12.391666666666666,1014.7708333333334,1010.3000000000001,0.0,46.583333333333336,38.333333333333336,13.333333333333334,13.583333333333334,256.1666666666667,147.70833333333334,108.45833333333333,212.34583333333333,8.341666666666667,10.504166666666666,161.04166666666666,157.75,17.925,0.12625,0.3516666666666666,16.05,14.7875,11.354166666666666,5.741666666666667,0.3056666666666667,0.29554166666666665,0.3167083333333333,0.39633333333333337
2022-05-25,sa,17.208333333333332,73.29166666666667,12.0875,16.020833333333332,1011.6708333333332,1007.2708333333334,0.0,10.5,0.3333333333333333,3.5416666666666665,26.833333333333332,320.0833333333333,255.54166666666666,64.54166666666667,374.1583333333333,11.012500000000001,16.583333333333332,309.0833333333333,298.5416666666667,23.941666666666666,0.19083333333333333,0.6033333333333334,17.566666666666666,15.658333333333333,11.575000000000001,5.858333333333333,0.28933333333333333,0.2900833333333333,0.31483333333333335,0.39595833333333336
2022-05-26,sa,17.400000000000002,75.375,12.866666666666667,15.549999999999999,1007.9375,1003.5583333333334,0.0,20.708333333333332,2.2916666666666665,1.9166666666666667,58.125,311.75,237.16666666666666,74.58333333333333,331.80833333333334,18.087500000000002,26.416666666666668,310.75,304.5416666666667,32.18333333333333,0.18416666666666667,0.5420833333333334,18.095833333333335,16.345833333333335,11.883333333333333,5.9750000000000005,0.27125000000000005,0.2831666666666667,0.31275000000000003,0.395
2022-05-27,sa,14.658333333333333,92.33333333333333,13.4125,12.629166666666668,1000.4958333333334,996.0958333333333,0.0,98.125,68.58333333333333,75.5,84.83333333333333,50.0,0.9166666666666666,49.083333333333336,1.5166666666666666,24.679166666666664,36.608333333333334,308.7083333333333,304.4583333333333,42.77916666666667,0.0425,0.13125,15.329166666666666,15.495833333333332,12.158333333333333,6.104166666666667,0.333,0.298375,0.31124999999999997,0.3947083333333334
2022-05-28,sa,13.883333333333333,89.79166666666667,12.195833333333333,11.841666666666667,996.6875,992.2875,0.0,86.41666666666667,55.208333333333336,71.41666666666667,46.75,192.54166666666666,100.79166666666667,91.75,134.41666666666666,16.795833333333334,23.641666666666666,198.875,196.125,31.633333333333336,0.09208333333333334,0.1729166666666667,15.404166666666667,14.779166666666667,12.225,6.233333333333333,0.398625,0.35725,0.3117083333333333,0.39399999999999996
2022-05-29,sa,11.179166666666667,83.70833333333333,8.450000000000001,8.633333333333333,1005.0708333333333,1000.6458333333334,0.0,63.166666666666664,62.875,12.25,33.041666666666664,151.45833333333334,35.5,115.95833333333333,58.925000000000004,23.02916666666667,31.379166666666666,117.45833333333333,116.875,39.358333333333334,0.0775,0.22458333333333333,13.070833333333333,13.595833333333333,12.216666666666667,6.354166666666667,0.384125,0.3762083333333333,0.3135833333333333,0.39366666666666666
2022-05-30,sa,12.745833333333332,78.33333333333333,8.862499999999999,11.995833333333332,1009.625,1005.1750000000001,0.0,31.375,15.916666666666666,3.9583333333333335,48.5,298.5,221.70833333333334,76.79166666666667,312.1166666666667,14.4,23.6125,176.91666666666666,234.25,20.537499999999998,0.16708333333333333,0.36791666666666667,14.645833333333334,13.558333333333332,12.066666666666668,6.466666666666666,0.3617916666666667,0.365875,0.3147083333333333,0.393
2022-05-31,sa,10.508333333333333,87.375,8.445833333333333,8.8375,1006.0875,1001.6041666666666,0.0,86.875,43.333333333333336,68.08333333333333,96.0,110.75,18.625,92.125,22.933333333333334,15.995833333333332,36.670833333333334,203.20833333333334,304.25,41.59166666666666,0.0625,0.16666666666666666,12.283333333333333,12.983333333333334,12.004166666666668,6.583333333333333,0.380625,0.36375,0.315125,0.39266666666666666
2022-06-01,sa,12.270833333333334,86.20833333333333,9.9625,11.729166666666666,1007.0375,1002.5875,0.0,78.29166666666667,70.66666666666667,33.708333333333336,34.625,158.125,51.875,106.25,83.30416666666667,6.033333333333334,16.283333333333335,79.29166666666667,98.5,16.908333333333335,0.08416666666666667,0.21333333333333335,13.0625,12.570833333333333,11.825000000000001,6.695833333333334,0.4034583333333333,0.399,0.319125,0.39200000000000007
2022-06-02,sa,13.545833333333334,87.125,11.2875,12.766666666666666,1008.9416666666666,1004.4958333333334,0.0,79.625,41.208333333333336,58.083333333333336,36.291666666666664,203.75,106.375,97.375,159.5375,6.183333333333334,9.5,89.91666666666667,100.33333333333333,11.862499999999999,0.10583333333333333,0.22916666666666666,14.391666666666666,13.362499999999999,11.704166666666666,6.804166666666666,0.3973333333333333,0.3878333333333333,0.32279166666666664,0.39200000000000007
2022-06-03,sa,12.5625,83.58333333333333,9.758333333333335,10.5375,1010.7541666666666,1006.2708333333334,0.0,76.625,67.04166666666667,27.083333333333332,16.416666666666668,258.5833333333333,159.375,99.20833333333333,224.38333333333333,13.554166666666667,16.820833333333333,130.5,131.25,24.15833333333333,0.11041666666666666,0.255,14.491666666666667,13.879166666666668,11.745833333333332,6.904166666666668,0.3940416666666667,0.3885,0.325375,0.3910416666666667
2022-06-04,sa,10.762500000000001,76.45833333333333,6.7124999999999995,8.166666666666666,1013.5083333333333,1009.0083333333333,0.0,67.41666666666667,69.95833333333333,7.458333333333333,0.0,181.0,56.291666666666664,124.70833333333333,81.95416666666667,16.041666666666668,20.0125,98.33333333333333,101.16666666666667,28.854166666666668,0.10125,0.315,13.070833333333333,13.270833333333334,11.800000000000002,7.004166666666666,0.37283333333333335,0.3770833333333334,0.327,0.391
2022-06-05,sa,11.1875,74.45833333333333,6.670833333333333,9.674999999999999,1014.2041666666668,1009.7291666666666,0.0,53.833333333333336,48.5,11.916666666666666,9.875,267.0833333333333,166.0,101.08333333333333,234.975,11.383333333333333,14.320833333333333,147.16666666666666,145.16666666666666,21.133333333333333,0.13333333333333333,0.365,13.208333333333334,12.658333333333333,11.708333333333334,7.099999999999999,0.357,0.36566666666666664,0.3272916666666667,0.39054166666666673
2022-06-06,sa,11.9,77.95833333333333,7.941666666666666,10.9125,1011.15,1006.6916666666666,0.0,51.25,22.875,5.5,91.04166666666667,261.125,140.91666666666666,120.20833333333333,201.3125,11.895833333333334,16.608333333333334,306.5,303.375,20.758333333333333,0.13291666666666666,0.3425,13.779166666666667,13.208333333333334,11.633333333333333,7.2,0.3431666666666667,0.35483333333333333,0.3265416666666667,0.38999999999999996
2022-06-07,sa,13.366666666666667,74.875,8.625,12.329166666666666,1007.8125,1003.375,0.0,26.5,1.2916666666666667,12.625,58.916666666666664,313.9583333333333,227.20833333333334,86.75,309.125,7.658333333333334,9.887500000000001,158.91666666666666,155.0,15.112499999999999,0.16208333333333333,0.44083333333333335,15.045833333333334,13.841666666666667,11.649999999999999,7.291666666666667,0.329625,0.34425,0.3255,0.38999999999999996
2022-06-08,sa,12.049999999999999,80.45833333333333,8.5875,11.779166666666667,1013.2291666666666,1008.7624999999999,0.0,28.666666666666668,26.333333333333332,6.333333333333333,3.3333333333333335,264.8333333333333,151.33333333333334,113.5,238.38750000000002,6.308333333333334,9.125,292.3333333333333,286.875,18.783333333333335,0.13791666666666666,0.30791666666666667,14.325000000000001,13.920833333333334,11.754166666666668,7.383333333333334,0.31816666666666665,0.3345833333333334,0.3244166666666667,0.3890416666666667
2022-06-09,sa,13.3375,79.75,9.720833333333333,12.716666666666667,1016.8375,1012.3666666666667,0.0,31.166666666666668,13.416666666666666,29.833333333333332,3.4583333333333335,301.2083333333333,219.375,81.83333333333333,292.075,9.366666666666667,13.191666666666668,317.2916666666667,308.0833333333333,22.5125,0.16041666666666668,0.355,15.325000000000001,14.195833333333333,11.8375,7.4750000000000005,0.30683333333333335,0.3255416666666667,0.322875,0.389
2022-06-10,sa,14.441666666666668,80.04166666666667,10.825000000000001,13.7125,1017.6083333333332,1013.1541666666667,0.0,36.166666666666664,25.875,19.625,7.041666666666667,309.2083333333333,234.125,75.08333333333333,338.7583333333333,14.433333333333332,20.279166666666665,307.0,300.25,28.90416666666667,0.1575,0.37291666666666673,15.7125,14.620833333333332,11.970833333333333,7.566666666666666,0.29462499999999997,0.316125,0.321,0.3884166666666667
2022-06-11,sa,14.6875,85.91666666666667,12.270833333333334,14.266666666666666,1016.5375,1012.0833333333334,0.0,81.08333333333333,70.875,30.791666666666668,3.375,192.54166666666666,97.125,95.41666666666667,133.94583333333335,9.033333333333333,12.637500000000001,231.54166666666666,227.20833333333334,16.525000000000002,0.10541666666666666,0.25625000000000003,15.7125,14.858333333333334,12.141666666666666,7.658333333333334,0.29066666666666663,0.3090833333333333,0.3195,0.38800000000000007
2022-06-12,sa,12.870833333333332,81.79166666666667,9.6875,10.975,1013.0124999999999,1008.5333333333333,0.0,58.166666666666664,62.125,1.7916666666666667,4.0,261.6666666666667,156.08333333333334,105.58333333333333,224.89999999999998,14.533333333333333,18.583333333333332,125.70833333333333,126.20833333333333,25.224999999999998,0.12291666666666667,0.29125,15.329166666666666,14.770833333333334,12.266666666666666,7.75,0.288,0.3037916666666666,0.3184166666666667,0.3878333333333333
2022-06-13,sa,14.995833333333332,84.5,12.229166666666666,14.183333333333332,1016.0749999999999,1011.625,0.0,61.958333333333336,34.916666666666664,26.083333333333332,68.04166666666667,249.75,116.04166666666667,133.70833333333334,164.11249999999998,8.3125,10.420833333333333,159.0,163.95833333333334,16.020833333333332,0.12708333333333333,0.30125,16.216666666666665,14.958333333333334,12.366666666666667,7.845833333333334,0.2823333333333333,0.29775,0.3165833333333333,0.387
2022-06-14,sa,14.804166666666667,81.83333333333333,11.512500000000001,14.308333333333332,1018.9375,1014.4833333333332,0.0,12.5,13.833333333333334,0.0,0.08333333333333333,318.0833333333333,238.33333333333334,79.75,344.95,13.200000000000001,18.595833333333335,312.625,305.2083333333333,22.295833333333334,0.16708333333333333,0.36000000000000004,16.904166666666665,15.691666666666668,12.554166666666667,7.9375,0.27133333333333337,0.29116666666666663,0.31483333333333335,0.387
2022-06-15,sa,14.2875,79.5,10.641666666666667,12.304166666666667,1013.3208333333333,1008.8916666666668,0.0,46.416666666666664,25.208333333333332,22.833333333333332,63.125,298.125,189.625,108.5,266.9791666666667,22.145833333333332,30.766666666666666,310.375,305.25,39.05416666666667,0.15083333333333335,0.3658333333333333,15.9625,15.299999999999999,12.725,8.033333333333333,0.26175,0.28391666666666665,0.31279166666666663,0.3862083333333333
2022-06-16,sa,16.075,94.0,15.108333333333334,16.170833333333334,1004.5375,1000.15,0.0,91.54166666666667,53.375,68.625,46.333333333333336,151.70833333333334,51.208333333333336,100.5,72.67916666666666,11.104166666666666,15.891666666666666,298.625,289.7916666666667,26.308333333333334,0.07958333333333333,0.11375,16.295833333333334,15.383333333333333,12.829166666666667,8.129166666666666,0.341375,0.286875,0.311625,0.38599999999999995
2022-06-17,sa,16.23333333333333,91.83333333333333,14.854166666666666,16.404166666666665,1006.8333333333334,1002.4333333333334,0.0,81.5,74.04166666666667,38.25,3.625,102.04166666666667,25.25,76.79166666666667,44.645833333333336,7.25,9.683333333333334,185.66666666666666,186.875,12.0,0.06041666666666667,0.16625,16.400000000000002,15.741666666666667,12.954166666666666,8.229166666666666,0.34991666666666665,0.30154166666666665,0.311,0.38566666666666666
2022-06-18,sa,18.462500000000002,84.5,15.620833333333332,18.5,1006.9083333333333,1002.5541666666667,0.0,33.833333333333336,8.75,24.833333333333332,36.75,291.0,212.16666666666666,78.83333333333333,304.0875,12.895833333333334,18.537499999999998,302.0416666666667,291.125,24.983333333333334,0.16625,0.38875,18.391666666666666,16.395833333333332,13.108333333333333,8.329166666666667,0.33008333333333334,0.30491666666666667,0.31045833333333334,0.385
2022-06-19,sa,19.116666666666667,86.66666666666667,16.770833333333332,19.945833333333333,1003.0749999999999,998.75,0.0,40.083333333333336,4.708333333333333,34.958333333333336,49.416666666666664,276.9583333333333,186.95833333333334,90.0,249.97916666666666,10.016666666666667,14.479166666666666,285.8333333333333,277.0,21.883333333333336,0.15916666666666665,0.32666666666666666,19.408333333333335,17.633333333333333,13.412500000000001,8.429166666666667,0.3232083333333334,0.301875,0.309,0.385
2022-06-20,sa,16.745833333333334,85.33333333333333,14.141666666666666,16.1375,1002.8416666666667,998.4708333333333,0.0,59.916666666666664,59.5,3.25,17.083333333333332,263.2083333333333,169.79166666666666,93.41666666666667,219.42499999999998,14.358333333333334,19.004166666666666,152.0,152.25,28.004166666666666,0.13125,0.30333333333333334,18.662499999999998,17.791666666666668,13.75,8.533333333333333,0.3275416666666667,0.301,0.30754166666666666,0.38408333333333333
2022-06-21,sa,17.841666666666665,82.79166666666667,14.683333333333332,17.858333333333334,1009.5625,1005.1666666666666,0.0,49.625,28.0,10.166666666666666,60.916666666666664,296.4583333333333,204.29166666666666,92.16666666666667,274.81666666666666,7.491666666666666,9.420833333333333,143.20833333333334,137.54166666666666,15.658333333333333,0.16375,0.39999999999999997,19.395833333333332,17.870833333333334,14.004166666666668,8.645833333333334,0.30324999999999996,0.29662499999999997,0.30620833333333336,0.38400000000000006
2022-06-22,sa,17.608333333333334,79.95833333333333,13.991666666666667,17.233333333333334,1011.725,1007.3416666666667,0.0,64.5,5.166666666666667,51.458333333333336,97.625,215.20833333333334,103.79166666666667,111.41666666666667,146.50833333333333,16.466666666666665,22.983333333333334,314.25,306.0833333333333,29.308333333333334,0.13416666666666668,0.4354166666666666,18.754166666666666,17.8625,14.266666666666666,8.754166666666666,0.28791666666666665,0.2905833333333333,0.30454166666666665,0.3833333333333333
2022-06-23,sa,15.195833333333333,88.625,13.308333333333332,13.612499999999999,1010.3041666666667,1005.9041666666667,0.0,99.125,25.666666666666668,96.04166666666667,100.0,85.33333333333333,5.25,80.08333333333333,6.408333333333334,25.954166666666666,37.704166666666666,306.6666666666667,300.0416666666667,45.42083333333333,0.0625,0.20083333333333334,16.341666666666665,16.695833333333333,14.4,8.866666666666667,0.300625,0.2877083333333333,0.304,0.383
2022-06-24,sa,17.099999999999998,95.04166666666667,16.304166666666667,16.329166666666666,996.7458333333334,992.4250000000001,0.0,88.5,67.41666666666667,69.70833333333333,77.20833333333333,40.041666666666664,2.5,37.541666666666664,3.879166666666667,27.770833333333332,41.61666666666667,304.5,296.0833333333333,49.49166666666667,0.035416666666666666,0.09499999999999999,16.25,15.795833333333334,14.350000000000001,8.979166666666666,0.39916666666666667,0.35674999999999996,0.30483333333333335,0.38295833333333335
2022-06-25,sa,20.933333333333334,85.5,18.295833333333334,22.145833333333332,998.8791666666666,994.6125000000001,0.0,15.333333333333334,11.333333333333334,6.166666666666667,4.875,268.1666666666667,180.83333333333334,87.33333333333333,266.3125,14.512500000000001,21.575,281.7916666666667,270.75,26.77916666666667,0.17541666666666667,0.4054166666666667,19.841666666666665,17.645833333333332,14.379166666666668,9.0875,0.3910833333333334,0.3914583333333333,0.309875,0.38199999999999995
2022-06-26,sa,22.354166666666668,82.70833333333333,19.029166666666665,23.4375,1004.9250000000001,1000.6333333333333,0.0,36.875,7.625,31.458333333333332,37.125,285.0833333333333,198.54166666666666,86.54166666666667,281.75416666666666,11.641666666666666,18.804166666666667,258.5833333333333,251.45833333333334,21.849999999999998,0.1875,0.5483333333333333,21.40833333333333,19.191666666666666,14.700000000000001,9.204166666666666,0.374625,0.37437499999999996,0.31195833333333334,0.38199999999999995
2022-06-27,sa,19.166666666666668,90.625,17.554166666666667,19.404166666666665,1007.3541666666666,1003.0124999999999,0.0,77.66666666666667,72.70833333333333,13.5,18.125,178.58333333333334,83.95833333333333,94.625,114.71249999999999,11.383333333333333,15.1875,177.66666666666666,176.875,20.754166666666666,0.09999999999999999,0.2275,20.3625,19.6875,15.125,9.325000000000001,0.4033333333333333,0.39087500000000003,0.314125,0.38162500000000005
2022-06-28,sa,17.675,91.0,16.108333333333334,18.087500000000002,1005.3041666666667,1000.975,0.0,80.95833333333333,34.333333333333336,67.33333333333333,99.95833333333333,114.58333333333333,24.875,89.70833333333333,46.112500000000004,15.487499999999999,22.620833333333334,304.25,295.3333333333333,29.045833333333334,0.07208333333333333,0.2020833333333333,18.2625,18.095833333333335,15.354166666666666,9.441666666666666,0.4075,0.399875,0.319625,0.381
2022-06-29,sa,19.545833333333334,95.95833333333333,18.875,20.6125,1001.9333333333334,997.6041666666666,0.0,100.0,87.0,75.20833333333333,85.45833333333333,57.0,3.9166666666666665,53.083333333333336,4.325,6.529166666666666,8.983333333333333,153.58333333333334,150.08333333333334,17.895833333333332,0.04125,0.09333333333333334,18.9375,18.008333333333333,15.4375,9.5625,0.4287083333333333,0.426,0.3522083333333333,0.381
2022-07-01,sa,18.591666666666665,82.33333333333333,15.4625,19.400000000000002,1014.8416666666667,1010.4416666666666,0.0,47.708333333333336,21.375,29.666666666666668,35.541666666666664,274.0833333333333,189.625,84.45833333333333,260.3625,13.216666666666667,18.075,316.9166666666667,307.4166666666667,24.09166666666667,0.15458333333333332,0.40458333333333335,19.595833333333335,18.400000000000002,15.629166666666665,9.820833333333335,0.3881666666666667,0.3982916666666667,0.37733333333333335,0.381
2022-07-02,sa,20.575,89.75,18.783333333333335,22.258333333333336,1012.0583333333334,1007.7166666666667,0.0,86.29166666666667,67.33333333333333,15.666666666666666,66.375,118.125,24.875,93.25,39.05416666666667,6.533333333333332,8.904166666666667,272.625,275.2916666666667,14.433333333333332,0.08083333333333334,0.26125000000000004,20.1875,18.8625,15.758333333333333,9.941666666666666,0.37837499999999996,0.3867083333333334,0.377,0.381
2022-07-03,sa,24.349999999999998,86.45833333333333,21.641666666666666,27.400000000000002,1007.3333333333334,1003.0583333333334,0.0,34.833333333333336,28.291666666666668,2.7083333333333335,25.541666666666668,285.75,201.375,84.375,296.56666666666666,6.054166666666667,8.641666666666667,222.41666666666666,233.75,12.695833333333333,0.19041666666666668,0.5104166666666666,23.45,20.695833333333333,16.029166666666665,10.0625,0.36674999999999996,0.37729166666666664,0.3757916666666667,0.381
2022-07-04,sa,23.691666666666666,90.16666666666667,21.866666666666664,26.025000000000002,1006.6708333333332,1002.3791666666666,0.0,50.458333333333336,22.375,33.166666666666664,34.416666666666664,232.83333333333334,156.33333333333334,76.5,214.875,7.2,9.445833333333333,288.0416666666667,285.1666666666667,14.866666666666667,0.15166666666666667,0.32875,23.78333333333333,22.02916666666667,16.529166666666665,10.191666666666666,0.38558333333333333,0.37554166666666666,0.37366666666666665,0.381
2022-07-05,sa,22.508333333333336,92.75,21.233333333333334,24.883333333333336,1008.8958333333334,1004.5958333333333,0.0,43.041666666666664,34.458333333333336,14.333333333333334,11.791666666666666,205.83333333333334,113.16666666666667,92.66666666666667,154.025,5.483333333333333,7.55,273.75,265.2083333333333,13.091666666666667,0.13208333333333333,0.21875,23.116666666666664,21.84583333333333,16.979166666666668,10.341666666666667,0.4066666666666667,0.3979166666666667,0.3737916666666667,0.381
2022-07-06,sa,22.320833333333336,85.375,19.641666666666666,25.0625,1012.0208333333334,1007.7125,0.0,38.166666666666664,32.041666666666664,15.5,0.0,244.83333333333334,144.70833333333334,100.125,219.75833333333333,8.6875,12.704166666666666,312.75,304.25,16.966666666666665,0.15583333333333332,0.43583333333333335,22.8875,21.666666666666668,17.325,10.475,0.3894583333333333,0.3982916666666667,0.37600000000000006,0.381
2022-07-07,sa,21.97083333333333,81.625,18.545833333333334,24.295833333333334,1013.3125,1008.9791666666666,0.0,36.083333333333336,24.541666666666668,23.166666666666668,0.0,254.04166666666666,166.75,87.29166666666667,242.6916666666667,9.575000000000001,14.15,312.0,301.5833333333333,19.008333333333333,0.16874999999999998,0.5391666666666667,22.6875,21.599999999999998,17.587500000000002,10.6375,0.37079166666666663,0.3835,0.375,0.381
2022-07-08,sa,20.408333333333335,84.5,17.6375,22.287499999999998,1010.9125,1006.5791666666668,0.0,21.833333333333332,23.666666666666668,0.125,1.1666666666666667,275.0833333333333,179.70833333333334,95.375,282.03333333333336,16.7375,23.1125,311.8333333333333,302.5416666666667,28.5625,0.16958333333333334,0.40458333333333335,21.608333333333334,20.991666666666667,17.754166666666666,10.766666666666666,0.35641666666666666,0.37104166666666666,0.3730833333333334,0.381
2022-07-09,sa,21.95,80.41666666666667,18.291666666666668,24.191666666666666,1007.9916666666667,1003.6750000000001,0.0,34.125,14.041666666666666,16.75,38.041666666666664,283.0833333333333,195.08333333333334,88.0,288.4541666666667,11.5875,17.179166666666667,323.0,319.2083333333333,20.75,0.18375,0.5745833333333333,22.229166666666668,20.900000000000002,17.837500000000002,10.933333333333332,0.3428333333333333,0.35975,0.3709166666666666,0.381
2022-07-10,sa,22.870833333333334,89.04166666666667,20.866666666666667,25.875,1006.7125,1002.4125,0.0,53.791666666666664,26.333333333333332,44.208333333333336,20.791666666666668,193.5,107.04166666666667,86.45833333333333,146.31666666666666,6.195833333333333,8.9375,157.08333333333334,137.91666666666666,12.354166666666666,0.12916666666666668,0.34,22.7625,21.47083333333333,17.970833333333335,11.066666666666668,0.35674999999999996,0.3532916666666666,0.3689166666666666,0.381
2022-07-11,sa,22.6875,85.66666666666667,20.070833333333333,25.358333333333334,1009.8416666666667,1005.5416666666666,0.0,78.25,54.125,30.416666666666668,48.458333333333336,209.33333333333334,110.5,98.83333333333333,162.91666666666666,9.504166666666666,14.595833333333333,304.9583333333333,297.2916666666667,19.254166666666666,0.13791666666666666,0.42208333333333337,22.954166666666666,21.825,18.150000000000002,11.233333333333334,0.35104166666666664,0.35108333333333336,0.3670833333333334,0.381
2022-07-12,sa,22.458333333333332,88.33333333333333,20.395833333333332,24.7375,1010.3541666666666,1006.0541666666667,0.0,94.08333333333333,29.0,74.95833333333333,99.25,146.25,34.708333333333336,111.54166666666667,41.458333333333336,15.416666666666666,22.566666666666666,316.8333333333333,307.0833333333333,26.541666666666668,0.10375000000000001,0.33,22.545833333333334,21.704166666666666,18.329166666666666,11.362499999999999,0.34120833333333334,0.34662499999999996,0.365375,0.381
2022-07-13,sa,21.420833333333334,88.375,19.345833333333335,24.166666666666668,1009.8958333333334,1005.5958333333333,0.0,93.875,15.958333333333334,91.33333333333333,92.83333333333333,140.45833333333334,34.583333333333336,105.875,43.80833333333334,11.520833333333334,16.8,317.625,307.9583333333333,19.645833333333332,0.1025,0.31916666666666665,21.916666666666668,21.270833333333332,18.4,11.525,0.36274999999999996,0.3469583333333333,0.36354166666666665,0.381
2022-07-14,sa,20.89166666666667,82.375,17.683333333333334,22.575,1007.9499999999999,1003.65,0.0,56.708333333333336,23.958333333333332,19.833333333333332,77.125,267.2083333333333,164.54166666666666,102.66666666666667,240.0625,16.079166666666666,23.125,309.8333333333333,303.2916666666667,26.620833333333334,0.17,0.46375000000000005,22.054166666666664,21.245833333333334,18.441666666666666,11.658333333333333,0.3416666666666666,0.3441666666666667,0.3618333333333333,0.3805
2022-07-15,sa,20.316666666666666,78.16666666666667,16.325,19.979166666666668,1006.6999999999999,1002.4,0.0,76.25,30.083333333333332,34.833333333333336,94.45833333333333,246.66666666666666,124.29166666666667,122.375,181.23749999999998,25.0125,36.18333333333333,315.0416666666667,310.7083333333333,43.675000000000004,0.1679166666666667,0.5366666666666667,21.162499999999998,20.720833333333335,18.5,11.8125,0.32458333333333333,0.33625,0.35916666666666663,0.38000000000000006
2022-07-16,sa,19.349999999999998,83.375,16.441666666666666,20.349999999999998,1008.4499999999999,1004.15,0.0,73.875,13.125,58.541666666666664,99.0,105.54166666666667,11.416666666666666,94.125,14.245833333333332,14.070833333333333,21.104166666666668,321.3333333333333,315.125,26.8,0.08416666666666667,0.3804166666666667,19.791666666666668,19.954166666666666,18.404166666666665,11.950000000000001,0.332125,0.332,0.357375,0.38000000000000006
2022-07-17,sa,20.058333333333334,90.95833333333333,18.458333333333332,22.729166666666668,1002.0208333333334,997.7208333333333,0.0,94.16666666666667,66.04166666666667,78.75,93.79166666666667,105.33333333333333,32.375,72.95833333333333,39.50833333333333,5.541666666666667,8.1625,130.79166666666666,118.95833333333333,10.8125,0.07666666666666667,0.22541666666666668,20.095833333333335,19.554166666666667,18.2375,12.075000000000001,0.37162500000000004,0.35312499999999997,0.3561666666666667,0.38000000000000006
2022-07-18,sa,19.904166666666665,87.0,17.625,21.400000000000002,1002.6291666666666,998.3291666666668,0.0,62.791666666666664,59.708333333333336,10.5,21.75,167.66666666666666,76.08333333333333,91.58333333333333,120.51666666666667,8.325000000000001,9.85,155.95833333333334,156.5,15.975,0.09916666666666667,0.3095833333333333,20.216666666666665,19.833333333333332,18.133333333333336,12.212499999999999,0.40362499999999996,0.40095833333333336,0.35874999999999996,0.38000000000000006
2022-07-19,sa,21.34166666666667,86.875,18.941666666666666,23.8875,1002.6374999999999,998.3458333333333,0.0,42.166666666666664,21.375,24.666666666666668,26.958333333333332,209.0,118.79166666666667,90.20833333333333,186.55416666666667,9.691666666666666,13.970833333333333,319.7916666666667,310.25,19.616666666666667,0.13291666666666666,0.3758333333333333,21.1875,20.025000000000002,18.1,12.333333333333334,0.3864166666666667,0.38883333333333336,0.360125,0.38000000000000006
2022-07-20,sa,21.40416666666667,91.04166666666667,19.8125,24.175,1003.1666666666666,998.8666666666667,0.0,49.25,27.0,24.916666666666668,38.958333333333336,203.16666666666666,103.66666666666667,99.5,141.9875,8.895833333333334,12.058333333333332,164.75,164.58333333333334,16.041666666666668,0.12083333333333333,0.24958333333333335,21.729166666666668,20.820833333333333,18.14166666666667,12.454166666666666,0.4131666666666667,0.4114583333333333,0.3635,0.38000000000000006
2022-07-21,sa,20.8625,84.79166666666667,18.0625,22.683333333333334,1005.4416666666666,1001.1416666666668,0.0,19.5,19.791666666666668,2.4583333333333335,0.4583333333333333,284.0833333333333,203.375,80.70833333333333,296.0416666666667,10.333333333333334,13.241666666666667,123.70833333333333,125.79166666666667,17.720833333333335,0.17,0.4145833333333333,21.8625,21.025000000000002,18.245833333333334,12.570833333333333,0.3881666666666667,0.39675,0.36670833333333336,0.38000000000000006
2022-07-22,sa,21.804166666666664,83.79166666666667,18.8,24.53333333333333,1005.0124999999999,1000.7125,0.0,56.166666666666664,21.041666666666668,35.5,57.5,243.83333333333334,140.625,103.20833333333333,204.15,5.191666666666666,6.3,106.66666666666667,100.79166666666667,11.454166666666666,0.15583333333333335,0.46249999999999997,22.375,21.191666666666666,18.366666666666667,12.691666666666665,0.376875,0.3825,0.36645833333333333,0.37954166666666667
2022-07-23,sa,20.383333333333333,92.66666666666667,19.166666666666668,23.52916666666667,1003.6,999.3000000000001,0.0,84.20833333333333,46.708333333333336,67.75,47.75,60.458333333333336,8.291666666666666,52.166666666666664,16.224999999999998,7.708333333333333,10.020833333333334,101.41666666666667,100.45833333333333,14.645833333333334,0.04791666666666666,0.17708333333333334,20.650000000000002,20.720833333333335,18.5,12.820833333333333,0.4277916666666666,0.4207083333333333,0.3722083333333333,0.379
2022-07-24,sa,19.525000000000002,87.70833333333333,17.383333333333333,21.0375,1007.5374999999999,1003.2375000000001,0.0,78.29166666666667,80.54166666666667,3.5833333333333335,30.875,130.66666666666666,32.791666666666664,97.875,53.92916666666667,12.358333333333334,15.933333333333335,138.75,137.70833333333334,20.1125,0.085,0.29041666666666666,20.25,20.029166666666665,18.491666666666667,12.941666666666668,0.4043333333333334,0.41079166666666667,0.38195833333333334,0.379875
2022-07-25,sa,21.045833333333334,83.79166666666667,18.070833333333333,23.2625,1010.9666666666667,1006.6458333333334,0.0,35.416666666666664,38.208333333333336,1.4166666666666667,0.5416666666666666,247.54166666666666,148.875,98.66666666666667,226.67916666666667,6.666666666666667,8.120833333333334,146.54166666666666,144.58333333333334,13.200000000000001,0.15125,0.44250000000000006,21.5,20.345833333333335,18.40833333333333,13.054166666666667,0.3854583333333333,0.3959166666666667,0.38258333333333333,0.38000000000000006
2022-07-26,sa,22.375,87.0,19.904166666666665,25.766666666666666,1011.1166666666667,1006.8041666666667,0.0,59.5,49.833333333333336,11.458333333333334,25.541666666666668,226.29166666666666,131.83333333333334,94.45833333333333,187.70833333333334,3.2416666666666667,3.7083333333333335,204.58333333333334,217.54166666666666,10.262500000000001,0.15083333333333335,0.41,22.587500000000002,21.233333333333334,18.495833333333334,13.166666666666666,0.3725833333333333,0.38362500000000005,0.3815,0.38000000000000006
2022-07-27,sa,22.46666666666667,87.58333333333333,20.195833333333333,25.65833333333333,1012.3041666666667,1008.0041666666666,0.0,56.416666666666664,41.25,7.0,50.25,221.45833333333334,127.0,94.45833333333333,188.73749999999998,6.495833333333334,8.166666666666666,122.54166666666667,118.33333333333333,13.141666666666666,0.14541666666666667,0.3770833333333334,23.1125,22.0,18.683333333333334,13.279166666666667,0.369125,0.37470833333333337,0.380125,0.38000000000000006
2022-07-28,sa,21.383333333333336,87.375,19.095833333333335,24.483333333333334,1015.1958333333333,1010.875,0.0,47.791666666666664,49.416666666666664,0.0,11.25,203.20833333333334,86.70833333333333,116.5,139.13333333333333,9.549999999999999,12.762500000000001,130.0,127.875,16.466666666666665,0.12875,0.35791666666666666,22.125,21.587500000000002,18.845833333333335,13.404166666666667,0.3615,0.36841666666666667,0.37833333333333335,0.38000000000000006
2022-07-29,sa,22.616666666666664,86.66666666666667,20.14166666666667,25.979166666666668,1016.4125,1012.0875,0.0,52.208333333333336,29.666666666666668,0.16666666666666666,84.45833333333333,232.41666666666666,125.33333333333333,107.08333333333333,186.25,4.741666666666666,5.825,184.625,187.91666666666666,11.120833333333332,0.14916666666666667,0.4154166666666667,23.087500000000002,21.833333333333332,18.9625,13.520833333333334,0.34791666666666665,0.3605,0.37604166666666666,0.38000000000000006
2022-07-30,sa,23.675,87.0,21.183333333333334,28.375,1012.7624999999999,1008.4666666666667,0.0,37.791666666666664,33.5,0.0,35.208333333333336,256.6666666666667,180.25,76.41666666666667,262.1875,5.866666666666667,8.829166666666667,275.7916666666667,268.5833333333333,13.066666666666668,0.17083333333333336,0.44708333333333333,23.912499999999998,22.420833333333334,19.145833333333332,13.637500000000001,0.33595833333333336,0.351625,0.3738333333333333,0.38000000000000006
2022-07-31,sa,24.1375,88.0,21.875,28.383333333333336,1010.3625000000001,1006.0875,0.0,43.5,17.833333333333332,21.875,59.416666666666664,216.29166666666666,114.91666666666667,101.375,167.09166666666667,11.216666666666667,16.916666666666668,180.04166666666666,179.91666666666666,22.224999999999998,0.14666666666666667,0.4191666666666667,24.329166666666666,22.995833333333334,19.379166666666666,13.754166666666668,0.3254166666666667,0.34325,0.371,0.38000000000000006
2022-08-01,sa,21.058333333333334,93.91666666666667,20.0125,23.883333333333336,1011.2166666666667,1006.9166666666666,0.0,89.83333333333333,48.125,62.666666666666664,99.04166666666667,55.916666666666664,1.9583333333333333,53.958333333333336,3.9499999999999997,17.804166666666667,24.15833333333333,293.3333333333333,277.25,30.28333333333333,0.051666666666666666,0.15916666666666665,22.0125,22.3,19.57916666666667,13.870833333333335,0.378125,0.3681666666666667,0.3705416666666667,0.3793333333333333
2022-08-02,sa,21.629166666666666,89.20833333333333,19.724999999999998,23.97083333333333,1008.2541666666666,1003.9541666666668,0.0,70.79166666666667,63.166666666666664,12.375,40.125,145.83333333333334,58.25,87.58333333333333,96.5625,14.641666666666667,19.575,204.66666666666666,202.54166666666666,25.65416666666667,0.09708333333333334,0.30333333333333334,21.729166666666668,21.216666666666665,19.595833333333335,13.991666666666667,0.41566666666666663,0.41912499999999997,0.389125,0.37995833333333334
2022-08-03,sa,21.095833333333335,84.41666666666667,18.325,23.729166666666668,1009.3333333333334,1005.0333333333333,0.0,68.08333333333333,51.75,0.6666666666666666,70.125,186.79166666666666,73.91666666666667,112.875,108.89583333333333,13.5375,18.604166666666668,310.5416666666667,301.5416666666667,23.97083333333333,0.12625,0.4033333333333333,21.7375,21.241666666666667,19.5125,14.120833333333332,0.3937916666666667,0.4035416666666667,0.39158333333333334,0.38000000000000006
2022-08-04,sa,20.533333333333335,81.125,17.075,22.745833333333334,1010.525,1006.2208333333333,0.0,41.666666666666664,19.541666666666668,3.0833333333333335,73.91666666666667,223.16666666666666,113.04166666666667,110.125,166.67916666666667,13.991666666666667,18.662499999999998,313.0,305.1666666666667,24.900000000000002,0.15541666666666668,0.48583333333333334,21.583333333333332,21.158333333333335,19.5,14.233333333333334,0.3782083333333333,0.39054166666666673,0.39075,0.38000000000000006
2022-08-05,sa,19.520833333333332,76.70833333333333,15.200000000000001,20.733333333333334,1009.9333333333334,1005.6,0.0,22.208333333333332,0.7916666666666666,8.125,55.291666666666664,272.625,203.625,69.0,308.72083333333336,19.004166666666666,25.400000000000002,309.3333333333333,302.6666666666667,32.85,0.1875,0.5554166666666667,21.091666666666665,20.891666666666666,19.429166666666664,14.341666666666667,0.3622083333333333,0.37762500000000004,0.38837499999999997,0.38000000000000006
2022-08-06,sa,19.599999999999998,79.04166666666667,15.804166666666667,20.504166666666666,1010.1333333333333,1005.8125,0.0,32.958333333333336,1.9583333333333333,6.5,90.875,197.375,65.125,132.25,95.44166666666666,21.383333333333336,28.679166666666664,307.5416666666667,301.5,39.02916666666667,0.15,0.4975,20.425,20.304166666666667,19.341666666666665,14.450000000000001,0.34979166666666667,0.36641666666666667,0.385875,0.38000000000000006
2022-08-07,sa,20.516666666666666,87.25,18.304166666666667,22.170833333333334,1010.2666666666668,1005.9666666666667,0.0,46.041666666666664,19.75,16.5,60.833333333333336,171.79166666666666,85.83333333333333,85.95833333333333,137.10416666666666,20.733333333333334,29.045833333333334,308.7916666666667,302.25,38.108333333333334,0.115,0.31416666666666665,20.554166666666667,20.1875,19.229166666666668,14.554166666666667,0.3829166666666666,0.3685833333333333,0.384125,0.38000000000000006
2022-08-08,sa,23.108333333333334,92.91666666666667,21.900000000000002,25.941666666666666,1003.7458333333334,999.4916666666667,0.0,81.375,25.916666666666668,60.708333333333336,89.75,95.45833333333333,21.416666666666668,74.04166666666667,34.020833333333336,18.829166666666666,28.708333333333332,289.5416666666667,280.5416666666667,39.74583333333333,0.07041666666666667,0.20375000000000001,21.979166666666668,20.858333333333334,19.2,14.654166666666667,0.41158333333333336,0.39458333333333334,0.38395833333333335,0.38000000000000006
2022-08-09,sa,23.608333333333334,91.58333333333333,22.116666666666664,27.929166666666664,1002.7666666666668,998.4958333333334,0.0,58.5,10.958333333333334,42.291666666666664,82.625,137.83333333333334,58.583333333333336,79.25,72.97500000000001,6.695833333333333,9.670833333333333,198.375,194.41666666666666,12.716666666666667,0.09749999999999999,0.26,23.116666666666664,21.962500000000002,19.283333333333335,14.75,0.4154583333333333,0.42,0.4045,0.38079166666666664
2022-08-10,sa,22.175,89.54166666666667,20.3125,26.287499999999998,1005.2333333333332,1000.9333333333334,0.0,47.666666666666664,19.625,23.083333333333332,53.583333333333336,172.125,67.875,104.25,107.00416666666666,8.083333333333334,12.333333333333334,293.6666666666667,282.125,18.1875,0.11666666666666665,0.29583333333333334,22.55,22.041666666666668,19.454166666666666,14.850000000000001,0.41383333333333333,0.41770833333333335,0.408,0.38154166666666667
2022-08-11,sa,22.566666666666666,81.58333333333333,18.958333333333332,25.545833333333334,1005.5708333333333,1001.2958333333332,0.0,44.666666666666664,16.5,35.791666666666664,50.375,267.5833333333333,201.54166666666666,66.04166666666667,289.41249999999997,11.833333333333334,15.691666666666668,304.0833333333333,297.0,23.34583333333333,0.18875,0.5733333333333334,23.037499999999998,22.03333333333333,19.575,14.950000000000001,0.40425,0.409875,0.4074583333333333,0.3822916666666667
2022-08-12,sa,23.458333333333332,88.5,21.325,28.208333333333332,1003.3958333333334,999.1416666666668,0.0,34.416666666666664,20.125,13.458333333333334,34.708333333333336,200.58333333333334,125.75,74.83333333333333,185.45416666666668,6.808333333333334,9.770833333333334,263.8333333333333,261.0833333333333,13.533333333333333,0.13708333333333333,0.37166666666666665,23.445833333333336,22.474999999999998,19.745833333333334,15.054166666666667,0.41112499999999996,0.41874999999999996,0.4131666666666667,0.3833333333333333
2022-08-13,sa,23.383333333333336,82.79166666666667,20.170833333333334,27.78333333333333,1006.4791666666666,1002.1916666666666,0.0,53.166666666666664,10.666666666666666,35.875,73.5,189.70833333333334,93.375,96.33333333333333,151.88333333333333,3.754166666666667,4.754166666666666,219.20833333333334,239.08333333333334,9.729166666666666,0.13166666666666668,0.5275,23.420833333333334,22.558333333333334,19.929166666666664,15.158333333333333,0.39562500000000006,0.4048333333333333,0.4115,0.38445833333333335
2022-08-14,sa,21.575,86.58333333333333,19.212500000000002,25.583333333333332,1005.9375,1001.6374999999999,0.0,36.625,12.291666666666666,22.333333333333332,40.375,125.125,49.791666666666664,75.33333333333333,91.825,5.4624999999999995,7.108333333333333,175.0,182.70833333333334,12.316666666666668,0.09125,0.35000000000000003,21.6125,21.8875,20.0,15.258333333333333,0.41129166666666667,0.40970833333333334,0.41,0.385375
2022-08-15,sa,21.545833333333334,86.83333333333333,19.179166666666667,24.287499999999998,1003.875,999.5791666666668,0.0,71.0,13.875,58.041666666666664,92.20833333333333,156.20833333333334,65.95833333333333,90.25,96.77083333333333,12.029166666666667,16.379166666666666,306.5416666666667,302.0,23.7,0.1175,0.3620833333333333,21.604166666666668,21.154166666666665,20.0,15.362499999999999,0.4090416666666667,0.41183333333333333,0.4095,0.3861666666666667
2022-08-16,sa,21.629166666666666,93.58333333333333,20.554166666666667,24.099999999999998,993.9625,989.7291666666666,0.0,76.375,49.833333333333336,62.708333333333336,46.208333333333336,52.166666666666664,18.375,33.791666666666664,35.25833333333333,15.858333333333334,21.733333333333334,174.375,169.375,34.949999999999996,0.050833333333333335,0.16208333333333333,21.349999999999998,21.104166666666668,19.912499999999998,15.4625,0.422375,0.4258333333333333,0.426,0.388625
2022-08-17,sa,21.420833333333334,81.66666666666667,17.954166666666666,24.554166666666664,1008.6999999999999,1004.4,0.0,16.375,10.875,8.541666666666666,4.75,264.3333333333333,200.83333333333334,63.5,309.5625,9.541666666666666,12.25,174.58333333333334,163.70833333333334,18.829166666666666,0.17291666666666664,0.5183333333333334,21.7625,21.275000000000002,19.879166666666666,15.5625,0.39675,0.40395833333333336,0.4247916666666667,0.3932083333333334
2022-08-18,sa,19.583333333333332,88.95833333333333,17.650000000000002,21.804166666666664,1006.5,1002.1999999999999,0.0,58.625,16.5,31.041666666666668,83.75,105.41666666666667,15.625,89.79166666666667,25.579166666666666,14.012500000000001,20.275000000000002,262.1666666666667,257.5,25.558333333333334,0.07833333333333332,0.26666666666666666,19.941666666666666,20.345833333333335,19.804166666666667,15.654166666666667,0.3898333333333333,0.3924166666666667,0.41920833333333335,0.39537500000000003
2022-08-19,sa,20.941666666666666,84.20833333333333,18.016666666666666,24.054166666666664,1001.7791666666667,997.4958333333334,0.0,28.875,5.708333333333333,17.416666666666668,44.208333333333336,268.0416666666667,204.0,64.04166666666667,320.625,13.15,18.0,162.66666666666666,159.16666666666666,24.025000000000002,0.16666666666666666,0.43250000000000005,21.279166666666665,20.545833333333334,19.650000000000002,15.741666666666667,0.37966666666666665,0.38595833333333335,0.41474999999999995,0.39654166666666674
2022-08-20,sa,20.933333333333334,91.04166666666667,19.3875,24.066666666666666,998.225,993.9625,0.0,65.29166666666667,40.083333333333336,52.875,17.375,120.70833333333333,52.583333333333336,68.125,85.8625,13.424999999999999,18.683333333333334,272.7916666666667,268.5833333333333,24.27916666666667,0.0825,0.2325,20.900000000000002,20.708333333333332,19.6,15.820833333333333,0.3834583333333333,0.380875,0.41091666666666665,0.397125
2022-08-21,sa,21.454166666666666,80.20833333333333,17.520833333333332,24.266666666666666,1004.9166666666666,1000.6416666666668,0.0,8.916666666666666,8.041666666666666,2.75,0.08333333333333333,262.2916666666667,202.41666666666666,59.875,321.3625,8.075000000000001,10.258333333333333,218.16666666666666,207.20833333333334,15.912500000000001,0.18166666666666667,0.5879166666666666,21.395833333333332,20.900000000000002,19.595833333333335,15.9,0.3725,0.3775833333333333,0.40762499999999996,0.39799999999999996
2022-08-22,sa,21.59583333333333,75.41666666666667,16.724999999999998,23.308333333333334,1007.6541666666667,1003.3416666666667,0.0,46.75,18.708333333333332,20.625,65.91666666666667,247.70833333333334,171.04166666666666,76.66666666666667,246.89583333333334,15.508333333333333,22.641666666666666,306.5416666666667,302.0833333333333,29.441666666666666,0.19458333333333333,0.7104166666666667,21.708333333333332,20.929166666666667,19.6,15.995833333333332,0.355375,0.367875,0.4037916666666667,0.39799999999999996
2022-08-23,sa,21.474999999999998,91.04166666666667,19.916666666666668,24.2,999.4041666666667,995.15,0.0,58.416666666666664,26.583333333333332,50.083333333333336,32.833333333333336,71.91666666666667,21.416666666666668,50.5,43.30833333333334,17.675,25.945833333333336,242.91666666666666,238.83333333333334,29.770833333333332,0.08083333333333333,0.235,21.233333333333334,21.254166666666666,19.64166666666667,16.070833333333336,0.3714583333333333,0.36525,0.40079166666666666,0.39799999999999996
2022-08-24,sa,19.375,78.66666666666667,15.366666666666667,21.025000000000002,1006.0333333333333,1001.7333333333332,0.0,21.958333333333332,11.75,13.25,11.458333333333334,234.33333333333334,167.08333333333334,67.25,268.1458333333333,14.545833333333334,18.145833333333332,178.25,180.29166666666666,27.675,0.16708333333333333,0.5229166666666667,19.633333333333333,20.041666666666668,19.6,16.14166666666667,0.3619583333333333,0.36474999999999996,0.3983333333333334,0.39799999999999996
2022-08-25,sa,19.604166666666668,82.875,16.283333333333335,22.495833333333334,1006.9375,1002.6125000000001,0.0,45.083333333333336,21.5,12.666666666666666,62.0,256.2916666666667,192.16666666666666,64.125,281.52500000000003,5.820833333333333,8.700000000000001,302.0416666666667,302.5416666666667,15.4375,0.1625,0.46125,20.275000000000002,19.729166666666668,19.425,16.2,0.345875,0.35741666666666666,0.3950416666666667,0.39799999999999996
2022-08-26,sa,20.650000000000002,85.83333333333333,18.004166666666666,23.224999999999998,1006.9083333333333,1002.6083333333332,0.0,54.416666666666664,24.208333333333332,35.333333333333336,55.083333333333336,177.70833333333334,99.29166666666667,78.41666666666667,159.77916666666667,9.383333333333333,13.241666666666667,302.9166666666667,297.7083333333333,17.554166666666667,0.12166666666666666,0.38083333333333336,21.020833333333332,20.445833333333333,19.4,16.3,0.3376666666666667,0.3511666666666666,0.39187500000000003,0.39799999999999996
2022-08-27,sa,21.070833333333333,88.58333333333333,19.041666666666668,22.84166666666667,1005.9916666666667,1001.6916666666666,0.0,85.125,42.625,62.833333333333336,43.5,144.75,60.75,84.0,95.87083333333334,16.837500000000002,23.175,310.5833333333333,304.9166666666667,31.5625,0.09749999999999999,0.2970833333333333,21.175,20.662499999999998,19.4,16.354166666666668,0.3345416666666667,0.34670833333333334,0.38895833333333335,0.39799999999999996
2022-08-28,sa,19.9875,82.75,16.8625,21.633333333333336,1010.5625,1006.2333333333332,0.0,53.416666666666664,18.5,35.0,54.083333333333336,151.625,61.791666666666664,89.83333333333333,92.375,12.795833333333334,16.625,215.29166666666666,215.91666666666666,23.770833333333332,0.12083333333333333,0.41583333333333333,20.599999999999998,20.724999999999998,19.416666666666668,16.4,0.3525833333333333,0.34554166666666664,0.38637499999999997,0.39799999999999996
2022-08-29,sa,19.945833333333333,77.29166666666667,15.579166666666666,22.145833333333332,1018.4791666666666,1014.1166666666667,0.0,59.291666666666664,19.458333333333332,37.125,68.625,193.29166666666666,96.58333333333333,96.70833333333333,152.49166666666665,6.575,7.825,178.45833333333334,174.04166666666666,13.3125,0.13708333333333333,0.5820833333333334,20.183333333333334,19.945833333333333,19.4,16.5,0.351375,0.346875,0.3839166666666667,0.39799999999999996
2022-08-30,sa,20.0625,87.25,17.783333333333335,22.566666666666666,1015.1791666666667,1010.8291666666668,0.0,74.5,17.666666666666668,52.041666666666664,90.625,117.41666666666667,29.416666666666668,88.0,46.17083333333333,8.991666666666667,12.520833333333334,321.8333333333333,315.7083333333333,19.620833333333334,0.08791666666666666,0.31875,20.154166666666665,19.95,19.3125,16.5375,0.34429166666666666,0.3448333333333333,0.38133333333333336,0.39729166666666665
2022-08-31,sa,18.920833333333334,93.875,17.933333333333334,21.170833333333334,1009.4916666666667,1005.1541666666667,0.0,95.29166666666667,53.541666666666664,85.625,95.04166666666667,39.291666666666664,1.7083333333333333,37.583333333333336,3.016666666666667,12.408333333333333,16.7625,287.5416666666667,282.8333333333333,21.541666666666668,0.03833333333333334,0.13291666666666666,19.195833333333333,19.579166666666666,19.2625,16.6,0.4111666666666667,0.379375,0.3809166666666666,0.397
2022-09-01,sa,19.991666666666667,89.20833333333333,18.116666666666667,23.21666666666667,1009.3208333333333,1005.0124999999999,0.0,55.291666666666664,28.25,13.625,72.08333333333333,118.125,47.625,70.5,91.55,5.429166666666667,6.266666666666667,165.54166666666666,163.66666666666666,12.079166666666666,0.07791666666666666,0.26416666666666666,19.954166666666666,19.650000000000002,19.133333333333336,16.666666666666668,0.413,0.4164999999999999,0.3906666666666667,0.397
2022-09-02,sa,18.554166666666667,74.79166666666667,13.770833333333334,19.1125,1016.7458333333334,1012.3541666666666,0.0,33.916666666666664,7.833333333333333,2.625,84.0,221.66666666666666,142.79166666666666,78.875,226.6916666666667,14.516666666666666,17.920833333333334,160.5,157.25,27.287499999999998,0.15958333333333333,0.5554166666666667,19.016666666666666,19.35833333333333,19.095833333333335,16.7,0.39575000000000005,0.40395833333333336,0.39287500000000003,0.397
2022-09-03,sa,18.075,78.58333333333333,14.108333333333334,19.8625,1019.1458333333334,1014.7458333333334,0.0,36.333333333333336,8.125,0.041666666666666664,96.83333333333333,194.04166666666666,84.20833333333333,109.83333333333333,141.99166666666667,3.4166666666666665,4.0249999999999995,208.04166666666666,233.91666666666666,10.145833333333334,0.12208333333333334,0.48208333333333336,18.458333333333332,18.625,18.929166666666664,16.770833333333332,0.38116666666666665,0.3921666666666667,0.392125,0.397
2022-09-04,sa,19.295833333333334,83.08333333333333,16.116666666666667,21.6375,1018.4250000000001,1014.0541666666667,0.0,24.208333333333332,9.416666666666666,0.16666666666666666,52.041666666666664,238.79166666666666,177.54166666666666,61.25,293.6125,7.9750000000000005,11.174999999999999,277.9166666666667,292.7916666666667,16.879166666666666,0.15291666666666667,0.43291666666666667,19.820833333333333,19.158333333333335,18.808333333333334,16.8,0.3694583333333333,0.38204166666666667,0.39025,0.397
2022-09-05,sa,19.462500000000002,87.625,17.329166666666666,19.854166666666668,1014.6750000000001,1010.3375,0.0,90.08333333333333,31.208333333333332,60.625,96.75,59.791666666666664,2.0833333333333335,57.708333333333336,3.2458333333333336,27.566666666666666,38.987500000000004,304.4583333333333,299.625,47.15416666666667,0.07083333333333333,0.28541666666666665,19.220833333333335,19.258333333333333,18.8,16.845833333333335,0.37024999999999997,0.3755833333333333,0.38858333333333334,0.397
2022-09-06,sa,21.758333333333336,83.58333333333333,18.845833333333335,21.304166666666667,1007.1833333333334,1002.8874999999999,0.0,85.83333333333333,63.041666666666664,8.208333333333334,86.0,181.29166666666666,83.08333333333333,98.20833333333333,136.76666666666668,38.86666666666667,55.82916666666667,304.0833333333333,301.2916666666667,67.2,0.14208333333333334,0.4354166666666666,21.220833333333335,20.066666666666666,18.8125,16.9,0.3665833333333333,0.37162500000000004,0.38691666666666663,0.397
2022-09-07,sa,21.583333333333332,76.625,16.8625,23.5625,1011.8000000000001,1007.4791666666666,0.0,8.458333333333334,4.875,1.375,10.833333333333334,241.54166666666666,191.25,50.291666666666664,321.43333333333334,12.908333333333333,17.787499999999998,229.54166666666666,227.75,21.65416666666667,0.18500000000000003,0.6845833333333333,21.633333333333336,21.041666666666668,18.970833333333335,16.912499999999998,0.35575,0.36433333333333334,0.38445833333333335,0.397
2022-09-08,sa,20.0125,77.83333333333333,15.691666666666668,22.133333333333336,1017.3458333333333,1012.9875000000001,0.0,13.875,2.875,0.0,37.666666666666664,246.41666666666666,197.125,49.291666666666664,336.5083333333333,6.916666666666667,7.979166666666667,197.79166666666666,192.75,14.575000000000001,0.16,0.5812499999999999,20.087500000000002,20.150000000000002,19.1,17.0,0.34191666666666665,0.3557083333333333,0.38166666666666665,0.39658333333333334
2022-09-09,sa,20.291666666666668,83.625,17.1125,22.525000000000002,1016.7541666666666,1012.3916666666668,0.0,16.25,15.083333333333334,0.0,8.583333333333334,242.375,198.29166666666666,44.083333333333336,329.7583333333333,8.604166666666666,12.0375,173.33333333333334,169.5,16.875,0.15625,0.4633333333333334,20.954166666666666,20.245833333333334,19.125,17.0,0.33145833333333335,0.34779166666666667,0.37870833333333337,0.3960000000000001
2022-09-10,sa,18.3625,69.54166666666667,12.133333333333333,19.025000000000002,1020.8583333333332,1016.4666666666667,0.0,4.791666666666667,5.25,0.0,0.0,257.1666666666667,213.95833333333334,43.208333333333336,367.7083333333333,8.066666666666666,10.883333333333333,148.79166666666666,134.58333333333334,15.404166666666667,0.1775,0.71625,19.525000000000002,20.016666666666666,19.2,17.09166666666667,0.32079166666666664,0.33975,0.3755,0.3960000000000001
2022-09-11,sa,18.383333333333333,81.625,14.908333333333333,19.933333333333334,1019.1,1014.725,0.0,12.583333333333334,4.5,0.08333333333333333,28.041666666666668,244.66666666666666,200.375,44.291666666666664,340.85833333333335,13.295833333333334,18.720833333333335,315.75,308.5833333333333,22.849999999999998,0.15875,0.4466666666666667,19.279166666666665,19.191666666666666,19.116666666666667,17.1,0.3115,0.33245833333333336,0.37237499999999996,0.3960000000000001
2022-09-12,sa,19.829166666666666,84.33333333333333,17.033333333333335,21.579166666666666,1016.3666666666667,1012.0083333333333,0.0,48.916666666666664,11.708333333333334,20.166666666666668,89.16666666666667,155.20833333333334,66.125,89.08333333333333,107.39166666666667,17.825,25.537499999999998,305.3333333333333,298.9166666666667,32.766666666666666,0.11458333333333333,0.3854166666666667,19.82916666666667,19.470833333333335,19.029166666666665,17.162499999999998,0.30633333333333335,0.326875,0.36954166666666666,0.3960000000000001
2022-09-13,sa,21.3625,83.54166666666667,18.345833333333335,23.333333333333332,1014.6416666666668,1010.3000000000001,0.0,42.958333333333336,25.0,18.458333333333332,35.5,189.29166666666666,127.375,61.916666666666664,206.6291666666667,14.545833333333334,20.275000000000002,213.33333333333334,209.54166666666666,27.958333333333332,0.13875,0.45999999999999996,21.516666666666666,20.483333333333334,19.054166666666667,17.2,0.303125,0.3222916666666667,0.36683333333333334,0.3954166666666667
2022-09-14,sa,15.825000000000001,71.41666666666667,10.5375,14.920833333333334,1020.3416666666667,1015.9250000000001,0.0,47.125,43.25,0.2916666666666667,26.541666666666668,164.83333333333334,90.66666666666667,74.16666666666667,168.29583333333332,19.395833333333332,24.92916666666667,112.16666666666667,111.08333333333333,33.1625,0.13541666666666666,0.5283333333333333,17.941666666666666,19.4375,19.1375,17.216666666666665,0.30066666666666664,0.31783333333333336,0.36391666666666667,0.395
2022-09-15,sa,18.037499999999998,78.33333333333333,14.025,19.066666666666666,1016.375,1011.975,0.0,40.791666666666664,2.2916666666666665,19.166666666666668,90.41666666666667,216.04166666666666,153.66666666666666,62.375,252.07083333333333,4.333333333333333,4.745833333333334,125.20833333333333,161.91666666666666,9.683333333333334,0.13458333333333333,0.4916666666666667,18.383333333333333,18.245833333333334,18.95,17.3,0.293375,0.3137083333333333,0.361125,0.395
2022-09-16,sa,18.566666666666666,83.125,15.595833333333333,20.379166666666666,1016.2416666666667,1011.8583333333332,0.0,90.33333333333333,5.75,93.45833333333333,97.95833333333333,83.16666666666667,13.0,70.16666666666667,22.858333333333334,9.5,14.120833333333332,293.1666666666667,314.2083333333333,19.0625,0.07208333333333333,0.37375,18.429166666666667,18.508333333333333,18.820833333333333,17.3,0.29075,0.31079166666666663,0.35883333333333334,0.395
2022-09-17,sa,20.391666666666666,85.45833333333333,17.8125,22.0125,1013.6708333333332,1009.3375,0.0,63.541666666666664,32.125,34.166666666666664,67.75,90.29166666666667,29.666666666666668,60.625,53.69166666666667,17.125,25.679166666666664,310.7083333333333,303.8333333333333,28.162499999999998,0.08,0.36000000000000004,19.724999999999998,19.087500000000002,18.708333333333332,17.3125,0.2920833333333333,0.309,0.35683333333333334,0.39425
2022-09-18,sa,20.041666666666668,92.08333333333333,18.712500000000002,22.679166666666664,1010.3583333333332,1006.0583333333334,0.0,66.29166666666667,7.75,55.75,86.5,50.375,4.25,46.125,13.924999999999999,13.4375,21.125,304.7083333333333,296.25,24.599999999999998,0.042083333333333334,0.18791666666666665,19.616666666666667,19.483333333333334,18.745833333333334,17.4,0.3469166666666667,0.32258333333333333,0.35525,0.39399999999999996
2022-09-19,sa,18.654166666666665,92.16666666666667,17.345833333333335,20.145833333333332,1001.2791666666667,996.9625,0.0,88.79166666666667,43.791666666666664,81.29166666666667,100.0,72.58333333333333,8.75,63.833333333333336,12.674999999999999,13.316666666666668,18.258333333333333,200.625,198.16666666666666,24.241666666666664,0.05666666666666667,0.17875,19.404166666666665,19.416666666666668,18.8,17.4,0.40808333333333335,0.3721666666666667,0.35483333333333333,0.39399999999999996
2022-09-20,sa,13.241666666666667,69.79166666666667,7.654166666666666,10.575000000000001,1004.3375,999.9375,0.0,90.16666666666667,68.83333333333333,49.416666666666664,39.416666666666664,125.5,55.708333333333336,69.79166666666667,94.06666666666666,24.0625,31.05,142.75,141.29166666666666,40.762499999999996,0.11666666666666665,0.4595833333333333,15.679166666666667,17.520833333333332,18.6875,17.4,0.4130833333333333,0.41816666666666663,0.37470833333333337,0.39399999999999996
2022-09-21,sa,13.512500000000001,64.875,6.7625,12.204166666666666,1017.8000000000001,1013.3375,0.0,15.5,5.208333333333333,2.8333333333333335,30.333333333333332,206.83333333333334,152.04166666666666,54.791666666666664,263.7291666666667,10.954166666666666,13.208333333333334,165.16666666666666,163.5,20.983333333333334,0.13416666666666668,0.5691666666666667,14.4125,15.808333333333332,18.295833333333334,17.45,0.3890416666666667,0.39887500000000004,0.379,0.39399999999999996
2022-09-22,sa,15.1625,77.45833333333333,10.995833333333332,14.483333333333334,1022.8541666666666,1018.4208333333332,0.0,32.916666666666664,18.333333333333332,1.6666666666666667,51.291666666666664,219.58333333333334,171.95833333333334,47.625,306.14166666666665,16.4375,22.304166666666664,306.125,304.7083333333333,30.3,0.14375000000000002,0.43583333333333335,15.299999999999999,15.320833333333333,17.825,17.5,0.37525000000000003,0.38645833333333335,0.37845833333333334,0.3930416666666667
2022-09-23,sa,16.920833333333334,90.375,15.320833333333333,17.395833333333332,1014.9958333333334,1010.6041666666666,0.0,97.79166666666667,51.583333333333336,86.25,99.41666666666667,30.75,1.0833333333333333,29.666666666666668,2.4166666666666665,18.945833333333333,28.229166666666668,318.875,312.75,32.041666666666664,0.03875,0.18208333333333335,16.408333333333335,16.454166666666666,17.5625,17.5,0.4074583333333333,0.40549999999999997,0.38116666666666665,0.393
2022-09-24,sa,18.566666666666666,89.16666666666667,16.6875,19.166666666666668,1007.4666666666667,1003.1333333333333,0.0,62.541666666666664,40.958333333333336,45.0,49.375,84.20833333333333,38.125,46.083333333333336,73.375,17.233333333333334,23.683333333333334,233.04166666666666,231.125,28.724999999999998,0.07291666666666667,0.23625,17.879166666666666,17.695833333333333,17.5,17.5,0.415375,0.41558333333333336,0.3897083333333333,0.393
2022-09-25,sa,16.908333333333335,81.5,13.491666666666667,18.349999999999998,1014.9250000000001,1010.5416666666666,0.0,25.666666666666668,6.791666666666667,8.625,47.625,192.375,137.5,54.875,252.975,11.641666666666666,14.241666666666667,192.33333333333334,193.54166666666666,22.349999999999998,0.12583333333333332,0.4041666666666666,17.066666666666666,17.179166666666667,17.495833333333334,17.5,0.3942083333333333,0.4035416666666667,0.3922083333333333,0.393
2022-09-26,sa,17.8,81.5,14.299999999999999,19.291666666666668,1016.3291666666668,1011.9416666666666,0.0,20.5,5.041666666666667,16.208333333333332,20.625,204.625,159.5,45.125,299.24583333333334,5.779166666666666,6.420833333333333,231.83333333333334,231.16666666666666,11.245833333333332,0.12166666666666666,0.4366666666666667,17.629166666666666,17.520833333333332,17.454166666666666,17.5,0.3810833333333334,0.39208333333333334,0.3915416666666667,0.393
2022-09-27,sa,16.8875,84.83333333333333,14.108333333333334,18.833333333333332,1016.8791666666666,1012.4791666666666,0.0,50.0,30.625,0.0,80.375,188.125,137.75,50.375,254.57916666666665,7.129166666666666,8.75,177.58333333333334,163.83333333333334,12.858333333333334,0.10916666666666668,0.34041666666666665,17.454166666666666,17.416666666666668,17.4625,17.5,0.3714583333333333,0.38295833333333335,0.39045833333333335,0.393
2022-09-28,sa,17.141666666666666,83.08333333333333,13.966666666666667,18.691666666666666,1011.9041666666667,1007.5333333333333,0.0,24.916666666666668,15.375,0.0,43.833333333333336,152.79166666666666,71.25,81.54166666666667,136.475,7.824999999999999,10.233333333333333,291.4166666666667,282.625,14.154166666666667,0.09625,0.3941666666666667,17.191666666666666,17.383333333333333,17.466666666666665,17.5,0.36404166666666665,0.3754583333333333,0.3890416666666667,0.393
2022-09-29,sa,17.129166666666666,87.83333333333333,14.983333333333334,18.9875,1011.5916666666667,1007.2166666666667,0.0,28.375,31.416666666666668,0.0,0.0,140.54166666666666,78.29166666666667,62.25,168.60416666666666,7.3,8.620833333333334,180.29166666666666,173.16666666666666,15.7875,0.08333333333333333,0.2708333333333333,16.6875,16.929166666666667,17.40833333333333,17.5,0.3586666666666667,0.36941666666666667,0.3874583333333333,0.393
2022-09-30,sa,18.1375,86.45833333333333,15.641666666666666,19.916666666666668,1014.6,1010.2291666666666,0.0,17.583333333333332,19.458333333333332,0.08333333333333333,0.0,191.75,151.79166666666666,39.958333333333336,279.54583333333335,12.004166666666668,17.504166666666666,296.9583333333333,287.2916666666667,20.704166666666666,0.11583333333333333,0.34,18.341666666666665,17.591666666666665,17.3875,17.5,0.35145833333333326,0.36354166666666665,0.38566666666666666,0.393
2022-10-01,sa,19.400000000000002,84.58333333333333,16.508333333333333,21.55,1015.6541666666667,1011.2916666666666,0.0,8.458333333333334,2.1666666666666665,2.875,15.916666666666666,197.95833333333334,160.0,37.958333333333336,307.96250000000003,10.529166666666667,15.070833333333333,233.54166666666666,226.54166666666666,18.670833333333334,0.1275,0.4154166666666667,18.900000000000002,18.395833333333332,17.470833333333335,17.5,0.34379166666666666,0.35708333333333336,0.3834166666666667,0.393
2022-10-02,sa,17.912499999999998,85.5,15.333333333333334,19.8875,1021.8666666666667,1017.4666666666667,0.0,26.375,25.208333333333332,5.583333333333333,1.0416666666666667,159.20833333333334,108.33333333333333,50.875,207.92083333333335,8.829166666666667,12.275,193.75,187.70833333333334,18.837500000000002,0.10291666666666667,0.3254166666666667,18.820833333333333,18.520833333333332,17.633333333333336,17.5,0.34166666666666673,0.35224999999999995,0.38129166666666664,0.393
2022-10-03,sa,18.166666666666668,84.58333333333333,15.475,18.208333333333332,1017.75,1013.3541666666666,0.0,50.541666666666664,20.833333333333332,20.041666666666668,65.95833333333333,135.375,59.166666666666664,76.20833333333333,119.91250000000001,23.02916666666667,32.708333333333336,304.0416666666667,298.875,40.545833333333334,0.09833333333333333,0.33208333333333334,18.370833333333334,18.258333333333333,17.729166666666668,17.5,0.3389166666666667,0.34874999999999995,0.3793333333333333,0.393
2022-10-04,sa,15.341666666666667,85.25,12.799999999999999,13.737499999999999,1005.2666666666668,1000.8958333333334,0.0,97.54166666666667,73.54166666666667,84.20833333333333,70.125,17.625,0.125,17.5,0.24583333333333335,24.84583333333333,34.15416666666667,182.16666666666666,180.79166666666666,45.11666666666667,0.055,0.24083333333333334,16.525000000000002,17.662499999999998,17.791666666666668,17.5,0.40791666666666665,0.3983333333333334,0.381125,0.393
2022-10-05,sa,9.808333333333334,58.833333333333336,2.0416666666666665,6.604166666666667,1016.2208333333333,1011.7208333333333,0.0,92.29166666666667,64.04166666666667,75.54166666666667,0.5833333333333334,86.45833333333333,30.625,55.833333333333336,60.604166666666664,19.008333333333333,23.791666666666668,152.70833333333334,150.79166666666666,34.6,0.09375,0.5054166666666667,12.479166666666666,14.795833333333334,17.520833333333332,17.5,0.400625,0.408625,0.3879166666666667,0.392375
2022-10-06,sa,9.304166666666667,65.45833333333333,3.0666666666666664,6.433333333333334,1021.2624999999999,1016.725,0.0,52.666666666666664,17.666666666666668,43.541666666666664,35.458333333333336,161.0,103.95833333333333,57.041666666666664,201.82083333333333,17.724999999999998,21.650000000000002,162.66666666666666,162.25,32.15416666666667,0.10041666666666667,0.4116666666666666,11.141666666666666,13.041666666666666,16.966666666666665,17.5,0.3927083333333334,0.39854166666666674,0.389,0.39200000000000007
2022-10-07,sa,9.979166666666666,66.33333333333333,3.7916666666666665,8.270833333333334,1021.725,1017.1958333333333,0.0,66.875,8.791666666666666,68.58333333333333,62.208333333333336,106.125,40.333333333333336,65.79166666666667,96.49166666666666,6.066666666666666,7.116666666666667,230.625,229.54166666666666,13.283333333333333,0.06916666666666667,0.43083333333333335,11.008333333333333,12.179166666666667,16.349999999999998,17.4875,0.38504166666666667,0.392125,0.389,0.39200000000000007
2022-10-08,sa,10.275,70.58333333333333,5.070833333333334,9.112499999999999,1023.3458333333333,1018.8333333333334,0.0,43.916666666666664,18.208333333333332,42.75,6.125,128.54166666666666,76.5,52.041666666666664,156.9375,10.420833333333333,13.016666666666666,85.58333333333333,88.79166666666667,18.204166666666666,0.08416666666666667,0.3779166666666667,11.233333333333334,12.470833333333333,15.833333333333334,17.4,0.383125,0.3875416666666667,0.38837499999999997,0.39200000000000007
2022-10-09,sa,12.3125,70.16666666666667,6.7875000000000005,10.629166666666666,1027.6666666666667,1023.1333333333333,0.0,59.375,38.916666666666664,31.958333333333332,50.25,169.83333333333334,123.375,46.458333333333336,240.59583333333333,12.704166666666666,17.029166666666665,314.5,285.9166666666667,24.15833333333333,0.1125,0.45458333333333334,12.179166666666667,12.329166666666666,15.395833333333334,17.4,0.37375,0.3821666666666667,0.3874166666666667,0.39200000000000007
2022-10-10,sa,14.237499999999999,87.29166666666667,12.104166666666666,12.704166666666666,1009.8625000000001,1005.4291666666667,0.0,97.70833333333333,57.25,94.45833333333333,94.79166666666667,19.833333333333332,0.0,19.833333333333332,0.0,22.745833333333334,32.25,313.9166666666667,311.0,43.69166666666666,0.04125,0.2025,13.487499999999999,13.6,15.174999999999999,17.337500000000002,0.4174583333333333,0.41054166666666664,0.3917083333333333,0.39200000000000007
2022-10-11,sa,13.704166666666666,78.45833333333333,9.883333333333333,12.020833333333334,1005.9083333333333,1001.5083333333333,0.0,56.5,32.125,45.166666666666664,7.875,125.20833333333333,80.95833333333333,44.25,163.20833333333334,22.829166666666666,31.0625,235.125,234.41666666666666,42.612500000000004,0.10083333333333333,0.34833333333333333,13.950000000000001,14.204166666666666,15.1,17.3,0.42,0.421875,0.4074166666666667,0.39279166666666665
2022-10-12,sa,12.633333333333333,67.75,6.620833333333334,10.633333333333333,1023.5291666666667,1019.025,0.0,12.25,13.083333333333334,0.8333333333333334,0.0,159.58333333333334,119.5,40.083333333333336,252.33333333333334,16.9875,21.400000000000002,164.45833333333334,159.20833333333334,29.391666666666666,0.12125000000000001,0.4916666666666667,12.9125,13.9125,15.095833333333333,17.245833333333334,0.39929166666666666,0.40962499999999996,0.4085833333333333,0.3930833333333334
2022-10-13,sa,10.779166666666667,78.41666666666667,6.758333333333333,10.950000000000001,1027.8083333333334,1023.275,0.0,20.416666666666668,13.958333333333334,0.0,26.291666666666668,171.45833333333334,131.08333333333334,40.375,265.76666666666665,6.325,8.025,287.0416666666667,283.875,14.141666666666666,0.09375,0.3333333333333333,11.950000000000001,12.816666666666668,14.916666666666666,17.2,0.3884166666666667,0.39895833333333336,0.4073333333333333,0.39399999999999996
2022-10-14,sa,13.487499999999999,82.0,10.3375,13.504166666666668,1022.0083333333333,1017.5208333333334,0.0,29.75,10.083333333333334,9.791666666666666,59.375,159.875,113.79166666666667,46.083333333333336,229.88333333333333,6.920833333333333,10.8125,309.875,303.625,15.483333333333334,0.08750000000000001,0.3045833333333333,13.049999999999999,12.9125,14.725,17.145833333333332,0.38058333333333333,0.39054166666666673,0.4054583333333333,0.39399999999999996
2022-10-15,sa,14.720833333333333,85.91666666666667,12.2875,15.741666666666667,1019.4916666666667,1015.0333333333333,0.0,57.875,35.166666666666664,49.166666666666664,35.541666666666664,95.875,44.666666666666664,51.208333333333336,86.95,6.625,9.3375,277.2083333333333,277.0,16.433333333333334,0.05875,0.255,14.341666666666667,14.329166666666666,14.720833333333333,17.1,0.38608333333333333,0.38608333333333333,0.4034583333333333,0.39483333333333337
2022-10-16,sa,14.720833333333333,86.125,12.245833333333332,15.170833333333334,1017.7833333333333,1013.35,0.0,46.083333333333336,11.333333333333334,24.25,71.25,132.29166666666666,72.625,59.666666666666664,153.56666666666666,9.704166666666667,14.512500000000001,294.7916666666667,290.9166666666667,19.904166666666665,0.07625,0.27,14.479166666666666,14.200000000000001,14.754166666666668,17.0375,0.3841666666666667,0.3865,0.40208333333333335,0.395
2022-10-17,sa,12.520833333333334,79.79166666666667,9.016666666666667,10.424999999999999,1008.0333333333333,1003.5875,0.0,58.875,30.958333333333332,58.041666666666664,10.458333333333334,93.29166666666667,56.916666666666664,36.375,115.425,19.95,26.90833333333333,191.83333333333334,190.33333333333334,34.77916666666667,0.07708333333333334,0.2920833333333333,13.875,14.625,14.854166666666666,17.0,0.39575,0.3882916666666667,0.40045833333333336,0.395
2022-10-18,sa,8.808333333333334,64.41666666666667,2.4208333333333334,4.895833333333333,1012.0749999999999,1007.5749999999999,0.0,43.166666666666664,21.0,40.333333333333336,0.0,133.58333333333334,84.45833333333333,49.125,181.875,24.441666666666666,31.491666666666664,162.875,162.41666666666666,39.9625,0.10125,0.4083333333333334,10.9375,12.566666666666668,14.779166666666667,16.945833333333333,0.392125,0.3930416666666667,0.39987500000000004,0.395
2022-10-19,sa,8.854166666666666,67.33333333333333,2.775,6.05,1017.2083333333334,1012.7083333333334,0.0,55.0,24.375,55.0,0.0,112.125,60.833333333333336,51.291666666666664,138.65,21.166666666666668,27.099999999999998,173.625,172.91666666666666,36.204166666666666,0.09708333333333334,0.39958333333333335,9.875,11.329166666666666,14.458333333333334,16.9,0.3834583333333333,0.3885,0.39879166666666666,0.395
2022-10-20,sa,10.8125,74.0,5.825,9.641666666666667,1018.5666666666666,1014.0916666666667,0.0,33.5,22.541666666666668,21.875,0.0,137.79166666666666,99.95833333333333,37.833333333333336,216.42499999999998,20.25,26.670833333333334,193.875,192.95833333333334,34.637499999999996,0.11583333333333333,0.3983333333333334,10.7125,11.216666666666667,14.1,16.837500000000002,0.37433333333333335,0.3826666666666667,0.3975,0.395
2022-10-21,sa,12.908333333333333,79.41666666666667,9.058333333333334,13.233333333333334,1018.85,1014.4,0.0,29.75,3.0416666666666665,27.041666666666668,35.541666666666664,136.95833333333334,85.41666666666667,51.541666666666664,185.39583333333334,10.108333333333333,14.841666666666667,236.20833333333334,231.41666666666666,19.129166666666666,0.09083333333333334,0.36624999999999996,12.262500000000001,12.049999999999999,13.9,16.795833333333334,0.3678333333333333,0.37704166666666666,0.396375,0.395
2022-10-22,sa,14.029166666666667,78.625,10.049999999999999,13.804166666666667,1010.7708333333334,1006.3541666666666,0.0,17.791666666666668,10.791666666666666,9.333333333333334,8.166666666666666,134.16666666666666,98.54166666666667,35.625,218.42499999999998,13.875,20.4375,217.41666666666666,214.66666666666666,26.712500000000002,0.09833333333333333,0.405,13.512500000000001,13.3375,13.879166666666668,16.7,0.36274999999999996,0.37204166666666666,0.39454166666666673,0.395
2022-10-23,sa,8.645833333333334,84.29166666666667,6.1125,7.016666666666667,1010.9875000000001,1006.4875000000001,0.0,56.916666666666664,29.875,47.208333333333336,5.541666666666667,96.625,58.0,38.625,131.475,13.862499999999999,18.099999999999998,142.29166666666666,141.95833333333334,26.208333333333332,0.04958333333333333,0.17833333333333334,10.929166666666667,12.566666666666668,13.9,16.658333333333335,0.37625,0.371125,0.39333333333333337,0.395
2022-10-24,sa,6.5,78.58333333333333,3.0083333333333333,4.066666666666666,1016.0791666666668,1011.5291666666667,0.0,50.791666666666664,35.333333333333336,36.458333333333336,12.125,90.79166666666667,46.041666666666664,44.75,111.28333333333335,13.420833333333334,16.7375,85.08333333333333,87.20833333333333,23.520833333333332,0.04666666666666667,0.21416666666666664,8.424999999999999,10.433333333333334,13.700000000000001,16.6,0.390625,0.3774166666666667,0.3922916666666667,0.395
2022-10-26,sa,7.520833333333333,78.25,3.4499999999999997,6.6125,1029.3291666666667,1024.7291666666667,0.0,12.208333333333334,13.541666666666666,0.0,0.0,148.91666666666666,116.66666666666667,32.25,263.875,4.7,4.954166666666667,278.5416666666667,280.4166666666667,11.779166666666667,0.06666666666666667,0.26791666666666664,7.216666666666666,8.441666666666666,12.741666666666667,16.45,0.3725416666666667,0.3785833333333333,0.39045833333333335,0.395
2022-10-27,sa,9.041666666666666,81.70833333333333,5.820833333333333,8.695833333333333,1024.6416666666667,1020.1083333333332,0.0,74.20833333333333,52.333333333333336,42.958333333333336,34.458333333333336,97.58333333333333,54.583333333333336,43.0,122.91666666666667,8.954166666666667,11.879166666666668,277.75,278.4583333333333,17.141666666666666,0.05875,0.25125000000000003,9.329166666666667,9.279166666666667,12.366666666666667,16.370833333333334,0.36695833333333333,0.37424999999999997,0.3894166666666667,0.395
2022-10-28,sa,11.391666666666666,78.04166666666667,7.5625,10.316666666666666,1022.4625,1017.9625,0.0,64.41666666666667,16.333333333333332,65.75,34.708333333333336,78.70833333333333,29.791666666666668,48.916666666666664,69.49166666666666,15.120833333333332,22.3,306.75,303.5416666666667,30.120833333333334,0.0675,0.315,10.783333333333333,10.779166666666667,12.279166666666667,16.283333333333335,0.3667916666666666,0.3709166666666666,0.3882916666666667,0.395
2022-10-29,sa,9.75,85.20833333333333,7.233333333333333,9.333333333333334,1019.7125,1015.2125,0.0,49.75,31.875,32.541666666666664,6.916666666666667,108.5,68.875,39.625,165.31666666666666,8.891666666666667,11.683333333333332,209.0,209.41666666666666,18.775000000000002,0.05791666666666667,0.1991666666666667,10.5625,11.174999999999999,12.300000000000002,16.2,0.39008333333333334,0.3755,0.387125,0.395
2022-10-30,sa,8.954166666666667,85.16666666666667,6.483333333333333,8.629166666666666,1022.9916666666667,1018.4666666666667,0.0,37.291666666666664,27.625,20.125,1.0833333333333333,93.54166666666667,59.708333333333336,33.833333333333336,149.79583333333332,13.741666666666667,19.058333333333334,91.91666666666667,95.29166666666667,26.8,0.05583333333333334,0.18833333333333332,9.533333333333333,10.395833333333334,12.295833333333334,16.104166666666668,0.37962500000000005,0.378125,0.38637499999999997,0.395
2022-10-31,sa,8.3125,81.79166666666667,5.2,8.375,1027.3083333333334,1022.7333333333332,0.0,10.041666666666666,5.75,0.20833333333333334,15.708333333333334,121.54166666666667,79.58333333333333,41.958333333333336,199.9375,7.166666666666667,9.458333333333334,179.875,179.125,15.579166666666666,0.06291666666666666,0.22791666666666666,9.1625,10.0,12.141666666666666,16.020833333333332,0.3717083333333333,0.375875,0.3854583333333333,0.395
2022-11-01,sa,11.0875,79.95833333333333,7.620833333333334,9.483333333333333,1020.6083333333332,1016.0875,0.0,61.708333333333336,15.833333333333334,39.25,79.5,90.83333333333333,35.0,55.833333333333336,89.36666666666667,18.337500000000002,26.087500000000002,297.875,294.375,34.36666666666667,0.06875,0.28208333333333335,10.391666666666667,10.320833333333333,12.079166666666666,15.941666666666668,0.37116666666666664,0.37266666666666665,0.38445833333333335,0.395
2022-11-02,sa,8.6625,78.0,4.75,7.0,1015.7375000000001,1011.2375000000001,0.0,28.833333333333332,15.375,15.0,20.125,129.5,97.75,31.75,242.0666666666667,15.2125,18.729166666666668,176.875,175.58333333333334,27.358333333333334,0.0825,0.26875,9.683333333333334,10.708333333333334,12.1,15.862499999999999,0.3879166666666667,0.3789166666666666,0.3835,0.395
2022-11-03,sa,6.3999999999999995,80.20833333333333,3.1958333333333333,3.970833333333333,1010.5583333333334,1006.0541666666667,0.0,61.208333333333336,17.666666666666668,56.75,37.208333333333336,66.0,24.208333333333332,41.791666666666664,58.65833333333333,17.991666666666667,22.691666666666666,178.83333333333334,178.79166666666666,33.49583333333333,0.06208333333333333,0.19041666666666668,7.366666666666667,9.025,11.945833333333333,15.779166666666667,0.38608333333333333,0.38025,0.383,0.395
2022-11-04,sa,4.066666666666666,74.33333333333333,-0.18333333333333335,0.8250000000000001,1011.4166666666666,1006.8333333333334,0.0,41.291666666666664,20.583333333333332,38.0,0.0,101.33333333333333,63.208333333333336,38.125,160.12083333333334,23.995833333333334,31.104166666666668,165.75,165.25,40.141666666666666,0.07375,0.21875,5.7875000000000005,7.683333333333334,11.616666666666667,15.695833333333333,0.38458333333333333,0.38199999999999995,0.38258333333333333,0.395
2022-11-05,sa,4.816666666666666,70.41666666666667,-0.325,1.9541666666666666,1014.5416666666666,1009.9666666666667,0.0,38.541666666666664,16.416666666666668,39.583333333333336,0.16666666666666666,100.0,64.75,35.25,163.775,20.974999999999998,26.041666666666668,185.79166666666666,186.20833333333334,35.204166666666666,0.07958333333333334,0.27291666666666664,5.0874999999999995,6.683333333333334,11.170833333333334,15.6,0.38079166666666664,0.381,0.38199999999999995,0.39479166666666665
2022-11-06,sa,5.445833333333333,67.95833333333333,-0.375,2.8958333333333335,1018.8791666666666,1014.3041666666667,0.0,42.833333333333336,17.5,41.291666666666664,7.958333333333333,99.75,61.833333333333336,37.916666666666664,162.4375,18.370833333333334,23.34166666666667,171.95833333333334,169.58333333333334,32.15833333333334,0.08416666666666667,0.315,5.066666666666666,6.5249999999999995,10.745833333333332,15.5,0.373875,0.3785833333333333,0.3814583333333333,0.39399999999999996
2022-11-07,sa,6.791666666666667,74.33333333333333,2.0458333333333334,4.2124999999999995,1020.975,1016.4041666666667,0.0,60.958333333333336,34.583333333333336,29.333333333333332,44.291666666666664,91.04166666666667,50.458333333333336,40.583333333333336,134.42916666666667,10.666666666666666,11.766666666666666,201.125,204.33333333333334,19.129166666666666,0.0625,0.28291666666666665,5.170833333333333,6.391666666666667,10.370833333333334,15.391666666666667,0.36879166666666663,0.37520833333333337,0.38075,0.39399999999999996
2022-11-08,sa,6.666666666666667,82.125,3.5500000000000003,5.116666666666666,1017.4291666666667,1012.8708333333334,0.0,54.041666666666664,18.375,52.458333333333336,20.291666666666668,94.33333333333333,58.125,36.208333333333336,144.625,11.2875,15.450000000000001,213.125,211.20833333333334,20.679166666666667,0.059166666666666666,0.20875,6.095833333333332,6.658333333333334,10.0625,15.279166666666667,0.3660833333333333,0.3719166666666667,0.37995833333333334,0.39399999999999996
2022-11-09,sa,6.866666666666667,77.45833333333333,2.8874999999999997,6.266666666666667,1019.4625,1014.9291666666667,0.0,31.958333333333332,20.875,18.708333333333332,6.375,103.75,73.04166666666667,30.708333333333332,190.50833333333333,15.575000000000001,21.254166666666666,208.625,205.91666666666666,26.866666666666664,0.07875,0.2525,6.404166666666666,7.170833333333333,9.916666666666666,15.166666666666666,0.36316666666666664,0.369375,0.379,0.39399999999999996
2022-11-10,sa,7.216666666666666,67.5,1.3291666666666666,4.6375,1020.0166666666668,1015.475,0.0,26.708333333333332,17.125,6.541666666666667,24.458333333333332,107.95833333333333,74.33333333333333,33.625,198.8083333333333,22.620833333333334,30.525000000000002,147.79166666666666,146.625,38.449999999999996,0.09999999999999999,0.3425,6.645833333333333,7.345833333333334,9.804166666666667,15.054166666666667,0.35874999999999996,0.36641666666666667,0.37795833333333334,0.39399999999999996
2022-11-11,sa,5.266666666666667,69.91666666666667,-0.13749999999999998,3.1458333333333335,1027.1041666666667,1022.4875000000001,0.0,29.833333333333332,25.333333333333332,4.125,15.166666666666666,111.58333333333333,77.625,33.958333333333336,210.7875,11.887500000000001,15.316666666666668,182.16666666666666,182.125,22.045833333333334,0.06999999999999999,0.295,5.533333333333334,6.9375,9.704166666666666,14.941666666666668,0.3547916666666666,0.363125,0.37675,0.39399999999999996
2022-11-12,sa,8.354166666666666,81.20833333333333,5.125,7.929166666666667,1018.4166666666666,1013.8958333333334,0.0,36.833333333333336,2.7916666666666665,17.333333333333332,79.5,93.25,52.208333333333336,41.041666666666664,146.16666666666666,13.908333333333333,21.5625,273.7083333333333,265.4166666666667,23.570833333333336,0.065,0.24666666666666667,7.004166666666666,6.8374999999999995,9.525,14.829166666666667,0.35229166666666667,0.3602916666666667,0.37562500000000004,0.39399999999999996
2022-11-13,sa,10.408333333333333,87.29166666666667,8.370833333333334,7.441666666666666,1002.6833333333334,998.2375000000001,0.0,87.0,50.25,63.583333333333336,73.58333333333333,20.416666666666668,2.3333333333333335,18.083333333333332,5.2749999999999995,27.079166666666666,38.9375,212.58333333333334,210.16666666666666,49.583333333333336,0.041666666666666664,0.155,9.275,8.941666666666666,9.595833333333333,14.716666666666667,0.390625,0.3795,0.37520833333333337,0.39399999999999996
2022-11-14,sa,4.816666666666666,72.54166666666667,0.225,1.7333333333333334,1013.3874999999999,1008.7875,0.0,66.95833333333333,47.666666666666664,39.208333333333336,2.5833333333333335,87.16666666666667,52.125,35.041666666666664,144.2875,15.362499999999999,19.32916666666667,131.20833333333334,132.08333333333334,29.458333333333332,0.047499999999999994,0.24208333333333334,6.429166666666667,8.029166666666667,9.7,14.608333333333333,0.39854166666666674,0.3997916666666667,0.37720833333333337,0.39399999999999996
2022-11-15,sa,4.741666666666666,86.41666666666667,2.5708333333333333,2.9583333333333335,1009.7333333333332,1005.1666666666666,0.0,71.0,39.416666666666664,58.083333333333336,20.791666666666668,78.08333333333333,39.75,38.333333333333336,105.25833333333334,8.479166666666666,9.604166666666666,207.375,209.25,21.441666666666666,0.03333333333333333,0.12958333333333333,5.0625,6.520833333333333,9.595833333333333,14.504166666666668,0.40220833333333333,0.39695833333333336,0.3785,0.3934166666666667
2022-11-16,sa,3.3666666666666667,88.20833333333333,1.5916666666666666,0.7291666666666666,1011.3291666666668,1006.7291666666666,0.0,45.208333333333336,23.083333333333332,39.75,1.625,88.54166666666667,50.958333333333336,37.583333333333336,145.73333333333332,15.308333333333332,19.4875,152.54166666666666,151.125,27.120833333333334,0.03375,0.09291666666666666,4.2875000000000005,5.625,9.325000000000001,14.391666666666667,0.40441666666666665,0.40025,0.3802083333333333,0.393
2022-11-17,sa,3.2624999999999997,81.875,0.35833333333333334,0.3666666666666667,1022.0749999999999,1017.4666666666667,0.0,57.416666666666664,32.666666666666664,46.583333333333336,0.0,85.20833333333333,54.166666666666664,31.041666666666668,148.75833333333333,17.020833333333332,21.608333333333334,139.41666666666666,139.0,33.208333333333336,0.042916666666666665,0.14541666666666667,4.270833333333333,5.479166666666667,9.041666666666666,14.279166666666667,0.40287500000000004,0.3995416666666667,0.38166666666666665,0.393
2022-11-18,sa,4.891666666666667,81.33333333333333,1.7291666666666667,3.158333333333333,1022.6958333333333,1018.0833333333334,0.0,72.375,21.125,63.708333333333336,50.708333333333336,78.41666666666667,33.958333333333336,44.458333333333336,101.22500000000001,11.783333333333333,16.008333333333333,269.0833333333333,270.2083333333333,24.429166666666664,0.04666666666666667,0.18208333333333335,4.945833333333334,5.495833333333334,8.775,14.1625,0.4008333333333334,0.3980416666666667,0.38295833333333335,0.393
2022-11-19,sa,6.075,86.83333333333333,3.9375,5.0,1025.0333333333333,1020.4291666666667,0.0,63.125,59.833333333333336,15.208333333333334,2.25,74.79166666666667,41.083333333333336,33.708333333333336,114.47500000000001,6.633333333333333,8.633333333333333,199.58333333333334,199.58333333333334,14.579166666666666,0.03333333333333333,0.13708333333333333,6.2375,6.604166666666667,8.7,14.049999999999999,0.40562499999999996,0.40416666666666673,0.38445833333333335,0.393
2022-11-20,sa,8.208333333333334,78.08333333333333,4.483333333333333,4.954166666666667,1024.9333333333334,1020.3708333333334,0.0,92.83333333333333,63.208333333333336,51.458333333333336,73.08333333333333,73.58333333333333,33.375,40.208333333333336,87.79583333333333,20.479166666666668,28.962500000000002,308.25,305.0416666666667,37.108333333333334,0.05541666666666667,0.25416666666666665,7.454166666666667,7.1125,8.7,13.9375,0.3935,0.3986666666666667,0.3859166666666667,0.393
2022-11-21,sa,9.779166666666667,92.70833333333333,8.6625,8.970833333333333,1016.3833333333333,1011.8833333333333,0.0,85.95833333333333,38.375,76.41666666666667,47.958333333333336,51.208333333333336,20.0,31.208333333333332,54.27916666666667,9.595833333333333,14.479166666666666,217.20833333333334,213.66666666666666,20.116666666666667,0.02791666666666667,0.09041666666666666,9.220833333333333,8.783333333333333,8.854166666666666,13.825000000000001,0.41479166666666667,0.4089583333333333,0.3874583333333333,0.393
2022-11-22,sa,3.970833333333333,67.70833333333333,-1.7625000000000002,-0.5125000000000001,1019.7375000000001,1015.1374999999999,0.0,84.33333333333333,71.375,51.291666666666664,0.0,70.70833333333333,43.458333333333336,27.25,124.12916666666666,24.53333333333333,31.21666666666667,152.83333333333334,151.83333333333334,43.59583333333333,0.065,0.25875,6.195833333333333,7.770833333333333,9.070833333333333,13.720833333333333,0.41025,0.4105833333333333,0.390625,0.393
2022-11-23,sa,3.9416666666666664,71.875,-0.8416666666666667,1.925,1021.3166666666666,1016.7083333333334,0.0,69.20833333333333,28.0,39.666666666666664,70.66666666666667,74.375,32.458333333333336,41.916666666666664,94.14166666666667,8.516666666666667,11.3375,248.66666666666666,245.04166666666666,16.620833333333334,0.04583333333333334,0.24083333333333334,5.0874999999999995,6.325,8.958333333333334,13.620833333333332,0.3954166666666667,0.40279166666666666,0.3920416666666667,0.393
2022-11-24,sa,5.370833333333334,77.33333333333333,1.5833333333333333,3.766666666666666,1015.8249999999999,1011.25,0.0,57.833333333333336,33.0,35.208333333333336,25.666666666666668,87.75,58.625,29.125,160.125,10.608333333333333,14.5875,156.83333333333334,158.29166666666666,17.804166666666667,0.048749999999999995,0.2175,5.625,6.170833333333333,8.8125,13.520833333333334,0.3887083333333334,0.39633333333333337,0.3924166666666667,0.393
2022-11-25,sa,6.3374999999999995,72.25,1.5083333333333335,3.8708333333333336,1016.7583333333333,1012.1999999999999,0.0,50.0,27.875,26.666666666666668,30.875,74.04166666666667,44.541666666666664,29.5,135.2125,16.229166666666668,23.229166666666668,230.25,227.0,28.329166666666666,0.06083333333333333,0.28583333333333333,5.683333333333334,6.154166666666666,8.641666666666666,13.412500000000001,0.38475,0.3917083333333333,0.39200000000000007,0.393
2022-11-26,sa,8.708333333333334,75.54166666666667,4.558333333333334,5.108333333333333,1005.4541666666668,1000.975,0.0,48.25,18.791666666666668,43.166666666666664,18.958333333333332,52.25,26.083333333333332,26.166666666666668,87.70416666666667,23.275000000000002,33.0875,213.83333333333334,212.29166666666666,41.9125,0.06625,0.2758333333333333,7.7124999999999995,7.6875,8.65,13.3125,0.39758333333333334,0.3922083333333333,0.39200000000000007,0.3939166666666667
2022-11-27,sa,2.1,72.08333333333333,-2.5208333333333335,-1.9291666666666665,1017.9125,1013.2875,0.023333333333333334,73.75,45.041666666666664,56.166666666666664,17.916666666666668,54.0,23.083333333333332,30.916666666666668,74.87083333333334,22.195833333333336,27.929166666666664,161.83333333333334,161.95833333333334,41.05833333333333,0.043333333333333335,0.20041666666666666,4.2,6.116666666666667,8.6625,13.208333333333334,0.398125,0.39762500000000006,0.39200000000000007,0.39399999999999996
2022-11-28,sa,4.304166666666666,79.66666666666667,0.9166666666666666,1.55,1023.5,1018.8874999999999,0.0,92.08333333333333,76.29166666666667,76.5,57.625,46.125,15.708333333333334,30.416666666666668,56.262499999999996,16.920833333333334,22.266666666666666,221.33333333333334,219.95833333333334,31.741666666666664,0.03791666666666667,0.1779166666666667,4.425,5.175,8.420833333333333,13.112499999999999,0.3974583333333333,0.3958333333333333,0.39200000000000007,0.39399999999999996
2022-11-29,sa,9.654166666666667,89.25,7.95,6.441666666666666,1007.5583333333334,1003.0833333333334,0.0,97.04166666666667,56.041666666666664,81.16666666666667,95.29166666666667,27.875,3.375,24.5,8.375,23.2375,33.175000000000004,223.04166666666666,221.125,41.43333333333333,0.04,0.1275,7.966666666666666,7.1625000000000005,8.329166666666667,13.008333333333333,0.422375,0.4157916666666666,0.3940416666666667,0.39399999999999996
2022-11-30,sa,-0.375,61.041666666666664,-7.0249999999999995,-6.325,1011.7916666666666,1007.1416666666668,0.15458333333333332,73.79166666666667,50.25,61.0,8.583333333333334,43.25,16.708333333333332,26.541666666666668,52.38333333333333,28.875,36.1625,164.33333333333334,164.20833333333334,51.262499999999996,0.044583333333333336,0.2304166666666667,3.3708333333333336,6.045833333333333,8.379166666666668,12.908333333333333,0.4067083333333333,0.4137916666666666,0.39929166666666666,0.39399999999999996
2022-12-01,sa,-3.8625000000000003,56.833333333333336,-11.245833333333332,-9.691666666666666,1017.0875,1012.3666666666667,0.1925,63.916666666666664,40.041666666666664,46.416666666666664,0.0,82.75,46.916666666666664,35.833333333333336,139.57916666666668,26.929166666666664,33.641666666666666,178.70833333333334,180.20833333333334,52.520833333333336,0.03416666666666667,0.19958333333333333,0.41250000000000003,2.9291666666666667,8.008333333333333,12.808333333333335,0.3960000000000001,0.4046666666666667,0.4000000000000001,0.39399999999999996
2022-12-02,sa,-3.5041666666666664,70.95833333333333,-8.070833333333335,-7.558333333333334,1022.125,1017.3791666666666,0.15166666666666667,47.708333333333336,24.25,42.75,0.5833333333333334,84.29166666666667,49.208333333333336,35.083333333333336,147.79166666666666,19.583333333333332,24.375,178.66666666666666,179.41666666666666,34.0625,0.03375,0.14041666666666666,-0.06666666666666667,1.8708333333333333,7.425,12.695833333333333,0.39045833333333335,0.398625,0.4000000000000001,0.3945
2022-12-03,sa,0.6416666666666667,82.95833333333333,-2.0833333333333335,-2.4458333333333333,1017.7166666666667,1013.0749999999999,0.043750000000000004,93.0,47.291666666666664,88.79166666666667,41.5,50.75,14.458333333333334,36.291666666666664,42.458333333333336,11.879166666666668,15.0875,214.16666666666666,218.75,24.97083333333333,0.02291666666666667,0.11625,-0.041666666666666664,1.5333333333333332,6.858333333333333,12.570833333333333,0.39283333333333337,0.39537500000000003,0.3995,0.395
2022-12-04,sa,-3.3208333333333333,68.16666666666667,-8.429166666666667,-9.158333333333333,1016.4375,1011.6999999999999,0.10208333333333335,51.833333333333336,25.041666666666668,48.541666666666664,0.0,78.54166666666667,44.916666666666664,33.625,136.5,27.2375,35.71666666666667,159.25,159.875,48.824999999999996,0.03625,0.15,0.012500000000000002,1.5583333333333333,6.3875,12.450000000000001,0.39208333333333334,0.39525000000000005,0.399,0.395
2022-12-05,sa,-3.975,63.583333333333336,-10.004166666666666,-9.120833333333334,1018.9833333333332,1014.2416666666667,0.08166666666666668,66.91666666666667,45.791666666666664,43.291666666666664,0.0,71.83333333333333,28.375,43.458333333333336,86.94166666666666,20.754166666666666,27.808333333333334,183.95833333333334,183.625,41.166666666666664,0.034999999999999996,0.16874999999999998,-0.5375,1.1166666666666667,5.966666666666666,12.316666666666668,0.38562500000000005,0.392375,0.3983333333333334,0.395
2022-12-06,sa,-0.6749999999999999,72.875,-5.133333333333334,-4.170833333333333,1013.8666666666667,1009.2125,0.014583333333333335,38.375,15.666666666666666,40.541666666666664,0.0,82.58333333333333,55.583333333333336,27.0,170.28333333333333,12.541666666666666,16.416666666666668,235.5,233.0,23.820833333333336,0.03333333333333333,0.16958333333333334,-0.6749999999999999,0.8250000000000001,5.566666666666666,12.1625,0.3834583333333333,0.38958333333333334,0.39787500000000003,0.395
2022-12-07,sa,-0.07500000000000001,78.58333333333333,-3.4250000000000003,-2.9458333333333333,1011.6875,1007.0416666666666,0.11958333333333333,58.458333333333336,29.041666666666668,49.916666666666664,8.083333333333334,77.29166666666667,48.458333333333336,28.833333333333332,153.13750000000002,12.045833333333334,15.625,183.91666666666666,183.75,29.245833333333334,0.025833333333333333,0.13375,-0.5875,0.8000000000000002,5.216666666666667,12.033333333333333,0.3837916666666667,0.38762500000000005,0.397,0.395
2022-12-08,sa,-2.4916666666666667,80.625,-5.370833333333334,-5.354166666666667,1015.6958333333333,1010.9958333333334,0.18958333333333333,53.208333333333336,25.291666666666668,50.625,0.2916666666666667,74.625,41.875,32.75,131.11666666666667,15.304166666666667,20.420833333333334,146.29166666666666,147.29166666666666,30.179166666666664,0.02291666666666667,0.09999999999999999,-0.5,0.7875000000000001,4.916666666666667,11.866666666666667,0.38104166666666667,0.3862083333333333,0.39633333333333337,0.395
2022-12-09,sa,-0.1625,70.91666666666667,-4.883333333333334,-3.6374999999999997,1017.8125,1013.125,0.02916666666666667,60.833333333333336,36.041666666666664,47.291666666666664,0.0,72.5,41.125,31.375,122.59166666666665,12.916666666666666,16.733333333333334,184.41666666666666,183.95833333333334,23.3625,0.030833333333333334,0.17833333333333334,-0.6375000000000001,0.7041666666666666,4.675,11.725,0.379,0.3842916666666667,0.39575000000000005,0.395
2022-12-10,sa,-0.09166666666666667,84.375,-2.4541666666666666,-2.6458333333333335,1015.9625,1011.2875,0.09625,53.416666666666664,37.791666666666664,32.083333333333336,0.375,73.79166666666667,44.583333333333336,29.208333333333332,145.62083333333334,11.512500000000001,13.804166666666667,174.875,175.125,25.795833333333334,0.024166666666666666,0.09833333333333333,-0.5958333333333333,0.6208333333333332,4.454166666666667,11.5625,0.37920833333333337,0.382875,0.395,0.395
2022-12-11,sa,-1.4625000000000001,78.16666666666667,-4.7749999999999995,-4.995833333333334,1016.2708333333334,1011.5708333333333,0.061250000000000006,69.16666666666667,45.875,50.166666666666664,0.0,65.33333333333333,36.5,28.833333333333332,110.10000000000001,15.333333333333334,20.337500000000002,139.08333333333334,138.70833333333334,28.2625,0.0325,0.12041666666666667,-0.5166666666666667,0.6,4.254166666666666,11.412500000000001,0.377125,0.38162500000000005,0.3941666666666667,0.3955416666666667
2022-12-12,sa,-3.3000000000000003,85.375,-5.445833333333333,-5.954166666666667,1021.8458333333333,1017.1,0.00875,76.91666666666667,54.166666666666664,38.541666666666664,43.083333333333336,74.83333333333333,34.666666666666664,40.166666666666664,109.94166666666666,9.85,14.6875,278.9166666666667,270.0,19.783333333333335,0.023750000000000004,0.07291666666666667,-0.3666666666666667,0.6,4.1,11.254166666666668,0.3745416666666667,0.38004166666666667,0.3935416666666667,0.3960000000000001
2022-12-13,sa,2.5791666666666666,86.41666666666667,0.5291666666666667,-2.4375,1004.4458333333333,999.85,0.023333333333333334,68.29166666666667,25.916666666666668,64.5,43.541666666666664,45.166666666666664,9.541666666666666,35.625,32.704166666666666,22.483333333333334,34.229166666666664,265.875,260.1666666666667,37.55416666666667,0.028333333333333335,0.10375000000000001,0.2041666666666667,0.7291666666666666,3.9625,11.1,0.41191666666666665,0.4023333333333334,0.39395833333333335,0.39516666666666667
2022-12-14,sa,-5.016666666666667,69.83333333333333,-9.716666666666667,-10.429166666666667,1002.2666666666668,997.6,0.13125,66.79166666666667,27.458333333333332,68.70833333333333,2.7083333333333335,56.041666666666664,18.416666666666668,37.625,59.84583333333333,29.254166666666666,38.704166666666666,167.75,167.33333333333334,50.762499999999996,0.030833333333333334,0.12583333333333332,-0.19583333333333333,0.8125,3.870833333333333,10.945833333333333,0.40804166666666664,0.41354166666666664,0.398625,0.3960000000000001
2022-12-15,sa,-5.6375,67.5,-10.6875,-11.020833333333334,1006.5833333333334,1001.8833333333333,0.12541666666666668,41.041666666666664,22.125,35.291666666666664,0.0,85.125,56.916666666666664,28.208333333333332,182.00833333333333,30.599999999999998,41.07083333333333,182.79166666666666,182.66666666666666,56.5,0.034999999999999996,0.13208333333333333,-0.85,0.6083333333333333,3.7624999999999997,10.783333333333333,0.3975,0.4053333333333333,0.4000000000000001,0.3960000000000001
2022-12-16,sa,-6.245833333333334,72.20833333333333,-10.441666666666666,-10.754166666666668,1012.8208333333333,1008.0916666666667,0.09333333333333334,67.16666666666667,46.5,44.791666666666664,0.0,81.58333333333333,45.75,35.833333333333336,147.92083333333332,24.724999999999998,33.69583333333333,174.66666666666666,174.0,47.14166666666667,0.0325,0.10791666666666666,-1.2333333333333334,0.41250000000000003,3.6458333333333335,10.641666666666666,0.392125,0.3999166666666667,0.4000000000000001,0.3960000000000001
2022-12-17,sa,-4.333333333333333,74.33333333333333,-8.325000000000001,-7.854166666666667,1013.7875,1009.0500000000001,0.14875000000000002,78.66666666666667,55.5,63.0,5.083333333333333,68.125,25.583333333333332,42.541666666666664,83.375,10.15,14.404166666666667,158.70833333333334,184.25,22.162499999999998,0.024166666666666666,0.11791666666666667,-1.2625,0.24166666666666667,3.5124999999999997,10.483333333333333,0.3882916666666667,0.39570833333333333,0.4000000000000001,0.3960000000000001
2022-12-18,sa,-6.583333333333333,76.375,-10.1,-10.799999999999999,1001.8125,997.1083333333332,0.18375,61.083333333333336,31.541666666666668,59.041666666666664,0.08333333333333333,70.25,33.958333333333336,36.291666666666664,106.24166666666667,24.78333333333333,33.19583333333333,232.66666666666666,233.33333333333334,40.93333333333333,0.029166666666666664,0.08833333333333333,-1.0458333333333334,0.16666666666666666,3.3625000000000003,10.3375,0.38516666666666666,0.39225,0.3994166666666667,0.3960000000000001
2022-12-19,sa,-7.9125000000000005,74.79166666666667,-11.633333333333333,-11.833333333333334,1011.2416666666667,1006.4666666666667,0.09625,59.833333333333336,40.458333333333336,39.333333333333336,0.0,74.70833333333333,36.583333333333336,38.125,122.37083333333334,20.429166666666667,27.712500000000002,278.8333333333333,279.625,35.09583333333333,0.02666666666666667,0.08666666666666667,-0.975,0.10000000000000002,3.2416666666666667,10.174999999999999,0.3825,0.38916666666666666,0.399,0.3960000000000001
2022-12-20,sa,-5.716666666666666,80.20833333333333,-8.620833333333334,-9.858333333333333,1015.9958333333334,1011.2458333333334,0.05541666666666667,61.666666666666664,47.833333333333336,36.208333333333336,1.625,81.375,46.208333333333336,35.166666666666664,149.98749999999998,18.8,26.325,272.9583333333333,275.0,33.78333333333333,0.02875,0.08041666666666666,-0.9541666666666666,0.10000000000000002,3.125,10.0375,0.380125,0.38658333333333333,0.39799999999999996,0.3960000000000001
2022-12-21,sa,-4.1875,77.08333333333333,-7.6499999999999995,-6.479166666666667,1017.025,1012.3083333333334,0.0,81.70833333333333,49.75,35.125,57.291666666666664,62.791666666666664,25.041666666666668,37.75,80.51666666666667,12.65,17.025000000000002,202.83333333333334,204.75,23.358333333333334,0.030416666666666665,0.10625,-0.8375,0.10000000000000002,3.016666666666667,9.870833333333334,0.37799999999999995,0.3842083333333333,0.39737500000000003,0.3960000000000001
2022-12-22,sa,-2.5434782608695654,85.0,-4.756521739130434,-5.352173913043478,999.9869565217392,995.3652173913044,0.2465217391304348,65.34782608695652,26.217391304347824,53.26086956521739,59.17391304347826,71.73913043478261,35.608695652173914,36.130434782608695,117.9391304347826,15.034782608695652,25.778260869565216,96.1304347826087,104.17391304347827,27.130434782608695,0.026956521739130435,0.0808695652173913,-0.7652173913043478,0.08695652173913043,2.9217391304347826,9.73913043478261,0.3850869565217391,0.38300000000000006,0.3967391304347826,0.396
2021-08-03,q,8.658333333333333,64.75,2.370833333333333,1.7541666666666667,1001.1791666666667,965.9,0.0,63.916666666666664,13.458333333333334,46.958333333333336,80.83333333333333,181.58333333333334,72.625,108.95833333333333,263.00416666666666,14.6625,17.7,52.541666666666664,77.25,21.395833333333332,0.08083333333333333,0.39999999999999997,10.066666666666666,8.458333333333334,4.075,-2.4541666666666666,0.11304166666666667,0.20175,0.247,0.253
2021-08-04,q,5.9125000000000005,85.20833333333333,3.579166666666667,2.1374999999999997,1005.4875000000001,969.9083333333333,0.0,64.54166666666667,53.25,38.708333333333336,27.5,149.0,80.0,69.0,241.45000000000002,5.875,5.8875,275.1666666666667,132.79166666666666,11.758333333333333,0.05583333333333334,0.14375000000000002,8.9875,7.870833333333334,4.191666666666667,-2.3041666666666667,0.16025,0.20099999999999998,0.247,0.253
2021-08-05,q,6.166666666666667,74.79166666666667,2.004166666666667,2.3125,1005.6291666666666,970.15,0.0,4.541666666666667,4.583333333333333,0.0,1.4583333333333333,244.08333333333334,196.25,47.833333333333336,605.3583333333333,7.566666666666666,8.708333333333334,86.0,56.5,11.658333333333333,0.09208333333333334,0.23958333333333334,9.733333333333333,8.275,4.270833333333333,-2.1458333333333335,0.144125,0.20099999999999998,0.247,0.253
2021-08-06,q,6.154166666666666,67.75,0.5875,1.4333333333333333,1001.5625,966.125,0.0,0.6666666666666666,0.625,0.0,0.16666666666666666,249.29166666666666,206.5,42.791666666666664,641.8000000000001,8.445833333333333,9.975,37.375,59.916666666666664,13.383333333333333,0.08791666666666666,0.30791666666666667,9.533333333333333,8.266666666666667,4.375,-1.9916666666666665,0.12004166666666666,0.20095833333333335,0.24670833333333334,0.253
2021-08-07,q,6.570833333333333,69.45833333333333,1.3499999999999999,0.8666666666666667,1002.7083333333334,967.1958333333333,0.0,24.541666666666668,10.291666666666666,6.166666666666667,38.708333333333336,230.16666666666666,174.79166666666666,55.375,527.9250000000001,10.012500000000001,11.041666666666666,43.375,73.29166666666667,14.608333333333334,0.08166666666666667,0.30333333333333334,9.841666666666667,8.245833333333334,4.470833333333333,-1.8416666666666668,0.09833333333333333,0.20000000000000004,0.246,0.253
2021-08-08,q,5.183333333333334,68.45833333333333,-0.19166666666666668,-0.1375,999.2166666666667,963.7333333333332,0.0,29.25,18.791666666666668,13.416666666666666,14.041666666666666,214.41666666666666,161.70833333333334,52.708333333333336,506.00416666666666,10.929166666666667,13.9125,39.041666666666664,60.666666666666664,16.316666666666666,0.07458333333333333,0.27958333333333335,8.9125,8.054166666666667,4.570833333333333,-1.6916666666666667,0.08166666666666667,0.19929166666666667,0.246,0.253
2021-08-09,q,5.666666666666667,63.041666666666664,-0.8291666666666666,-0.3416666666666666,1002.0833333333334,966.5416666666666,0.0,10.416666666666666,9.0,3.7083333333333335,0.0,218.08333333333334,173.20833333333334,44.875,535.3208333333333,14.700000000000001,19.066666666666666,60.875,81.5,21.59583333333333,0.0825,0.34,8.683333333333334,7.533333333333334,4.6,-1.554166666666667,0.06804166666666667,0.198375,0.246,0.253
2021-08-10,q,5.654166666666666,58.75,-1.8499999999999999,0.0625,1005.2416666666667,969.6625,0.0,28.041666666666668,5.958333333333333,21.375,32.666666666666664,209.33333333333334,148.25,61.083333333333336,485.20416666666665,16.150000000000002,21.34583333333333,51.75,70.75,24.599999999999998,0.08708333333333333,0.38000000000000006,8.508333333333333,7.433333333333334,4.6,-1.4249999999999998,0.05629166666666666,0.197375,0.246,0.253
2021-08-11,q,7.741666666666667,62.5,0.9,1.5083333333333335,1004.6583333333333,969.2791666666667,0.0,94.20833333333333,31.166666666666668,85.79166666666667,98.75,119.45833333333333,28.625,90.83333333333333,73.53750000000001,17.970833333333335,24.099999999999998,48.916666666666664,66.54166666666667,26.2625,0.07416666666666667,0.3970833333333333,8.854166666666666,7.3,4.6,-1.2750000000000001,0.052625,0.19633333333333333,0.246,0.253
2021-08-12,q,6.404166666666666,75.95833333333333,2.4583333333333335,1.5833333333333333,1014.4041666666667,978.5166666666668,0.0,91.41666666666667,14.833333333333334,90.33333333333333,92.58333333333333,137.875,34.208333333333336,103.66666666666667,88.27916666666665,10.733333333333334,13.929166666666667,55.291666666666664,71.25,15.345833333333333,0.05458333333333334,0.23458333333333334,8.720833333333333,7.395833333333333,4.6,-1.1541666666666666,0.060708333333333336,0.19533333333333336,0.246,0.253
2021-08-13,q,4.516666666666667,68.45833333333333,-0.8166666666666668,0.6875,1014.8916666666668,978.8916666666668,0.0,17.958333333333332,6.25,12.875,15.166666666666666,196.25,133.75,62.5,451.07916666666665,7.108333333333333,10.004166666666666,30.416666666666668,56.208333333333336,11.566666666666668,0.07041666666666667,0.2658333333333333,7.933333333333334,7.2124999999999995,4.620833333333333,-1.0375,0.059666666666666666,0.19445833333333332,0.246,0.253
2021-08-14,q,7.0249999999999995,61.083333333333336,-0.004166666666666634,1.0041666666666667,1000.7166666666667,965.3708333333334,0.0,50.458333333333336,13.583333333333334,41.208333333333336,45.416666666666664,161.25,108.54166666666667,52.708333333333336,334.5708333333333,13.924999999999999,19.087500000000002,42.166666666666664,59.166666666666664,20.866666666666667,0.07875,0.39125000000000004,8.929166666666667,7.220833333333334,4.608333333333333,-0.9208333333333334,0.050749999999999997,0.19358333333333333,0.246,0.253
2021-08-15,q,7.262499999999999,77.16666666666667,3.4499999999999997,1.6541666666666668,997.4833333333332,962.2125,0.0,100.0,76.58333333333333,98.95833333333333,82.0,64.45833333333333,6.166666666666667,58.291666666666664,19.958333333333332,10.945833333333333,13.262500000000001,33.625,54.5,18.108333333333334,0.03958333333333333,0.23916666666666667,8.0,7.1375,4.683333333333334,-0.7999999999999999,0.11958333333333333,0.19299999999999998,0.24549999999999997,0.253
2021-08-16,q,5.820833333333333,78.58333333333333,2.3874999999999997,0.7125,1006.3833333333333,970.6875,0.0,100.0,84.66666666666667,99.58333333333333,70.16666666666667,67.20833333333333,1.9583333333333333,65.25,4.616666666666666,10.058333333333334,12.862499999999999,30.625,51.208333333333336,13.866666666666667,0.03625,0.19833333333333333,6.566666666666666,6.45,4.6499999999999995,-0.6833333333333332,0.230125,0.19333333333333336,0.245,0.253
2021-08-17,q,6.179166666666667,81.58333333333333,3.25,1.7416666666666665,1010.6166666666667,974.8333333333334,0.0,98.125,81.83333333333333,96.25,25.416666666666668,70.41666666666667,5.375,65.04166666666667,12.875,7.379166666666666,9.549999999999999,106.0,56.791666666666664,10.479166666666666,0.0375,0.17625000000000002,6.7375,6.25,4.583333333333333,-0.5833333333333334,0.27233333333333337,0.19595833333333335,0.245,0.253
2021-08-18,q,3.9416666666666664,85.83333333333333,1.7083333333333333,-0.04166666666666668,1012.0083333333333,975.9625,0.0,24.5,6.166666666666667,12.75,37.083333333333336,147.20833333333334,101.08333333333333,46.125,334.3875,6.05,6.316666666666666,179.58333333333334,122.08333333333333,9.920833333333333,0.04666666666666667,0.125,6.0249999999999995,5.945833333333333,4.5,-0.4791666666666667,0.27229166666666665,0.20020833333333335,0.245,0.253
2021-08-19,q,4.620833333333334,84.83333333333333,2.245833333333333,-0.09166666666666667,1013.0166666666668,976.9416666666666,0.0,56.208333333333336,48.75,9.125,22.666666666666668,158.125,115.95833333333333,42.166666666666664,371.575,6.008333333333333,5.3374999999999995,273.0,24.75,9.908333333333333,0.05333333333333334,0.1325,6.779166666666666,6.041666666666667,4.4625,-0.38333333333333336,0.24862499999999998,0.20262500000000003,0.245,0.253
2021-08-20,q,3.9583333333333335,83.33333333333333,1.3083333333333333,0.04166666666666668,1009.9666666666667,974.0291666666667,0.0,7.833333333333333,4.25,0.0,12.916666666666666,176.79166666666666,141.95833333333334,34.833333333333336,479.325,6.658333333333334,8.35,200.79166666666666,99.54166666666667,10.554166666666667,0.05583333333333334,0.14125000000000001,6.095833333333334,5.9875,4.4,-0.2916666666666667,0.22941666666666669,0.204,0.245,0.253
2021-08-21,q,5.8374999999999995,78.04166666666667,2.225,1.2125000000000001,1010.8291666666668,974.9958333333334,0.0,77.41666666666667,48.75,80.83333333333333,60.083333333333336,112.66666666666667,60.208333333333336,52.458333333333336,185.89166666666665,7.358333333333333,7.1499999999999995,202.70833333333334,175.58333333333334,11.904166666666667,0.04666666666666667,0.21,6.983333333333333,6.166666666666667,4.4,-0.20000000000000004,0.21637499999999998,0.20458333333333334,0.245,0.253
2021-08-22,q,1.9708333333333332,94.41666666666667,1.1833333333333333,-0.42500000000000004,1017.0583333333334,980.7624999999999,0.0,76.0,75.54166666666667,26.583333333333332,25.791666666666668,89.75,25.208333333333332,64.54166666666667,89.32916666666667,5.166666666666667,6.091666666666666,298.375,310.7083333333333,8.325000000000001,0.03208333333333333,0.03958333333333333,4.7375,5.291666666666667,4.354166666666667,-0.10416666666666667,0.23941666666666664,0.20545833333333333,0.245,0.253
2021-08-23,q,1.8499999999999999,84.08333333333333,-0.6625,-0.8041666666666667,1016.7583333333333,980.4708333333333,0.0,17.25,19.125,0.0,0.0,142.29166666666666,100.95833333333333,41.333333333333336,345.9583333333333,4.8500000000000005,7.1875,158.04166666666666,116.16666666666667,8.495833333333334,0.04541666666666667,0.11625,3.9250000000000003,4.3374999999999995,4.179166666666666,-0.004166666666666667,0.22787500000000002,0.20633333333333334,0.245,0.253
2021-08-24,q,5.233333333333333,70.79166666666667,0.3541666666666667,0.7833333333333333,1010.5958333333333,974.8125,0.0,46.333333333333336,0.4583333333333333,41.75,69.45833333333333,127.75,77.08333333333333,50.666666666666664,263.8625,10.029166666666667,13.725,51.833333333333336,60.875,14.745833333333332,0.05791666666666667,0.26208333333333333,5.029166666666667,4.5249999999999995,4.008333333333334,0.10000000000000002,0.21220833333333333,0.207,0.245,0.253
2021-08-25,q,6.904166666666666,69.25,1.6166666666666665,2.3666666666666667,1000.85,965.6208333333334,0.0,90.625,8.0,94.04166666666667,96.33333333333333,66.29166666666667,5.666666666666667,60.625,21.145833333333332,13.345833333333333,17.033333333333335,101.41666666666667,98.20833333333333,19.216666666666665,0.05375,0.30916666666666665,5.441666666666666,4.908333333333333,3.9,0.18333333333333335,0.20641666666666666,0.207,0.245,0.253
2021-08-26,q,5.808333333333334,68.58333333333333,0.45,0.7999999999999999,1003.1,967.6416666666668,0.0,92.41666666666667,21.791666666666668,98.58333333333333,56.416666666666664,57.75,2.5833333333333335,55.166666666666664,9.454166666666667,14.941666666666668,17.441666666666666,59.666666666666664,84.70833333333333,22.84583333333333,0.044583333333333336,0.2920833333333333,4.733333333333333,4.6875,3.8666666666666667,0.24166666666666667,0.20641666666666666,0.20754166666666665,0.24420833333333333,0.253
2021-08-27,q,4.779166666666667,79.58333333333333,1.5208333333333333,0.6916666666666668,1006.5291666666667,970.8458333333333,0.0,87.29166666666667,19.25,88.33333333333333,69.375,83.625,27.166666666666668,56.458333333333336,71.2625,10.666666666666666,13.620833333333332,97.0,87.54166666666667,15.970833333333333,0.03958333333333333,0.17791666666666664,4.795833333333333,4.445833333333334,3.775,0.3,0.21454166666666666,0.208,0.244,0.253
2021-08-28,q,3.2583333333333333,85.5,1.0416666666666667,0.2333333333333333,1011.5083333333333,975.5041666666666,0.0,61.375,10.708333333333334,69.25,33.541666666666664,116.125,60.166666666666664,55.958333333333336,187.16666666666666,6.012499999999999,6.933333333333334,157.5,135.66666666666666,10.254166666666666,0.03916666666666667,0.11375,4.5625,4.591666666666667,3.7000000000000006,0.3875,0.20916666666666664,0.208,0.244,0.253
2021-08-29,q,2.9250000000000003,92.04166666666667,1.7416666666666665,0.65,1016.9333333333334,980.7624999999999,0.0,71.5,16.416666666666668,71.5,46.875,96.04166666666667,39.125,56.916666666666664,126.66250000000001,3.733333333333333,6.375,221.20833333333334,241.79166666666666,6.8875,0.0325,0.06041666666666667,4.520833333333333,4.366666666666666,3.6666666666666665,0.42500000000000004,0.20279166666666668,0.20837499999999998,0.244,0.253
2021-08-30,q,2.029166666666667,83.875,-0.5041666666666667,-0.8333333333333334,1020.6458333333334,984.2166666666667,0.0,38.375,14.166666666666666,4.5,76.5,101.33333333333333,56.75,44.583333333333336,206.2875,5.808333333333334,8.195833333333333,106.20833333333333,123.25,9.970833333333333,0.03375,0.11499999999999999,3.1166666666666667,3.7375000000000003,3.5708333333333333,0.5,0.19991666666666666,0.209,0.244,0.253
2021-08-31,q,0.9458333333333333,75.08333333333333,-3.0416666666666665,-1.8916666666666666,1023.6208333333333,987.0124999999999,0.0,19.541666666666668,9.291666666666666,12.458333333333334,11.958333333333334,120.83333333333333,87.70833333333333,33.125,335.8125,7.304166666666666,9.204166666666667,50.375,73.25,11.8375,0.03875,0.16874999999999998,1.7791666666666668,2.595833333333333,3.3833333333333333,0.5541666666666666,0.19033333333333333,0.209,0.244,0.252375
2021-09-01,q,1.1500000000000001,69.33333333333333,-3.9499999999999997,-0.9874999999999999,1026.0083333333334,989.4,0.0,71.875,7.75,77.25,61.625,87.33333333333333,33.583333333333336,53.75,138.97916666666666,6.1875,8.629166666666666,51.958333333333336,71.33333333333333,9.620833333333334,0.034999999999999996,0.21125000000000002,1.3875,1.825,3.1041666666666665,0.6,0.18195833333333333,0.209,0.244,0.252
2021-09-02,q,0.6708333333333333,58.625,-6.566666666666666,-1.3958333333333333,1023.5458333333332,987.0458333333332,0.0,35.5,1.3333333333333333,10.208333333333334,94.08333333333333,105.41666666666667,64.625,40.791666666666664,241.9333333333333,8.441666666666666,12.233333333333334,62.25,80.45833333333333,13.629166666666668,0.04708333333333334,0.2733333333333333,0.27083333333333337,1.0333333333333334,2.795833333333333,0.6333333333333333,0.17320833333333333,0.209,0.244,0.252
2021-09-03,q,0.7291666666666666,62.25,-5.708333333333333,-1.9541666666666666,1011.6958333333333,975.5541666666667,0.023333333333333334,59.583333333333336,14.125,51.458333333333336,81.08333333333333,86.0,47.791666666666664,38.208333333333336,188.96249999999998,9.958333333333334,13.933333333333332,58.0,77.08333333333333,14.670833333333334,0.0425,0.24583333333333335,0.6083333333333334,0.875,2.470833333333333,0.6999999999999998,0.16529166666666667,0.20816666666666664,0.244,0.252
2021-09-04,q,0.525,77.29166666666667,-3.0,-2.566666666666667,1008.6999999999999,972.5625,0.20125,96.04166666666667,77.08333333333333,94.66666666666667,19.791666666666668,46.25,4.041666666666667,42.208333333333336,12.754166666666668,10.0875,13.2125,112.41666666666667,121.54166666666667,19.195833333333333,0.024166666666666666,0.14666666666666667,0.5166666666666667,0.8041666666666667,2.183333333333333,0.6999999999999998,0.16129166666666667,0.208,0.244,0.252
2021-09-05,q,-4.079166666666667,78.54166666666667,-7.283333333333334,-5.879166666666666,1006.3874999999999,969.8833333333333,0.08750000000000001,75.375,25.333333333333332,86.375,2.125,82.5,36.333333333333336,46.166666666666664,140.525,5.75,6.883333333333333,173.54166666666666,173.25,15.354166666666666,0.023333333333333334,0.09999999999999999,-0.6458333333333334,0.37916666666666665,1.9375,0.6999999999999998,0.16054166666666667,0.208,0.244,0.252
2021-09-06,q,-6.141666666666667,65.33333333333333,-11.5875,-8.229166666666666,1004.3291666666668,967.7541666666666,0.04083333333333334,56.5,0.875,92.125,1.375,84.0,40.833333333333336,43.166666666666664,149.77916666666667,11.179166666666667,13.487499999999999,67.83333333333333,74.125,20.254166666666666,0.03625,0.13458333333333333,-1.9083333333333332,-0.7458333333333332,1.6208333333333333,0.775,0.16170833333333334,0.208,0.244,0.252
2021-09-07,q,-7.183333333333334,63.458333333333336,-12.983333333333334,-9.0625,1005.9333333333334,969.2166666666667,0.014583333333333332,37.416666666666664,0.20833333333333334,57.708333333333336,8.416666666666666,94.125,57.25,36.875,249.85833333333335,11.258333333333333,14.424999999999999,49.833333333333336,61.166666666666664,21.508333333333336,0.0375,0.1325,-3.0041666666666664,-1.7416666666666665,1.1833333333333333,0.8000000000000002,0.16258333333333333,0.208,0.244,0.252
2021-09-08,q,-8.049999999999999,65.45833333333333,-13.495833333333332,-9.266666666666667,1015.8874999999999,978.7583333333333,0.0,22.75,1.0,29.791666666666668,13.166666666666666,98.45833333333333,71.29166666666667,27.166666666666668,293.6666666666667,10.520833333333334,13.608333333333334,52.875,64.33333333333333,20.087500000000002,0.03375,0.11625,-3.908333333333333,-2.6625,0.6541666666666667,0.8000000000000002,0.163,0.208,0.243125,0.252
2021-09-09,q,-6.604166666666667,53.541666666666664,-14.516666666666666,-8.65,1017.3625000000001,980.2208333333333,0.0,14.666666666666666,0.0,2.9166666666666665,43.125,95.625,69.875,25.75,306.8666666666667,7.679166666666667,11.4125,42.708333333333336,56.583333333333336,17.650000000000002,0.03375,0.17333333333333334,-4.575,-3.4250000000000003,0.04583333333333334,0.8000000000000002,0.163,0.208,0.243,0.252
2021-09-10,q,-7.029166666666666,62.5,-13.0,-8.512500000000001,1023.625,986.2708333333334,0.0,13.5,0.0,0.6666666666666666,43.375,91.375,67.08333333333333,24.291666666666668,298.6958333333333,8.5875,11.366666666666667,58.041666666666664,72.16666666666667,18.191666666666666,0.03333333333333333,0.13708333333333333,-4.816666666666666,-3.7583333333333333,-0.5458333333333333,0.7166666666666667,0.163,0.208,0.243,0.252
2021-09-11,q,-6.441666666666666,69.04166666666667,-11.237499999999999,-8.066666666666666,1024.7416666666666,987.3458333333333,0.0,15.0,0.0,5.0,39.75,88.5,65.75,22.75,293.62083333333334,6.616666666666667,8.833333333333334,49.5,75.5,14.766666666666666,0.024583333333333336,0.11958333333333333,-5.0125,-4.033333333333333,-1.0666666666666667,0.6999999999999998,0.163,0.208,0.243,0.252
2021-09-12,q,-4.891666666666667,50.916666666666664,-13.566666666666668,-6.870833333333334,1013.1583333333333,976.4833333333332,0.0,0.16666666666666666,0.0,0.0,0.5833333333333334,89.95833333333333,72.29166666666667,17.666666666666668,335.78333333333336,12.583333333333334,18.383333333333333,38.5,54.25,22.133333333333336,0.050416666666666665,0.21041666666666667,-5.2875000000000005,-4.308333333333334,-1.5333333333333332,0.6833333333333332,0.163,0.20879166666666668,0.243,0.252
2021-09-13,q,-4.020833333333333,54.958333333333336,-11.799999999999999,-5.391666666666667,993.3583333333332,957.5916666666667,0.0,30.708333333333332,0.4166666666666667,34.791666666666664,31.5,81.66666666666667,59.416666666666664,22.25,284.2375,14.0,21.370833333333334,43.25,59.666666666666664,26.058333333333334,0.052083333333333336,0.21083333333333334,-4.941666666666666,-4.25,-1.9333333333333333,0.6,0.163,0.209,0.243,0.252
2021-09-14,q,-3.9458333333333333,78.16666666666667,-7.191666666666666,-5.825,1002.7708333333334,966.4666666666667,0.02625,63.166666666666664,19.708333333333332,75.875,0.0,66.54166666666667,35.208333333333336,31.333333333333332,163.66666666666666,7.895833333333333,10.254166666666666,57.5,72.08333333333333,13.275,0.022083333333333333,0.10041666666666667,-4.4875,-4.066666666666666,-2.220833333333333,0.5458333333333333,0.163,0.209,0.243,0.252
2021-09-15,q,-7.695833333333334,85.41666666666667,-9.745833333333334,-8.354166666666666,1007.75,970.8874999999999,0.0,52.833333333333336,56.25,3.375,0.25,65.58333333333333,37.958333333333336,27.625,178.8708333333333,6.341666666666666,7.4624999999999995,43.333333333333336,66.54166666666667,14.637500000000001,0.014166666666666668,0.050833333333333335,-4.916666666666667,-4.1625000000000005,-2.4208333333333334,0.4875,0.163,0.209,0.243,0.252
2021-09-16,q,-7.825,73.25,-11.808333333333332,-8.8375,1013.4208333333332,976.4208333333332,0.0,60.458333333333336,14.125,48.75,61.875,60.666666666666664,35.041666666666664,25.625,171.30416666666667,10.904166666666667,13.387500000000001,59.5,71.625,19.983333333333334,0.023333333333333334,0.09125,-5.3500000000000005,-4.570833333333334,-2.641666666666667,0.4000000000000001,0.163,0.209,0.243,0.252
2021-09-17,q,-8.7125,72.95833333333333,-12.716666666666667,-10.083333333333334,1011.1374999999999,974.0124999999999,0.0,34.458333333333336,7.791666666666667,35.416666666666664,20.875,56.916666666666664,30.666666666666668,26.25,150.70833333333334,7.741666666666667,10.179166666666667,47.708333333333336,63.333333333333336,16.020833333333332,0.020416666666666666,0.085,-5.954166666666667,-4.958333333333333,-2.8791666666666664,0.32083333333333336,0.163,0.209,0.243,0.252
2021-09-18,q,-12.0625,75.04166666666667,-15.612499999999999,-12.475,1006.3333333333334,969.1083333333332,0.0,0.08333333333333333,0.0,0.125,0.0,69.625,55.083333333333336,14.541666666666666,288.23333333333335,9.429166666666667,11.987499999999999,52.25,70.25,20.037499999999998,0.02,0.06166666666666667,-6.979166666666667,-5.770833333333333,-3.1916666666666664,0.24166666666666667,0.163,0.209,0.243,0.252
2021-09-19,q,-9.8125,77.33333333333333,-13.058333333333332,-11.291666666666666,1003.0749999999999,966.1416666666668,0.023333333333333334,69.08333333333333,42.25,74.33333333333333,1.375,51.166666666666664,28.583333333333332,22.583333333333332,156.35416666666666,10.791666666666666,13.125,66.33333333333333,78.33333333333333,19.537499999999998,0.016666666666666666,0.06875,-6.941666666666666,-6.158333333333334,-3.5583333333333336,0.15,0.163,0.209,0.243,0.252
2021-09-20,q,-11.5625,72.625,-15.520833333333334,-12.225,1007.6,970.3958333333334,0.0,22.708333333333332,17.166666666666668,15.833333333333334,0.0,52.583333333333336,31.666666666666668,20.916666666666668,171.91666666666666,11.549999999999999,14.858333333333334,55.541666666666664,69.29166666666667,21.4875,0.02125,0.07125,-6.9624999999999995,-6.033333333333334,-3.8208333333333333,0.05000000000000001,0.163,0.209,0.243,0.252
2021-09-21,q,-13.829166666666666,74.45833333333333,-17.412499999999998,-13.033333333333333,1014.2666666666668,976.6999999999999,0.0,5.958333333333333,4.458333333333333,3.0833333333333335,0.0,57.583333333333336,43.166666666666664,14.416666666666666,243.10416666666666,10.9625,14.145833333333334,51.458333333333336,67.33333333333333,21.941666666666666,0.017499999999999998,0.05416666666666667,-7.6375,-6.579166666666667,-4.091666666666667,-0.10416666666666667,0.163,0.209,0.243,0.252
2021-09-22,q,-12.016666666666666,66.83333333333333,-16.974999999999998,-13.395833333333334,1014.4708333333333,976.7708333333334,0.0,0.0,0.0,0.0,0.0,56.5,43.666666666666664,12.833333333333334,254.99166666666667,6.783333333333334,9.8125,57.125,77.20833333333333,18.608333333333334,0.014583333333333332,0.08125,-8.2875,-7.125,-4.395833333333333,-0.21250000000000002,0.163,0.209,0.243,0.252
2021-09-23,q,-9.291666666666666,67.04166666666667,-14.375,-11.458333333333334,1012.1,974.7291666666666,0.0,0.041666666666666664,0.041666666666666664,0.0,0.0,52.625,40.333333333333336,12.291666666666666,242.3125,5.933333333333334,8.270833333333334,51.125,82.20833333333333,16.066666666666666,0.010833333333333334,0.1025,-8.4625,-7.470833333333334,-4.729166666666667,-0.32916666666666666,0.163,0.209,0.243,0.252
2021-09-24,q,-10.558333333333334,76.16666666666667,-13.954166666666666,-10.345833333333333,1016.6166666666667,979.225,0.0,34.166666666666664,0.16666666666666666,39.083333333333336,34.958333333333336,47.666666666666664,34.875,12.791666666666666,203.65416666666667,6.625,7.375,42.166666666666664,82.45833333333333,15.516666666666666,0.012916666666666667,0.06583333333333334,-8.424999999999999,-7.558333333333334,-5.008333333333334,-0.44583333333333336,0.163,0.209,0.243,0.252
2021-09-25,q,-10.804166666666667,70.625,-15.145833333333334,-10.7125,1025.3541666666667,987.6208333333334,0.0,21.125,0.0,6.333333333333333,57.708333333333336,41.916666666666664,26.0,15.916666666666666,160.475,8.758333333333333,10.641666666666667,45.125,71.54166666666667,17.195833333333333,0.013333333333333334,0.07916666666666666,-8.495833333333332,-7.620833333333334,-5.2375,-0.5666666666666667,0.163,0.209,0.243,0.252
2021-09-26,q,-9.054166666666667,70.29166666666667,-13.487499999999999,-9.695833333333333,1027.3666666666666,989.6708333333332,0.0,27.125,0.16666666666666666,22.583333333333332,44.625,36.208333333333336,18.708333333333332,17.5,115.12916666666666,6.933333333333334,7.829166666666667,30.083333333333332,61.583333333333336,14.529166666666667,0.010416666666666666,0.09333333333333334,-8.391666666666667,-7.633333333333333,-5.429166666666667,-0.7000000000000001,0.163,0.209,0.243,0.252
2021-09-27,q,-9.858333333333333,67.625,-14.733333333333334,-9.729166666666666,1026.3291666666667,988.7291666666666,0.0,30.958333333333332,0.0,22.375,58.166666666666664,34.125,18.375,15.75,126.64583333333333,9.75,12.270833333333334,39.291666666666664,65.625,17.958333333333332,0.018333333333333333,0.09500000000000001,-8.516666666666667,-7.754166666666666,-5.566666666666666,-0.8375,0.163,0.209,0.243,0.252
2021-09-28,q,-5.8,59.083333333333336,-12.549999999999999,-6.9750000000000005,1024.4291666666666,987.2833333333333,0.0,85.58333333333333,0.0,94.91666666666667,95.375,23.083333333333332,2.75,20.333333333333332,18.995833333333334,10.316666666666666,14.316666666666668,49.125,70.04166666666667,17.45,0.029166666666666664,0.16541666666666668,-7.9125000000000005,-7.508333333333333,-5.7,-0.9625,0.163,0.209,0.243,0.252
2021-09-29,q,-2.4208333333333334,73.375,-6.916666666666667,-4.829166666666667,1021.2916666666666,984.3916666666668,0.07291666666666667,87.0,32.125,78.54166666666667,59.208333333333336,19.083333333333332,4.75,14.333333333333334,32.387499999999996,6.879166666666666,7.0125,272.625,235.54166666666666,14.333333333333334,0.009583333333333334,0.1475,-6.904166666666666,-6.820833333333333,-5.679166666666667,-1.1,0.163,0.209,0.243,0.252
2021-09-30,q,-6.9125000000000005,75.91666666666667,-10.570833333333333,-7.441666666666666,1022.2458333333334,985.0333333333333,0.00875,71.625,33.958333333333336,41.625,53.5,19.791666666666668,5.5,14.291666666666666,42.02916666666667,8.320833333333333,10.700000000000001,104.08333333333333,123.625,17.741666666666667,0.015416666666666667,0.08708333333333333,-6.920833333333333,-6.554166666666667,-5.5625,-1.2333333333333334,0.163,0.209,0.243,0.252
2021-10-01,q,-1.4375,70.58333333333333,-6.075,-5.516666666666667,1018.6916666666666,982.0500000000001,0.21291666666666667,99.875,44.625,99.45833333333333,86.33333333333333,11.708333333333334,0.125,11.583333333333334,0.8666666666666667,19.6375,24.316666666666666,53.666666666666664,68.91666666666667,29.59583333333333,0.027083333333333334,0.16166666666666665,-6.333333333333333,-6.3,-5.4624999999999995,-1.3499999999999999,0.163,0.209,0.243,0.252
2021-10-02,q,-1.5166666666666666,75.08333333333333,-5.358333333333333,-3.4458333333333333,1022.6666666666666,985.9875000000001,0.014583333333333335,96.66666666666667,80.79166666666667,70.45833333333333,27.75,13.625,2.0416666666666665,11.583333333333334,16.1,12.191666666666668,15.558333333333332,71.08333333333333,90.16666666666667,17.795833333333334,0.020416666666666666,0.13791666666666666,-5.854166666666667,-5.825,-5.304166666666666,-1.4666666666666668,0.163,0.209,0.243,0.252
2021-10-03,q,-0.2625,69.33333333333333,-5.208333333333333,-3.420833333333333,1018.0916666666667,981.7041666666668,0.07583333333333335,100.0,40.666666666666664,99.54166666666667,95.0,11.25,0.75,10.5,7.679166666666667,18.295833333333334,25.0625,64.04166666666667,77.41666666666667,27.391666666666666,0.034166666666666665,0.18458333333333332,-5.545833333333333,-5.545833333333333,-5.125,-1.5750000000000002,0.163,0.209,0.243,0.252
2021-10-04,q,-3.0666666666666664,64.33333333333333,-8.879166666666666,-3.7416666666666667,1017.6333333333333,981.0291666666667,0.0,99.125,60.75,90.54166666666667,42.708333333333336,11.041666666666666,1.0416666666666667,10.0,6.629166666666666,6.9624999999999995,10.262500000000001,51.208333333333336,72.125,11.683333333333332,0.013333333333333334,0.17208333333333334,-5.4750000000000005,-5.333333333333333,-4.941666666666667,-1.6791666666666665,0.163,0.209,0.243,0.252
2021-10-05,q,-4.508333333333334,63.708333333333336,-10.395833333333334,-5.408333333333334,1017.4708333333333,980.7041666666668,0.005833333333333334,98.25,16.583333333333332,98.66666666666667,98.70833333333333,12.666666666666666,1.0,11.666666666666666,10.133333333333335,8.841666666666667,12.691666666666668,58.958333333333336,73.04166666666667,15.254166666666668,0.015833333333333335,0.15833333333333335,-5.804166666666667,-5.529166666666666,-4.8125,-1.7750000000000001,0.163,0.209,0.243,0.252
2021-10-06,q,-4.316666666666666,63.5,-10.229166666666666,-5.920833333333333,1016.0583333333334,979.2333333333332,0.002916666666666667,37.708333333333336,10.0,38.458333333333336,30.166666666666668,14.875,5.875,9.0,48.824999999999996,6.7375,9.579166666666667,41.833333333333336,67.95833333333333,13.308333333333332,0.007083333333333334,0.1625,-6.0249999999999995,-5.6000000000000005,-4.745833333333334,-1.8666666666666665,0.163,0.209,0.243,0.252
2021-10-07,q,-8.204166666666667,58.708333333333336,-14.866666666666667,-8.933333333333334,1020.1875,982.9041666666667,0.0,0.08333333333333333,0.0,0.0,0.25,17.833333333333332,11.958333333333334,5.875,112.82083333333333,9.558333333333334,12.450000000000001,41.875,68.70833333333333,17.766666666666666,0.011666666666666667,0.1366666666666667,-6.908333333333334,-6.175,-4.783333333333333,-1.95,0.163,0.209,0.243,0.252
2021-10-08,q,-8.279166666666667,58.416666666666664,-15.008333333333333,-9.075,1021.8291666666668,984.4499999999999,0.0,42.666666666666664,0.0,35.708333333333336,70.79166666666667,14.583333333333334,7.916666666666667,6.666666666666667,79.6875,8.841666666666667,10.641666666666667,39.458333333333336,66.95833333333333,16.51666666666667,0.011250000000000001,0.1366666666666667,-7.308333333333334,-6.629166666666666,-4.916666666666667,-2.0375,0.163,0.209,0.243,0.252
2021-10-09,q,-7.925,56.75,-15.049999999999999,-8.745833333333334,1014.8583333333332,977.8583333333332,0.00875,63.333333333333336,13.0,71.45833333333333,32.333333333333336,8.208333333333334,1.2916666666666667,6.916666666666667,14.933333333333335,12.645833333333334,16.570833333333333,53.083333333333336,70.875,21.420833333333334,0.023333333333333334,0.1475,-7.3,-6.741666666666667,-5.058333333333333,-2.129166666666667,0.163,0.209,0.243,0.252
2021-10-10,q,-1.7666666666666666,65.04166666666667,-7.504166666666666,-5.708333333333333,1009.2166666666667,972.9,0.08166666666666668,97.75,39.291666666666664,99.58333333333333,84.0,4.458333333333333,0.041666666666666664,4.416666666666667,0.32916666666666666,19.95,24.766666666666666,62.5,83.5,30.008333333333336,0.034999999999999996,0.18833333333333332,-6.495833333333334,-6.3625,-5.179166666666666,-2.2208333333333337,0.163,0.209,0.243,0.252
2021-10-11,q,-1.4791666666666667,77.41666666666667,-4.9375,-4.5874999999999995,1011.5833333333334,975.2166666666667,0.11083333333333334,100.0,64.33333333333333,98.45833333333333,61.958333333333336,4.583333333333333,0.0,4.583333333333333,0.0,14.908333333333333,18.120833333333334,66.04166666666667,83.875,22.383333333333336,0.015833333333333335,0.125,-5.833333333333333,-5.791666666666667,-5.116666666666666,-2.308333333333333,0.163,0.209,0.243,0.252
2021-10-12,q,-1.4666666666666668,80.25,-4.441666666666666,-3.9583333333333335,1012.3625000000001,975.9499999999999,0.13416666666666668,100.0,76.79166666666667,99.08333333333333,68.0,4.458333333333333,0.0,4.458333333333333,0.0,10.4,13.870833333333332,42.0,59.916666666666664,16.570833333333333,0.008749999999999999,0.11083333333333334,-5.541666666666667,-5.483333333333333,-5.0249999999999995,-2.4,0.163,0.209,0.243,0.252
2021-10-13,q,-1.325,73.83333333333333,-5.383333333333333,-3.3541666666666665,1012.1791666666667,975.8791666666666,0.04083333333333334,100.0,66.0,95.25,51.541666666666664,4.208333333333333,0.0,4.208333333333333,0.0,12.362499999999999,15.829166666666666,52.041666666666664,71.83333333333333,18.4375,0.015833333333333335,0.145,-5.354166666666667,-5.291666666666667,-4.9125000000000005,-2.4875000000000003,0.163,0.209,0.243,0.252
2021-10-14,q,-1.3958333333333333,78.75,-4.716666666666667,-3.8000000000000003,999.4250000000001,963.4333333333334,0.14291666666666666,96.875,52.5,99.04166666666667,81.41666666666667,2.7083333333333335,0.0,2.7083333333333335,0.0,8.070833333333333,10.262500000000001,223.33333333333334,173.375,16.05,0.0075,0.11958333333333333,-5.2375,-5.170833333333333,-4.795833333333333,-2.5541666666666667,0.163,0.209,0.243,0.252
2021-10-15,q,-5.816666666666666,78.125,-9.070833333333333,-8.345833333333333,1020.0124999999999,982.8333333333334,0.13416666666666668,96.16666666666667,89.75,62.25,0.0,2.5,0.0,2.5,0.0,12.262500000000001,14.695833333333333,162.70833333333334,167.875,21.833333333333332,0.0075,0.08708333333333333,-5.208333333333333,-5.1,-4.7,-2.6083333333333334,0.163,0.209,0.243,0.252
2021-10-16,q,-4.554166666666666,77.5,-7.8875,-5.783333333333334,1028.3374999999999,991.0749999999999,0.15166666666666667,100.0,97.45833333333333,95.04166666666667,10.0,2.5416666666666665,0.0,2.5416666666666665,0.0,7.033333333333334,7.895833333333333,68.79166666666667,89.625,12.775,0.005416666666666667,0.09749999999999999,-5.233333333333333,-5.1,-4.616666666666666,-2.7000000000000006,0.163,0.209,0.243,0.252
2021-10-17,q,-5.029166666666667,73.70833333333333,-9.020833333333334,-6.154166666666666,1028.9083333333333,991.6625,0.05250000000000001,100.0,68.70833333333333,97.5,96.125,2.3333333333333335,0.041666666666666664,2.2916666666666665,0.4916666666666667,10.9625,14.0625,59.833333333333336,75.91666666666667,18.183333333333334,0.012499999999999999,0.11375,-5.175,-5.0125,-4.6,-2.7416666666666667,0.163,0.209,0.243,0.252
2021-10-18,q,-4.1499999999999995,58.833333333333336,-11.033333333333333,-6.1625000000000005,1024.8374999999999,987.9333333333334,0.0,82.375,10.666666666666666,72.58333333333333,99.625,2.0416666666666665,0.0,2.0416666666666665,0.0,19.808333333333334,26.2625,65.95833333333333,79.125,29.833333333333332,0.04,0.18625,-5.175,-5.0,-4.504166666666666,-2.7999999999999994,0.163,0.209,0.243,0.252
2021-10-19,q,-2.158333333333333,51.0,-11.041666666666666,-4.308333333333334,1014.3958333333334,978.0833333333334,0.011666666666666667,78.08333333333333,7.291666666666667,76.29166666666667,93.58333333333333,1.5416666666666667,0.041666666666666664,1.5,0.25416666666666665,17.974999999999998,22.75,73.83333333333333,103.125,28.391666666666666,0.051666666666666666,0.2579166666666667,-5.166666666666667,-5.0,-4.5,-2.8625000000000003,0.163,0.209,0.243,0.252
2021-10-20,q,-1.9375,74.70833333333333,-5.8374999999999995,-4.295833333333333,1009.5875,973.2458333333334,0.13125,100.0,77.45833333333333,91.95833333333333,10.791666666666666,1.0416666666666667,0.0,1.0416666666666667,0.2791666666666667,11.091666666666667,14.783333333333333,141.45833333333334,167.08333333333334,19.683333333333334,0.009583333333333334,0.13583333333333333,-4.954166666666667,-4.883333333333334,-4.5,-2.9,0.163,0.209,0.243,0.252
2021-10-21,q,-9.079166666666667,78.66666666666667,-12.120833333333332,-10.375,1020.3958333333334,982.8083333333334,0.04083333333333334,85.58333333333333,76.29166666666667,28.291666666666668,0.5833333333333334,1.2083333333333333,0.125,1.0833333333333333,0.75,4.816666666666667,5.808333333333334,247.375,244.5,14.4,0.0020833333333333333,0.06583333333333334,-5.125,-4.875,-4.404166666666667,-2.966666666666667,0.163,0.209,0.243,0.252
2021-10-22,q,-13.795833333333334,62.125,-19.529166666666665,-14.766666666666666,1015.6666666666666,977.725,0.005833333333333334,41.041666666666664,38.0,11.291666666666666,0.0,1.0833333333333333,0.2916666666666667,0.7916666666666666,1.7333333333333334,6.345833333333334,8.625,142.375,65.79166666666667,17.645833333333332,0.004583333333333333,0.07791666666666668,-5.8625,-5.320833333333334,-4.45,-3.0,0.163,0.209,0.243,0.252
2021-10-23,q,-16.900000000000002,51.291666666666664,-24.599999999999998,-17.599999999999998,1008.4833333333332,970.5124999999999,0.0,0.0,0.0,0.0,0.0,0.75,0.2916666666666667,0.4583333333333333,2.6,9.216666666666667,13.5,53.125,54.0,22.179166666666664,0.010416666666666666,0.08041666666666668,-6.729166666666667,-5.970833333333334,-4.5874999999999995,-3.0541666666666667,0.163,0.209,0.243,0.252
2021-10-24,q,-19.15,54.25,-26.170833333333334,-19.358333333333334,1010.1083333333332,971.8166666666666,0.0,13.5,15.0,0.0,0.0,0.4166666666666667,0.16666666666666666,0.25,1.3791666666666667,8.595833333333333,13.424999999999999,59.791666666666664,53.125,23.5,0.005833333333333334,0.0625,-7.454166666666667,-6.595833333333334,-4.8125,-3.1,0.163,0.209,0.243,0.252
2021-10-25,q,-22.5625,63.791666666666664,-27.558333333333334,-21.066666666666666,1008.9125,970.4666666666667,0.0,63.125,69.95833333333333,0.0,0.0,0.125,0.041666666666666664,0.08333333333333333,0.024999999999999998,11.304166666666667,14.658333333333333,66.66666666666667,75.16666666666667,25.504166666666666,0.005833333333333334,0.03625,-8.004166666666666,-7.116666666666667,-5.1000000000000005,-3.170833333333334,0.163,0.209,0.243,0.252
2021-10-26,q,-18.662499999999998,63.458333333333336,-23.90416666666667,-17.945833333333333,1010.9208333333332,972.8666666666667,0.0,87.70833333333333,45.958333333333336,65.29166666666667,44.25,0.041666666666666664,0.0,0.041666666666666664,0.0,14.045833333333334,17.45,62.916666666666664,78.41666666666667,25.816666666666666,0.010833333333333334,0.0525,-8.183333333333334,-7.445833333333334,-5.395833333333333,-3.220833333333333,0.163,0.209,0.243,0.252
2021-10-27,q,-9.825000000000001,66.29166666666667,-14.924999999999999,-12.3125,1007.0333333333333,969.8958333333334,0.07583333333333335,100.0,74.79166666666667,97.20833333333333,33.416666666666664,0.0,0.0,0.0,0.0,14.066666666666668,17.733333333333334,69.16666666666667,82.70833333333333,25.045833333333334,0.011250000000000001,0.09708333333333334,-7.529166666666666,-7.2,-5.625,-3.2999999999999994,0.163,0.209,0.243,0.252
2021-10-28,q,-8.441666666666666,69.58333333333333,-12.995833333333332,-10.366666666666667,1008.3458333333333,971.3625000000001,0.04666666666666667,100.0,91.0,97.29166666666667,15.708333333333334,0.0,0.0,0.0,0.0,11.816666666666668,15.070833333333333,62.833333333333336,79.79166666666667,21.508333333333336,0.01,0.09916666666666667,-6.9750000000000005,-6.766666666666667,-5.7,-3.3874999999999997,0.163,0.209,0.243,0.252
2021-10-29,q,-11.575000000000001,60.25,-17.770833333333332,-12.395833333333334,1006.8874999999999,969.6374999999999,0.0,27.041666666666668,10.375,31.375,0.0,0.0,0.0,0.0,0.0,9.254166666666666,11.875,45.208333333333336,64.83333333333333,19.904166666666665,0.009583333333333334,0.10125,-6.991666666666667,-6.629166666666666,-5.7,-3.454166666666667,0.163,0.209,0.243,0.252
2021-10-30,q,-15.683333333333332,57.958333333333336,-22.075,-15.5,1004.9041666666667,967.4416666666666,0.0,0.9166666666666666,0.4583333333333333,0.75,0.0,0.0,0.0,0.0,0.0,15.262500000000001,20.4875,31.75,42.708333333333336,27.433333333333334,0.015833333333333335,0.07875,-7.5375000000000005,-6.958333333333333,-5.7749999999999995,-3.5208333333333335,0.163,0.209,0.243,0.252
2021-10-31,q,-13.141666666666666,48.958333333333336,-21.629166666666666,-15.35,996.15,958.9708333333333,0.0,17.958333333333332,0.08333333333333333,21.0,17.583333333333332,0.0,0.0,0.0,0.0,11.695833333333333,15.791666666666666,20.583333333333332,36.625,23.27916666666667,0.012083333333333333,0.11583333333333334,-8.145833333333334,-7.420833333333333,-5.8875,-3.6,0.163,0.209,0.243,0.252
2021-11-01,q,-8.458333333333334,60.75,-14.758333333333333,-9.654166666666667,1003.0916666666667,966.3458333333333,0.0175,91.79166666666667,43.375,81.70833333333333,73.66666666666667,0.0,0.0,0.0,0.0,9.541666666666666,12.200000000000001,127.08333333333333,56.5,18.587500000000002,0.009583333333333334,0.13041666666666665,-7.991666666666666,-7.545833333333333,-6.054166666666666,-3.6833333333333336,0.163,0.209,0.243,0.252
2021-11-02,q,-10.558333333333334,55.5,-17.825,-12.691666666666668,1008.4375,971.1,0.0,7.541666666666667,4.5,5.791666666666667,0.0,0.0,0.0,0.0,0.0,8.5375,11.725,35.5,55.708333333333336,17.1125,0.010416666666666666,0.12416666666666666,-7.9125000000000005,-7.429166666666667,-6.154166666666666,-3.7541666666666664,0.163,0.209,0.243,0.252
2021-11-03,q,-13.0,50.875,-21.095833333333335,-15.408333333333333,998.9291666666667,961.6583333333333,0.0,2.2083333333333335,2.5,0.0,0.0,0.0,0.0,0.0,0.0,11.370833333333332,16.729166666666668,19.916666666666668,25.75,22.1375,0.015416666666666667,0.11083333333333334,-8.325000000000001,-7.683333333333334,-6.254166666666666,-3.829166666666666,0.163,0.209,0.243,0.252
2021-11-04,q,-13.570833333333333,40.833333333333336,-24.09166666666667,-16.395833333333332,1002.9708333333333,965.4166666666666,0.0,0.0,0.0,0.0,0.0,0.0,0.0,0.0,0.0,10.495833333333334,16.408333333333335,29.916666666666668,31.166666666666668,22.925,0.016666666666666666,0.12666666666666668,-8.808333333333334,-8.066666666666666,-6.3999999999999995,-3.904166666666667,0.163,0.209,0.243,0.252
2021-11-05,q,-14.583333333333334,55.208333333333336,-21.741666666666664,-14.575000000000001,1012.625,975.0166666666668,0.0,9.791666666666666,9.25,1.8333333333333333,1.0,0.0,0.0,0.0,0.0,14.933333333333332,19.833333333333332,56.833333333333336,67.16666666666667,27.445833333333336,0.01875,0.09000000000000001,-9.095833333333333,-8.375,-6.583333333333333,-4.0,0.163,0.209,0.243,0.252
2021-11-06,q,-15.408333333333333,61.875,-21.087500000000002,-14.6875,1017.2083333333334,979.2958333333332,0.0,45.916666666666664,25.416666666666668,5.791666666666667,64.91666666666667,0.0,0.0,0.0,0.0,10.5875,13.095833333333333,46.25,69.29166666666667,21.170833333333334,0.007083333333333334,0.07083333333333335,-9.091666666666667,-8.470833333333333,-6.754166666666666,-4.083333333333333,0.163,0.209,0.243,0.252
2021-11-07,q,-14.433333333333332,59.041666666666664,-20.679166666666667,-15.833333333333334,1017.5458333333332,979.3916666666668,0.0,68.875,71.95833333333333,0.041666666666666664,13.375,0.0,0.0,0.0,0.0,6.470833333333334,6.1625000000000005,30.25,63.208333333333336,16.104166666666668,0.0,0.08333333333333333,-9.25,-8.595833333333333,-6.916666666666667,-4.170833333333333,0.163,0.209,0.243,0.252
2021-11-08,q,-16.866666666666667,47.458333333333336,-25.474999999999998,-18.004166666666666,1014.9541666666668,976.6625,0.0,14.166666666666666,15.625,0.0,0.0,0.0,0.0,0.0,0.0,9.691666666666666,13.558333333333332,44.208333333333336,58.708333333333336,21.816666666666666,0.0075,0.08458333333333334,-9.558333333333334,-8.8375,-7.058333333333334,-4.258333333333334,0.163,0.209,0.243,0.252
2021-11-09,q,-19.1125,45.541666666666664,-28.058333333333334,-19.1875,1006.8125,968.6333333333333,0.0,8.333333333333334,9.125,0.16666666666666666,0.0,0.0,0.0,0.0,0.0,7.316666666666666,11.0875,69.95833333333333,75.58333333333333,22.741666666666664,0.007916666666666667,0.07583333333333334,-9.908333333333333,-9.1375,-7.245833333333334,-4.3500000000000005,0.163,0.209,0.243,0.252
2021-11-10,q,-20.695833333333333,51.083333333333336,-28.204166666666666,-21.070833333333333,1010.3916666666668,972.0583333333334,0.0,47.833333333333336,15.458333333333334,56.458333333333336,0.0,0.0,0.0,0.0,0.0,19.216666666666665,26.570833333333336,16.125,19.166666666666668,36.25,0.016666666666666666,0.057499999999999996,-10.112499999999999,-9.370833333333334,-7.429166666666667,-4.445833333333334,0.163,0.209,0.243,0.252
2021-11-11,q,-20.229166666666668,46.375,-28.8,-22.183333333333334,1015.5583333333334,976.7458333333334,0.0,14.75,2.2916666666666665,21.0,0.0,0.0,0.0,0.0,0.0,13.645833333333334,19.308333333333334,25.291666666666668,33.166666666666664,28.52916666666667,0.012916666666666667,0.06583333333333334,-10.445833333333333,-9.620833333333334,-7.616666666666667,-4.545833333333333,0.163,0.209,0.243,0.252
2021-11-12,q,-23.516666666666666,45.708333333333336,-31.995833333333334,-23.858333333333334,1025.7833333333333,986.3333333333334,0.0,0.08333333333333333,0.0,0.125,0.0,0.0,0.0,0.0,0.0,13.308333333333332,18.304166666666667,51.958333333333336,60.958333333333336,25.337500000000002,0.01,0.049999999999999996,-10.85,-9.975,-7.820833333333333,-4.645833333333333,0.163,0.209,0.243,0.252
2021-11-13,q,-25.504166666666666,47.0,-33.5625,-26.52916666666667,1023.8708333333334,984.0875,0.0,3.4166666666666665,3.7916666666666665,0.0,0.0,0.0,0.0,0.0,0.0,13.279166666666667,18.275000000000002,52.958333333333336,64.54166666666667,22.245833333333334,0.01,0.041666666666666664,-11.208333333333334,-10.299999999999999,-8.049999999999999,-4.75,0.163,0.209,0.243,0.252
2021-11-14,q,-26.608333333333334,50.333333333333336,-33.891666666666666,-28.6125,1010.9166666666666,971.3000000000001,0.0,39.583333333333336,43.875,0.041666666666666664,0.0,0.0,0.0,0.0,0.0,12.233333333333334,16.254166666666666,56.541666666666664,71.25,21.766666666666666,0.002916666666666667,0.03333333333333333,-11.575000000000001,-10.629166666666666,-8.283333333333333,-4.858333333333333,0.163,0.209,0.243,0.252
2021-11-15,q,-25.5,53.541666666666664,-32.199999999999996,-26.27916666666667,1007.5041666666666,968.3666666666667,0.0,91.08333333333333,79.58333333333333,51.666666666666664,0.0,0.0,0.0,0.0,0.0,12.066666666666668,15.045833333333334,58.916666666666664,76.08333333333333,20.254166666666666,0.0,0.03666666666666667,-11.845833333333333,-10.941666666666668,-8.525,-4.970833333333333,0.163,0.209,0.243,0.252
2021-11-16,q,-22.575,61.791666666666664,-27.90416666666667,-22.6875,1015.5708333333333,976.6374999999999,0.0,98.95833333333333,88.29166666666667,65.41666666666667,0.0,0.0,0.0,0.0,0.0,11.737499999999999,14.766666666666666,56.333333333333336,74.0,19.041666666666668,0.0,0.03666666666666667,-11.529166666666667,-10.887500000000001,-8.75,-5.083333333333333,0.163,0.209,0.243,0.252
2021-11-17,q,-20.695833333333333,61.833333333333336,-26.133333333333336,-21.575,1017.7624999999999,978.8208333333333,0.0,87.79166666666667,80.875,39.958333333333336,8.5,0.0,0.0,0.0,0.0,7.316666666666666,8.5375,43.708333333333336,74.45833333333333,13.345833333333333,0.0,0.046250000000000006,-11.495833333333332,-10.800000000000002,-8.879166666666668,-5.216666666666667,0.163,0.209,0.243,0.252
2021-11-18,q,-20.65,54.833333333333336,-27.391666666666666,-24.599999999999998,1008.0791666666668,969.1166666666667,0.0,64.95833333333333,71.95833333333333,0.0,0.0,0.0,0.0,0.0,0.0,9.479166666666666,11.929166666666667,49.458333333333336,70.08333333333333,16.787499999999998,0.0,0.05333333333333334,-11.6625,-10.924999999999999,-9.016666666666667,-5.333333333333333,0.163,0.209,0.243,0.252
2021-11-19,q,-22.670833333333334,52.75,-29.704166666666666,-26.020833333333332,1015.4916666666667,976.0458333333332,0.0,65.0,71.66666666666667,0.4166666666666667,0.3333333333333333,0.0,0.0,0.0,0.0,10.191666666666666,12.725,52.291666666666664,70.79166666666667,16.408333333333335,0.0,0.04666666666666667,-12.0,-11.1875,-9.145833333333334,-5.45,0.163,0.209,0.243,0.252
2021-11-20,q,-21.191666666666666,50.458333333333336,-28.791666666666668,-25.416666666666668,1019.5791666666668,980.0708333333333,0.0,62.666666666666664,56.833333333333336,16.875,4.291666666666667,0.0,0.0,0.0,0.0,10.666666666666666,13.170833333333334,44.958333333333336,62.916666666666664,17.45,0.0,0.05583333333333334,-12.212499999999999,-11.412500000000001,-9.304166666666667,-5.566666666666666,0.163,0.209,0.243,0.252
2021-11-21,q,-19.991666666666667,54.041666666666664,-26.945833333333336,-24.34583333333333,1009.1999999999999,970.2041666666668,0.0,54.125,59.833333333333336,0.16666666666666666,0.0,0.0,0.0,0.0,0.0,8.291666666666666,9.6875,46.125,71.41666666666667,15.120833333333332,0.0,0.058750000000000004,-12.370833333333335,-11.579166666666666,-9.458333333333334,-5.6875,0.163,0.209,0.243,0.252
2021-11-22,q,-20.895833333333332,61.791666666666664,-26.337500000000002,-22.920833333333334,1018.2583333333333,979.0666666666666,0.0,85.66666666666667,88.04166666666667,11.083333333333334,0.0,0.0,0.0,0.0,0.0,6.05,6.529166666666666,39.708333333333336,68.45833333333333,10.8375,0.0,0.04541666666666667,-12.4,-11.699999999999998,-9.625,-5.820833333333333,0.163,0.209,0.243,0.252
2021-11-23,q,-23.366666666666664,59.0,-29.183333333333334,-26.229166666666668,1030.4125000000001,990.3416666666667,0.0,90.20833333333333,86.625,22.75,18.5,0.0,0.0,0.0,0.0,9.404166666666667,11.616666666666667,53.833333333333336,72.04166666666667,14.329166666666666,0.0,0.03833333333333334,-12.420833333333334,-11.737499999999999,-9.754166666666666,-5.941666666666666,0.163,0.209,0.243,0.252
2021-11-24,q,-19.841666666666665,45.416666666666664,-28.7375,-23.958333333333332,1020.875,981.4875000000001,0.0,21.916666666666668,21.416666666666668,2.125,4.166666666666667,0.0,0.0,0.0,0.0,8.9125,11.566666666666668,60.875,54.458333333333336,15.166666666666666,0.002916666666666667,0.07333333333333333,-12.591666666666667,-11.841666666666667,-9.870833333333334,-6.0625,0.163,0.209,0.243,0.252
2021-11-25,q,-16.095833333333335,55.5,-23.133333333333336,-20.591666666666665,1009.0875,970.6125000000001,0.0,65.66666666666667,70.33333333333333,0.2916666666666667,7.5,0.0,0.0,0.0,0.0,7.5375000000000005,7.325,193.45833333333334,178.95833333333334,12.141666666666666,0.0020833333333333333,0.0775,-12.850000000000001,-12.066666666666668,-10.012500000000001,-6.179166666666667,0.163,0.209,0.243,0.252
2021-11-26,q,-12.891666666666666,56.291666666666664,-19.8125,-18.095833333333335,1017.1750000000001,978.75,0.026250000000000006,99.875,70.625,83.79166666666667,84.66666666666667,0.0,0.0,0.0,0.0,8.079166666666667,9.204166666666667,31.666666666666668,52.666666666666664,12.391666666666666,0.0,0.09999999999999999,-12.541666666666666,-12.020833333333334,-10.141666666666666,-6.320833333333333,0.163,0.209,0.243,0.252
2021-11-27,q,-11.612499999999999,65.58333333333333,-16.808333333333334,-16.454166666666666,1013.0875,975.0083333333333,0.06708333333333334,100.0,81.08333333333333,97.41666666666667,24.541666666666668,0.0,0.0,0.0,0.0,7.175,6.929166666666667,156.83333333333334,175.66666666666666,14.916666666666666,0.0016666666666666668,0.09000000000000001,-11.862499999999999,-11.5875,-10.2,-6.4375,0.163,0.209,0.243,0.252
2021-11-28,q,-16.787499999999998,76.75,-19.962500000000002,-20.341666666666665,1019.1958333333333,980.3458333333333,0.043750000000000004,99.0,92.29166666666667,69.29166666666667,0.4583333333333333,0.0,0.0,0.0,0.0,6.1875,5.870833333333334,307.2083333333333,234.25,13.258333333333333,0.0,0.04,-11.625,-11.283333333333333,-10.158333333333333,-6.554166666666666,0.163,0.209,0.243,0.252
2021-11-29,q,-17.254166666666666,50.875,-25.2625,-21.2625,1011.4708333333333,972.8041666666667,0.0,32.25,25.25,3.2916666666666665,25.25,0.0,0.0,0.0,0.0,6.708333333333333,8.75,104.0,58.0,11.424999999999999,0.002916666666666667,0.07958333333333334,-11.766666666666666,-11.2875,-10.1,-6.666666666666667,0.163,0.209,0.243,0.252
2021-11-30,q,-11.616666666666667,42.125,-22.108333333333334,-16.395833333333332,997.2458333333334,959.7791666666667,0.0,89.125,30.916666666666668,83.70833333333333,82.25,0.0,0.0,0.0,0.0,6.183333333333334,7.4875,146.70833333333334,145.83333333333334,13.237499999999999,0.004166666666666667,0.14625000000000002,-11.895833333333334,-11.445833333333333,-10.1,-6.7749999999999995,0.163,0.209,0.243,0.252
2021-12-01,q,-12.1,60.916666666666664,-18.091666666666665,-16.020833333333332,1006.6041666666666,968.8249999999999,0.02916666666666667,87.04166666666667,76.5,56.458333333333336,53.875,0.0,0.0,0.0,0.0,6.604166666666667,7.929166666666667,77.29166666666667,69.41666666666667,9.645833333333334,0.0,0.09458333333333334,-11.654166666666667,-11.329166666666667,-10.1,-6.883333333333334,0.163,0.209,0.243,0.252
2021-12-02,q,-11.620833333333332,57.791666666666664,-18.337500000000002,-15.529166666666667,981.8874999999999,945.1083333333332,0.0,61.25,38.625,14.583333333333334,66.375,0.0,0.0,0.0,0.0,6.570833333333333,8.575000000000001,157.625,50.416666666666664,13.191666666666668,0.0,0.10791666666666666,-11.5,-11.199999999999998,-10.1,-6.9875,0.163,0.209,0.243,0.252
2021-12-03,q,-9.450000000000001,56.5,-16.533333333333335,-13.620833333333332,990.0916666666667,953.3333333333334,0.03208333333333333,96.70833333333333,33.041666666666664,99.04166666666667,93.58333333333333,0.0,0.0,0.0,0.0,10.950000000000001,13.933333333333332,40.166666666666664,66.08333333333333,16.945833333333333,0.0062499999999999995,0.13041666666666665,-11.4,-11.137500000000001,-10.1,-7.091666666666666,0.163,0.209,0.243,0.252
2021-12-04,q,-11.9375,54.333333333333336,-19.316666666666666,-16.629166666666666,1005.225,967.4916666666667,0.0,47.166666666666664,7.875,48.5,36.541666666666664,0.0,0.0,0.0,0.0,9.575000000000001,11.854166666666666,70.41666666666667,58.916666666666664,16.466666666666665,0.005833333333333334,0.11333333333333334,-11.204166666666666,-10.929166666666667,-10.0625,-7.1875,0.163,0.209,0.243,0.252
2021-12-05,q,-10.358333333333333,55.125,-17.6875,-15.120833333333332,981.4250000000001,944.7125,0.0,81.375,43.5,44.458333333333336,88.625,0.0,0.0,0.0,0.0,6.116666666666667,9.779166666666667,136.75,75.95833333333333,13.766666666666666,0.002916666666666667,0.13041666666666665,-11.391666666666667,-11.029166666666667,-10.0,-7.279166666666666,0.163,0.209,0.243,0.252
2021-12-06,q,-6.575,59.625,-13.220833333333333,-12.137500000000001,978.5291666666667,942.3958333333334,0.014583333333333335,82.20833333333333,25.583333333333332,76.70833333333333,93.58333333333333,0.0,0.0,0.0,0.0,11.379166666666668,16.220833333333335,44.708333333333336,70.08333333333333,18.604166666666668,0.006666666666666667,0.15125,-11.208333333333334,-10.970833333333333,-10.0,-7.362500000000001,0.163,0.209,0.243,0.252
2021-12-07,q,-9.0375,66.70833333333333,-14.095833333333333,-11.745833333333332,997.5,960.7958333333332,0.0,76.91666666666667,27.958333333333332,88.625,40.875,0.0,0.0,0.0,0.0,15.479166666666666,20.716666666666665,65.95833333333333,86.41666666666667,24.008333333333336,0.014166666666666668,0.10416666666666667,-10.854166666666666,-10.7125,-10.0,-7.445833333333334,0.163,0.209,0.243,0.252
2021-12-08,q,-12.133333333333333,53.458333333333336,-19.895833333333332,-16.304166666666667,997.5,960.1458333333334,0.0,27.375,1.2083333333333333,29.5,28.5,0.0,0.0,0.0,0.0,11.733333333333334,16.108333333333334,42.125,58.541666666666664,20.141666666666666,0.009583333333333334,0.11833333333333333,-10.916666666666666,-10.629166666666666,-9.916666666666666,-7.5249999999999995,0.163,0.209,0.243,0.252
2021-12-09,q,-11.262500000000001,52.291666666666664,-19.179166666666667,-16.404166666666665,991.0083333333333,953.8916666666668,0.0,64.125,41.5,51.708333333333336,0.0,0.0,0.0,0.0,0.0,12.549999999999999,14.875,70.875,84.875,21.133333333333333,0.010416666666666666,0.12625,-11.191666666666665,-10.829166666666667,-9.9,-7.599999999999999,0.163,0.209,0.243,0.252
2021-12-10,q,-15.554166666666667,60.25,-21.52916666666667,-18.591666666666665,1003.4041666666667,965.4458333333333,0.0,10.041666666666666,9.041666666666666,3.1666666666666665,0.0,0.0,0.0,0.0,0.0,8.695833333333333,10.216666666666667,43.416666666666664,67.58333333333333,13.2875,0.0,0.07250000000000001,-11.320833333333333,-10.924999999999999,-9.908333333333333,-7.6875,0.163,0.209,0.243,0.252
2021-12-11,q,-15.6625,53.125,-23.058333333333334,-18.7,1003.1125000000001,965.1166666666667,0.0,49.5,45.333333333333336,0.875,26.791666666666668,0.0,0.0,0.0,0.0,6.9375,7.933333333333334,29.916666666666668,57.791666666666664,10.904166666666667,0.0,0.08541666666666665,-11.683333333333332,-11.170833333333334,-10.0,-7.75,0.163,0.209,0.243,0.252
2021-12-12,q,-15.070833333333333,48.75,-23.5,-18.925,999.7125,961.8041666666667,0.0,71.5,57.458333333333336,34.125,8.333333333333334,0.0,0.0,0.0,0.0,6.258333333333333,7.154166666666666,100.54166666666667,73.5,10.404166666666667,0.0008333333333333334,0.09875,-11.983333333333334,-11.424999999999999,-10.083333333333334,-7.816666666666666,0.163,0.209,0.243,0.252
2021-12-13,q,-14.4375,55.166666666666664,-21.504166666666666,-18.116666666666667,997.2833333333333,959.5333333333333,0.0,84.66666666666667,72.0,34.041666666666664,26.958333333333332,0.0,0.0,0.0,0.0,3.983333333333333,2.8333333333333335,239.08333333333334,232.79166666666666,10.679166666666667,0.0,0.09000000000000001,-12.0375,-11.549999999999999,-10.2,-7.900000000000001,0.163,0.209,0.243,0.252
2021-12-14,q,-13.875,53.583333333333336,-21.291666666666668,-16.616666666666667,988.2041666666668,950.9916666666667,0.0,100.0,73.33333333333333,97.66666666666667,28.958333333333332,0.0,0.0,0.0,0.0,4.641666666666667,4.679166666666666,156.75,51.166666666666664,8.716666666666667,0.0,0.09708333333333334,-11.975,-11.587499999999999,-10.3,-7.979166666666667,0.163,0.209,0.243,0.252
2021-12-15,q,-16.766666666666666,60.291666666666664,-22.6875,-18.558333333333334,994.1583333333333,956.4541666666668,0.0,78.04166666666667,76.0,20.708333333333332,0.0,0.0,0.0,0.0,0.0,3.904166666666667,3.579166666666667,265.0416666666667,75.125,8.420833333333333,0.0,0.06583333333333334,-11.966666666666667,-11.533333333333333,-10.395833333333334,-8.049999999999999,0.163,0.209,0.243,0.252
2021-12-16,q,-16.754166666666666,61.541666666666664,-22.425,-18.758333333333333,1002.7375000000001,964.6583333333333,0.023333333333333334,96.375,85.95833333333333,69.29166666666667,2.125,0.0,0.0,0.0,0.0,3.295833333333333,2.6458333333333335,239.33333333333334,191.83333333333334,8.770833333333334,0.0,0.06291666666666666,-12.1,-11.679166666666667,-10.450000000000001,-8.116666666666665,0.163,0.209,0.243,0.252
2021-12-17,q,-18.645833333333332,59.875,-24.541666666666668,-20.925,1006.2791666666667,967.9,0.014583333333333335,99.91666666666667,74.41666666666667,97.45833333333333,7.375,0.0,0.0,0.0,0.0,9.220833333333333,11.225,80.29166666666667,96.16666666666667,15.691666666666668,0.004583333333333333,0.05583333333333334,-12.054166666666667,-11.699999999999998,-10.508333333333333,-8.2,0.163,0.209,0.243,0.252
2021-12-18,q,-18.141666666666666,47.083333333333336,-26.71666666666667,-22.383333333333336,1020.8874999999999,981.7416666666667,0.0,87.79166666666667,35.625,83.375,46.833333333333336,0.0,0.0,0.0,0.0,8.241666666666667,9.5375,54.916666666666664,50.125,13.112499999999999,0.005,0.07958333333333334,-12.041666666666666,-11.6625,-10.6,-8.283333333333333,0.163,0.209,0.243,0.252
2021-12-19,q,-12.012500000000001,52.583333333333336,-19.816666666666666,-16.895833333333332,1011.5916666666667,973.5625,0.0,78.83333333333333,47.416666666666664,62.75,87.91666666666667,0.0,0.0,0.0,0.0,8.995833333333334,12.054166666666667,174.625,56.875,15.466666666666667,0.0062499999999999995,0.11708333333333333,-12.008333333333333,-11.674999999999999,-10.6,-8.35,0.163,0.209,0.243,0.252
2021-12-20,q,-7.391666666666667,60.0,-13.895833333333334,-13.5625,1020.1708333333332,982.3791666666666,0.0,54.291666666666664,17.75,24.041666666666668,85.75,0.0,0.0,0.0,0.0,14.754166666666668,20.7,45.541666666666664,61.916666666666664,22.1875,0.01,0.14416666666666667,-11.8125,-11.5625,-10.691666666666665,-8.4125,0.163,0.209,0.243,0.252
2021-12-21,q,-1.9000000000000001,57.958333333333336,-9.174999999999999,-6.079166666666667,1009.875,973.5500000000001,0.0,71.625,14.458333333333334,61.041666666666664,83.58333333333333,0.0,0.0,0.0,0.0,22.195833333333336,31.758333333333336,56.083333333333336,75.45833333333333,34.65,0.04041666666666666,0.22041666666666668,-11.491666666666667,-11.379166666666668,-10.679166666666667,-8.5,0.163,0.209,0.243,0.252
2021-12-22,q,-1.875,52.041666666666664,-10.504166666666666,-6.3,1012.0416666666666,975.5208333333334,0.0,5.5,0.0,4.541666666666667,9.458333333333334,0.0,0.0,0.0,0.0,17.091666666666665,24.15416666666667,56.958333333333336,65.54166666666667,27.820833333333336,0.030833333333333334,0.2604166666666667,-11.108333333333333,-11.049999999999999,-10.6,-8.570833333333333,0.163,0.209,0.243,0.252
2021-12-23,q,-4.033333333333333,53.208333333333336,-12.229166666666666,-6.545833333333333,1011.7208333333333,975.25,0.0,52.958333333333336,17.791666666666668,36.041666666666664,68.95833333333333,0.0,0.0,0.0,0.0,20.233333333333334,28.354166666666668,57.166666666666664,76.95833333333333,31.833333333333332,0.03875,0.21291666666666667,-11.137500000000001,-11.0,-10.525,-8.616666666666665,0.163,0.209,0.243,0.252
2021-12-24,q,-5.316666666666666,78.20833333333333,-8.779166666666667,-8.795833333333333,1020.0124999999999,982.7541666666666,0.08458333333333334,97.66666666666667,77.875,82.08333333333333,39.25,0.0,0.0,0.0,0.0,10.950000000000001,13.879166666666668,239.5,244.91666666666666,21.483333333333334,0.0033333333333333335,0.10416666666666667,-10.879166666666668,-10.850000000000001,-10.487499999999999,-8.7,0.163,0.209,0.243,0.252
2021-12-25,q,-9.049999999999999,80.29166666666667,-11.854166666666666,-12.820833333333333,1023.3083333333334,985.3208333333333,0.0,55.041666666666664,31.375,1.125,91.33333333333333,0.0,0.0,0.0,0.0,5.3625,5.0125,293.125,226.625,13.758333333333333,0.0,0.06125,-10.866666666666667,-10.725,-10.4,-8.737499999999999,0.163,0.209,0.243,0.252
2021-12-26,q,-11.3375,78.58333333333333,-14.495833333333332,-14.174999999999999,1016.4125,978.5875,0.07291666666666667,100.0,81.45833333333333,87.04166666666667,39.541666666666664,0.0,0.0,0.0,0.0,10.741666666666667,13.075000000000001,268.75,258.5416666666667,17.675,0.0,0.06083333333333333,-11.1,-10.879166666666668,-10.4,-8.8,0.163,0.209,0.243,0.252
2021-12-27,q,-14.295833333333334,76.75,-17.533333333333335,-17.349999999999998,1021.4416666666666,982.9083333333333,0.005833333333333334,74.5,69.0,29.041666666666668,2.7916666666666665,0.0,0.0,0.0,0.0,5.854166666666667,5.995833333333334,273.125,233.04166666666666,10.466666666666667,0.0,0.04541666666666667,-11.145833333333334,-10.912500000000001,-10.4,-8.841666666666667,0.163,0.209,0.243,0.252
2021-12-28,q,-14.933333333333332,53.541666666666664,-22.304166666666664,-18.8125,1013.0208333333334,974.6458333333334,0.0,65.33333333333333,71.58333333333333,0.0,2.5,0.0,0.0,0.0,0.0,7.216666666666666,5.7625,220.70833333333334,95.375,10.354166666666666,0.0,0.08958333333333333,-11.579166666666666,-11.154166666666667,-10.4,-8.9,0.163,0.209,0.243,0.252
2021-12-29,q,-15.5625,48.0,-24.108333333333334,-19.233333333333334,1014.6291666666666,976.1125000000001,0.0,80.83333333333333,74.58333333333333,35.375,7.458333333333333,0.0,0.0,0.0,0.0,6.533333333333334,4.5625,151.375,97.66666666666667,10.154166666666667,0.0,0.09499999999999999,-12.004166666666668,-11.512500000000001,-10.458333333333334,-8.933333333333334,0.163,0.209,0.243,0.252
2021-12-30,q,-17.0125,61.333333333333336,-22.770833333333332,-21.566666666666666,1020.0916666666667,981.0541666666667,0.0,100.0,85.29166666666667,42.791666666666664,39.541666666666664,0.0,0.0,0.0,0.0,6.729166666666667,6.6499999999999995,311.6666666666667,305.6666666666667,10.950000000000001,0.0,0.06458333333333334,-12.104166666666666,-11.695833333333333,-10.575,-9.0,0.163,0.209,0.243,0.252
2021-12-31,q,-19.900000000000002,56.208333333333336,-26.425,-23.837500000000002,1021.6,982.1583333333333,0.0,89.41666666666667,78.08333333333333,19.25,44.541666666666664,0.0,0.0,0.0,0.0,6.233333333333333,5.1875,220.375,146.16666666666666,8.991666666666667,0.0,0.05541666666666667,-12.299999999999999,-11.8375,-10.695833333333333,-9.041666666666666,0.163,0.209,0.243,0.252
2022-01-01,q,-16.866666666666667,47.125,-25.545833333333334,-21.23333333333333,1013.4083333333333,974.6291666666666,0.0,84.25,59.791666666666664,68.08333333333333,37.75,0.0,0.0,0.0,0.0,4.745833333333334,6.079166666666667,195.16666666666666,235.5,11.179166666666667,0.0,0.08750000000000001,-12.566666666666668,-12.054166666666667,-10.829166666666667,-9.1,0.163,0.209,0.243,0.252
2022-01-02,q,-17.895833333333332,48.25,-26.27916666666667,-22.741666666666664,1016.5541666666667,977.5458333333332,0.0,65.20833333333333,30.916666666666668,64.75,0.0,0.0,0.0,0.0,0.0,9.595833333333333,14.154166666666667,53.916666666666664,39.125,17.658333333333335,0.0062499999999999995,0.07916666666666666,-12.6,-12.1625,-10.950000000000001,-9.1625,0.163,0.209,0.243,0.252
2022-01-03,q,-19.208333333333332,54.5,-26.112499999999997,-22.875,1018.8083333333334,979.6833333333334,0.0,68.125,50.583333333333336,34.958333333333336,7.416666666666667,0.0,0.0,0.0,0.0,9.441666666666666,11.620833333333332,58.625,34.833333333333336,16.604166666666668,0.005,0.06166666666666667,-12.666666666666666,-12.229166666666666,-11.066666666666668,-9.2,0.163,0.209,0.243,0.252
2022-01-04,q,-17.004166666666666,44.291666666666664,-26.429166666666664,-21.670833333333334,1004.0375,965.6374999999999,0.0,19.583333333333332,21.625,0.0,0.0,0.0,0.0,0.0,0.0,8.1375,12.083333333333334,55.5,35.958333333333336,14.025,0.005416666666666667,0.09125,-12.912500000000001,-12.404166666666667,-11.174999999999999,-9.295833333333334,0.163,0.209,0.243,0.252
2022-01-05,q,-18.05,49.625,-26.070833333333336,-22.2,994.8416666666667,956.6750000000001,0.0,58.375,64.58333333333333,0.0,0.0,0.0,0.0,0.0,0.0,6.883333333333333,8.200000000000001,70.66666666666667,35.125,10.179166666666667,0.0,0.07416666666666667,-13.183333333333332,-12.629166666666665,-11.308333333333335,-9.333333333333334,0.163,0.209,0.243,0.252
2022-01-06,q,-17.125,45.916666666666664,-26.020833333333332,-22.495833333333334,985.4250000000001,947.6458333333334,0.0,50.0,54.875,0.125,1.125,0.0,0.0,0.0,0.0,10.041666666666666,12.1625,63.958333333333336,32.458333333333336,14.3125,0.0004166666666666667,0.08708333333333333,-13.375,-12.8375,-11.445833333333333,-9.4,0.163,0.209,0.243,0.252
2022-01-07,q,-14.729166666666666,42.75,-24.633333333333336,-20.537499999999998,984.6291666666666,947.1541666666667,0.0,53.958333333333336,6.458333333333333,40.583333333333336,80.875,0.0,0.0,0.0,0.0,9.745833333333334,12.508333333333333,58.291666666666664,27.625,14.762500000000001,0.006666666666666667,0.11208333333333333,-13.424999999999999,-12.9375,-11.575000000000001,-9.483333333333333,0.163,0.209,0.243,0.252
2022-01-08,q,-14.025,55.25,-21.141666666666666,-17.308333333333334,991.4583333333334,954.0458333333332,0.011666666666666667,97.08333333333333,63.166666666666664,79.83333333333333,92.58333333333333,0.0,0.0,0.0,0.0,4.9875,4.045833333333333,90.08333333333333,122.375,8.991666666666667,0.0004166666666666667,0.09458333333333334,-13.220833333333333,-12.870833333333335,-11.695833333333333,-9.5375,0.163,0.209,0.243,0.252
2022-01-09,q,-16.9875,58.416666666666664,-23.241666666666664,-19.9375,1001.3208333333333,963.1708333333332,0.0,86.45833333333333,75.75,31.041666666666668,47.708333333333336,0.0,0.0,0.0,0.0,4.7250000000000005,3.6999999999999997,95.95833333333333,64.66666666666667,8.045833333333333,0.0,0.06958333333333333,-13.158333333333333,-12.800000000000002,-11.762500000000001,-9.6,0.163,0.209,0.243,0.252
2022-01-10,q,-12.6625,44.708333333333336,-22.308333333333334,-19.162499999999998,988.25,950.8208333333333,0.0,55.666666666666664,27.625,11.291666666666666,85.33333333333333,0.0,0.0,0.0,0.0,10.166666666666666,14.341666666666667,68.0,39.375,14.979166666666666,0.0033333333333333335,0.13083333333333333,-13.262500000000001,-12.866666666666667,-11.800000000000002,-9.695833333333333,0.163,0.209,0.243,0.252
2022-01-11,q,-12.825000000000001,54.458333333333336,-20.229166666666668,-18.45,978.5333333333333,941.5875,0.0,37.208333333333336,30.333333333333332,1.8333333333333333,29.333333333333332,0.0,0.0,0.0,0.0,10.924999999999999,14.704166666666667,57.916666666666664,31.5,17.0,0.005,0.10875,-13.341666666666667,-12.970833333333333,-11.887500000000001,-9.75,0.163,0.209,0.243,0.252
2022-01-12,q,-14.491666666666667,53.625,-21.8625,-16.404166666666665,981.8375,944.8874999999999,0.0,96.625,75.41666666666667,7.75,92.41666666666667,0.0,0.0,0.0,0.0,3.6291666666666664,2.4375,108.16666666666667,173.79166666666666,7.0625,0.0,0.09333333333333334,-13.4,-13.0,-11.9375,-9.808333333333334,0.163,0.209,0.243,0.252
2022-01-13,q,-14.679166666666667,56.958333333333336,-21.383333333333336,-17.2,1005.0458333333332,967.1291666666666,0.04958333333333334,99.625,82.79166666666667,63.875,59.125,0.0,0.0,0.0,0.0,4.079166666666667,5.5375000000000005,135.54166666666666,183.875,6.875,0.0,0.08541666666666668,-13.354166666666666,-13.0,-12.0,-9.9,0.163,0.209,0.243,0.252
2022-01-14,q,-17.108333333333334,63.375,-22.412499999999998,-21.416666666666668,1014.2708333333334,975.4499999999999,0.0,84.04166666666667,76.54166666666667,43.125,15.416666666666666,0.0,0.0,0.0,0.0,6.083333333333333,4.7875000000000005,118.125,122.70833333333333,9.995833333333334,0.0,0.06083333333333334,-13.320833333333333,-13.0,-12.029166666666667,-9.958333333333334,0.163,0.209,0.243,0.252
2022-01-15,q,-18.216666666666665,53.458333333333336,-25.420833333333334,-22.5625,1011.2583333333333,972.4,0.0,91.04166666666667,65.70833333333333,87.20833333333333,0.9583333333333334,0.0,0.0,0.0,0.0,6.1125,7.5625,77.08333333333333,74.375,9.570833333333333,0.0008333333333333334,0.06833333333333334,-13.487499999999999,-13.079166666666666,-12.1,-10.012500000000001,0.163,0.209,0.243,0.252
2022-01-16,q,-19.8875,57.083333333333336,-26.229166666666668,-23.429166666666664,1012.0875,973.0749999999999,0.0,86.83333333333333,75.79166666666667,52.708333333333336,1.4583333333333333,0.0,0.0,0.0,0.0,6.625,8.095833333333333,59.25,35.166666666666664,9.979166666666666,0.0,0.051666666666666666,-13.566666666666668,-13.174999999999999,-12.133333333333333,-10.1,0.163,0.209,0.243,0.252
2022-01-17,q,-21.662499999999998,41.458333333333336,-31.420833333333334,-26.504166666666666,993.8916666666668,955.3625000000001,0.0,0.7083333333333334,0.7916666666666666,0.0,0.0,0.0,0.0,0.0,0.0,16.720833333333335,25.270833333333332,61.791666666666664,51.291666666666664,27.65833333333333,0.011250000000000001,0.06583333333333334,-13.866666666666667,-13.366666666666667,-12.208333333333334,-10.1625,0.163,0.209,0.243,0.252
2022-01-18,q,-24.349999999999998,47.166666666666664,-32.50416666666667,-27.974999999999998,1006.15,966.8916666666668,0.0,28.625,18.5,16.666666666666668,6.541666666666667,0.0,0.0,0.0,0.0,14.941666666666668,18.599999999999998,29.166666666666668,19.291666666666668,24.795833333333334,0.0075,0.04666666666666667,-14.233333333333334,-13.654166666666667,-12.325000000000001,-10.2125,0.163,0.209,0.243,0.252
2022-01-19,q,-23.3,45.875,-31.754166666666666,-28.983333333333334,1014.8458333333333,975.0041666666666,0.0,63.666666666666664,70.375,0.25,0.0,0.0,0.0,0.0,0.0,11.512500000000001,14.033333333333333,46.0,28.125,17.087500000000002,0.0,0.050416666666666665,-14.525,-13.920833333333334,-12.454166666666666,-10.3,0.163,0.209,0.243,0.252
2022-01-20,q,-20.979166666666668,48.875,-28.945833333333336,-24.72083333333333,996.5208333333334,957.9041666666667,0.0,79.16666666666667,72.75,23.333333333333332,40.5,0.0,0.0,0.0,0.0,5.575,5.4125000000000005,79.875,38.166666666666664,10.987499999999999,0.0,0.05958333333333333,-14.729166666666666,-14.133333333333333,-12.612499999999999,-10.370833333333334,0.163,0.209,0.243,0.252
2022-01-21,q,-14.025,59.833333333333336,-20.170833333333334,-18.733333333333334,982.2333333333332,945.1333333333333,0.04083333333333334,89.41666666666667,28.541666666666668,99.29166666666667,69.95833333333333,0.0,0.0,0.0,0.0,12.549999999999999,17.408333333333335,146.58333333333334,127.75,20.033333333333335,0.005416666666666667,0.08625,-14.504166666666668,-14.133333333333333,-12.754166666666668,-10.433333333333334,0.163,0.209,0.243,0.252
2022-01-22,q,-19.645833333333332,58.625,-25.77916666666667,-21.400000000000002,997.85,959.6750000000001,0.037916666666666675,99.125,50.291666666666664,99.58333333333333,97.625,0.0,0.0,0.0,0.0,6.1375,8.033333333333333,93.5,235.91666666666666,12.033333333333333,0.00375,0.05375,-14.149999999999999,-13.883333333333333,-12.800000000000002,-10.504166666666666,0.163,0.209,0.243,0.252
2022-01-23,q,-22.420833333333334,53.25,-29.40833333333333,-25.245833333333334,1006.6791666666667,967.6333333333333,0.002916666666666667,81.95833333333333,49.875,40.083333333333336,90.625,0.0,0.0,0.0,0.0,7.4875,9.129166666666666,42.333333333333336,44.375,12.279166666666667,0.0020833333333333333,0.04833333333333334,-14.075000000000001,-13.800000000000002,-12.862499999999999,-10.6,0.163,0.209,0.243,0.252
2022-01-24,q,-20.995833333333334,48.416666666666664,-29.041666666666668,-24.604166666666668,1013.0416666666666,973.8208333333333,0.0,98.125,68.20833333333333,95.08333333333333,78.625,0.0,0.0,0.0,0.0,6.2250000000000005,7.416666666666667,43.5,19.375,9.754166666666666,0.0,0.059166666666666666,-14.199999999999998,-13.870833333333335,-12.9,-10.666666666666666,0.163,0.209,0.243,0.252
2022-01-25,q,-21.525000000000002,47.708333333333336,-29.71666666666667,-25.854166666666668,1007.0583333333334,967.8958333333334,0.0,43.916666666666664,42.875,8.458333333333334,0.5833333333333334,0.0,0.0,0.0,0.0,6.808333333333334,8.916666666666666,67.95833333333333,39.041666666666664,11.591666666666667,0.0008333333333333334,0.05708333333333334,-14.333333333333334,-13.933333333333332,-12.9,-10.725,0.163,0.209,0.243,0.252
2022-01-26,q,-21.495833333333334,42.666666666666664,-30.929166666666664,-27.4875,1012.2333333333332,972.7166666666667,0.0,26.041666666666668,15.166666666666666,5.041666666666667,31.125,0.0,0.0,0.0,0.0,11.058333333333332,12.875,52.416666666666664,26.0,17.075,0.005416666666666667,0.0625,-14.587499999999999,-14.120833333333332,-12.987499999999999,-10.800000000000002,0.163,0.209,0.243,0.252
2022-01-27,q,-21.875,47.0,-30.204166666666666,-27.629166666666666,1009.5041666666666,970.0833333333334,0.0,45.708333333333336,42.541666666666664,11.333333333333334,2.0416666666666665,0.0,0.0,0.0,0.0,11.045833333333334,12.7875,51.0,22.75,15.924999999999999,0.0020833333333333333,0.05666666666666667,-14.770833333333334,-14.287500000000001,-13.0625,-10.887500000000001,0.163,0.209,0.243,0.252
2022-01-28,q,-22.325,46.125,-30.95,-27.833333333333332,1005.0,965.8000000000001,0.0,28.208333333333332,26.041666666666668,7.791666666666667,0.0,0.0,0.0,0.0,0.0,14.608333333333334,18.1375,47.333333333333336,24.625,21.037499999999998,0.0062499999999999995,0.05625,-14.9375,-14.441666666666668,-13.158333333333333,-10.945833333333333,0.163,0.209,0.243,0.252
2022-01-29,q,-22.787499999999998,44.125,-31.7375,-27.954166666666666,1003.0583333333334,963.8666666666667,0.0,58.625,37.958333333333336,46.916666666666664,26.416666666666668,0.0,0.0,0.0,0.0,12.866666666666667,15.370833333333332,54.416666666666664,32.625,18.804166666666667,0.004166666666666667,0.05625,-15.045833333333334,-14.554166666666667,-13.262500000000001,-11.008333333333333,0.163,0.209,0.243,0.252
2022-01-30,q,-20.391666666666666,49.25,-28.40833333333333,-25.058333333333334,1007.6083333333332,968.65,0.005833333333333334,95.58333333333333,34.666666666666664,97.875,89.20833333333333,0.0,0.0,0.0,0.0,11.708333333333334,13.329166666666666,52.458333333333336,57.916666666666664,18.412499999999998,0.005416666666666667,0.06125,-15.049999999999999,-14.6,-13.366666666666667,-11.1,0.163,0.209,0.243,0.252
2022-01-31,q,-23.195833333333336,45.041666666666664,-31.8625,-27.204166666666666,1011.3208333333333,971.975,0.0,65.20833333333333,3.7083333333333335,78.83333333333333,48.625,0.0,0.0,0.0,0.0,14.466666666666667,18.358333333333334,42.791666666666664,27.041666666666668,22.204166666666666,0.008333333333333333,0.052083333333333336,-15.0,-14.6,-13.445833333333333,-11.174999999999999,0.163,0.209,0.243,0.252
2022-02-01,q,-27.308333333333334,43.666666666666664,-36.166666666666664,-30.47083333333333,1005.0375,965.4625,0.0,36.625,12.791666666666666,42.0,0.0,0.0,0.0,0.0,0.0,16.150000000000002,19.837500000000002,27.666666666666668,58.458333333333336,24.96666666666667,0.01,0.03791666666666667,-15.2125,-14.716666666666667,-13.512500000000001,-11.237499999999999,0.163,0.209,0.243,0.252
2022-02-02,q,-28.9375,48.25,-36.49583333333333,-31.6125,1019.0625,978.6208333333334,0.0,79.41666666666667,58.25,52.0,0.5,0.0,0.0,0.0,0.0,10.025,14.799999999999999,258.5833333333333,128.58333333333334,19.966666666666665,0.002916666666666667,0.028749999999999998,-15.4,-14.887500000000001,-13.604166666666666,-11.300000000000002,0.163,0.209,0.243,0.252
2022-02-03,q,-24.849999999999998,48.458333333333336,-32.62916666666667,-28.054166666666664,1014.7791666666667,975.1166666666667,0.0,85.54166666666667,38.083333333333336,88.08333333333333,64.41666666666667,0.0,0.0,0.0,0.0,12.479166666666666,18.941666666666666,134.54166666666666,37.958333333333336,23.179166666666664,0.005416666666666667,0.0425,-15.5,-15.0,-13.708333333333334,-11.4,0.163,0.209,0.243,0.252
2022-02-04,q,-21.933333333333334,40.5,-31.808333333333334,-26.316666666666666,999.0375,960.1333333333333,0.0,93.20833333333333,56.208333333333336,62.875,88.33333333333333,0.0,0.0,0.0,0.0,7.166666666666667,8.595833333333333,64.125,35.291666666666664,12.541666666666666,0.0020833333333333333,0.06291666666666666,-15.533333333333333,-15.066666666666668,-13.800000000000002,-11.470833333333333,0.163,0.209,0.243,0.252
2022-02-05,q,-19.458333333333332,47.291666666666664,-27.991666666666664,-26.016666666666666,999.2541666666666,960.5208333333334,0.0,67.20833333333333,9.958333333333334,72.95833333333333,50.333333333333336,0.0,0.0,0.0,0.0,13.924999999999999,16.920833333333334,46.166666666666664,24.833333333333332,21.125,0.0075,0.07041666666666667,-15.541666666666666,-15.1,-13.895833333333334,-11.5375,0.163,0.209,0.243,0.252
2022-02-06,q,-20.533333333333335,47.875,-28.775000000000002,-25.366666666666664,1009.5833333333334,970.5166666666668,0.0,56.875,29.666666666666668,42.875,30.083333333333332,0.0,0.0,0.0,0.0,12.125,14.674999999999999,46.75,27.041666666666668,18.841666666666665,0.0075,0.06166666666666667,-15.429166666666667,-15.1,-13.9625,-11.608333333333333,0.163,0.209,0.243,0.252
2022-02-07,q,-18.25,36.666666666666664,-29.508333333333336,-25.15833333333333,996.6,958.0416666666666,0.0,36.75,17.958333333333332,27.458333333333332,40.0,0.0,0.0,0.0,0.0,10.895833333333334,14.125,59.666666666666664,37.125,17.308333333333334,0.008333333333333333,0.09291666666666666,-15.5625,-15.137500000000001,-14.0,-11.699999999999998,0.163,0.209,0.243,0.252
2022-02-08,q,-21.587500000000002,46.708333333333336,-30.21666666666667,-25.920833333333334,999.0375,960.3791666666666,0.0,55.875,17.375,39.416666666666664,76.70833333333333,0.0,0.0,0.0,0.0,15.775,20.366666666666667,52.458333333333336,199.54166666666666,24.191666666666666,0.008749999999999999,0.06208333333333333,-15.695833333333333,-15.245833333333332,-14.083333333333334,-11.775,0.163,0.209,0.243,0.252
2022-02-09,q,-24.895833333333332,53.833333333333336,-31.587500000000002,-27.40833333333333,1016.1125000000001,976.35,0.0,91.0,58.291666666666664,61.958333333333336,28.708333333333332,0.0,0.0,0.0,0.0,6.833333333333333,7.0625,63.208333333333336,74.625,10.929166666666667,0.0,0.03625,-15.679166666666667,-15.300000000000002,-14.137500000000001,-11.841666666666667,0.163,0.209,0.243,0.252
2022-02-10,q,-26.183333333333334,46.333333333333336,-34.395833333333336,-30.7375,1008.2375000000001,968.3125,0.0,72.20833333333333,69.91666666666667,8.375,20.416666666666668,0.0,0.0,0.0,0.0,7.804166666666667,10.133333333333333,59.625,35.375,12.558333333333332,0.0,0.03875,-15.916666666666666,-15.412500000000001,-14.199999999999998,-11.904166666666667,0.163,0.209,0.243,0.252
2022-02-11,q,-26.933333333333334,46.083333333333336,-35.06666666666667,-32.3375,1015.9375,975.5500000000001,0.0,55.708333333333336,57.458333333333336,8.333333333333334,0.0,0.0,0.0,0.0,0.0,11.450000000000001,14.270833333333334,46.666666666666664,26.583333333333332,17.8,0.0,0.035833333333333335,-16.212500000000002,-15.654166666666667,-14.308333333333335,-12.0,0.163,0.209,0.243,0.252
2022-02-12,q,-28.400000000000002,44.625,-36.75833333333333,-32.42916666666667,1005.2541666666666,965.1583333333333,0.0,66.0,73.0,0.0,0.0,0.0,0.0,0.0,0.0,6.625,7.608333333333333,63.25,27.75,10.845833333333333,0.0,0.03,-16.508333333333333,-15.895833333333334,-14.433333333333332,-12.075000000000001,0.163,0.209,0.243,0.252
2022-02-13,q,-24.579166666666666,44.75,-33.199999999999996,-30.320833333333336,998.1625,958.7541666666666,0.00875,77.33333333333333,57.166666666666664,45.208333333333336,26.041666666666668,0.0,0.0,0.0,0.0,10.579166666666667,13.054166666666667,66.04166666666667,38.625,15.770833333333334,0.0,0.04708333333333334,-16.758333333333333,-16.141666666666666,-14.5625,-12.145833333333334,0.163,0.209,0.243,0.252
2022-02-14,q,-20.3125,52.916666666666664,-27.491666666666664,-26.045833333333334,992.3708333333334,953.775,0.0,96.75,57.208333333333336,80.375,74.70833333333333,0.0,0.0,0.0,0.0,7.970833333333332,9.083333333333334,69.20833333333333,44.166666666666664,14.258333333333333,0.0,0.0575,-16.608333333333334,-16.150000000000002,-14.712499999999999,-12.220833333333333,0.163,0.209,0.243,0.252
2022-02-15,q,-20.724999999999998,64.125,-25.829166666666666,-24.291666666666668,993.6374999999999,955.2125,0.037916666666666675,93.79166666666667,69.45833333333333,72.83333333333333,23.458333333333332,0.0,0.0,0.0,0.0,6.708333333333333,7.1875,129.75,175.58333333333334,12.254166666666668,0.0,0.043750000000000004,-16.391666666666666,-16.045833333333334,-14.800000000000002,-12.300000000000002,0.163,0.209,0.243,0.252
2022-02-16,q,-24.0125,58.458333333333336,-29.945833333333336,-27.270833333333332,992.525,953.7041666666668,0.0,84.95833333333333,70.04166666666667,27.75,43.125,0.0,0.0,0.0,0.0,5.733333333333333,5.558333333333334,138.375,143.0,12.6625,0.0,0.03666666666666667,-16.3,-15.904166666666667,-14.850000000000001,-12.395833333333334,0.163,0.209,0.243,0.252
2022-02-17,q,-24.116666666666664,72.625,-27.666666666666668,-26.9375,1000.5166666666668,961.475,0.0,99.08333333333333,74.91666666666667,84.20833333333333,72.95833333333333,0.16666666666666666,0.0,0.16666666666666666,0.0,7.891666666666667,8.3125,186.625,192.375,16.025000000000002,0.0004166666666666667,0.024583333333333332,-16.3,-15.9,-14.9,-12.470833333333333,0.163,0.209,0.243,0.252
2022-02-18,q,-18.283333333333335,53.5,-25.633333333333336,-24.7625,1004.5583333333334,965.6750000000001,0.0,54.708333333333336,47.166666666666664,7.666666666666667,33.75,0.5,0.125,0.375,0.3875,8.0625,10.525,112.54166666666667,91.95833333333333,15.262500000000001,0.0025,0.07208333333333333,-16.3,-15.9,-14.9,-12.541666666666666,0.163,0.209,0.243,0.252
2022-02-19,q,-17.5125,40.833333333333336,-27.741666666666664,-25.587500000000002,1000.875,962.1125000000001,0.0,21.916666666666668,22.125,0.3333333333333333,5.5,1.0,0.375,0.625,2.65,12.154166666666667,16.020833333333332,53.125,26.208333333333332,18.116666666666667,0.008333333333333333,0.09083333333333334,-16.354166666666668,-15.995833333333332,-14.933333333333332,-12.608333333333333,0.163,0.209,0.243,0.252
2022-02-20,q,-21.029166666666665,41.041666666666664,-30.849999999999998,-27.745833333333334,998.9875000000001,960.0083333333333,0.0,52.0,55.291666666666664,2.3333333333333335,2.5833333333333335,1.5416666666666667,0.625,0.9166666666666666,5.266666666666667,13.691666666666668,13.470833333333333,60.208333333333336,27.375,19.479166666666668,0.004583333333333333,0.06708333333333334,-16.45,-16.05,-15.0,-12.699999999999998,0.163,0.209,0.243,0.252
2022-02-21,q,-20.037499999999998,49.958333333333336,-28.058333333333334,-24.108333333333334,1009.025,970.0666666666666,0.0,68.625,44.458333333333336,16.833333333333332,64.08333333333333,2.0,0.6666666666666666,1.3333333333333333,4.754166666666666,7.695833333333333,6.945833333333333,100.58333333333333,111.95833333333333,12.904166666666667,0.002916666666666667,0.065,-16.533333333333335,-16.133333333333336,-15.033333333333333,-12.775,0.163,0.209,0.243,0.252
2022-02-22,q,-21.070833333333333,44.791666666666664,-30.079166666666666,-25.90833333333333,1003.8041666666667,964.8958333333334,0.0,18.625,20.166666666666668,0.7083333333333334,0.0,2.9166666666666665,1.3333333333333333,1.5833333333333333,13.7875,12.845833333333333,19.708333333333332,81.125,66.70833333333333,20.729166666666668,0.0075,0.06291666666666666,-16.666666666666668,-16.229166666666668,-15.1,-12.841666666666667,0.163,0.209,0.243,0.252
2022-02-23,q,-23.679166666666664,48.083333333333336,-31.6875,-26.858333333333334,1006.0333333333333,966.8249999999999,0.0,49.375,54.625,0.0,0.0,3.7916666666666665,1.9583333333333333,1.8333333333333333,20.724999999999998,9.679166666666667,12.891666666666666,57.583333333333336,37.75,16.3625,0.0033333333333333335,0.048749999999999995,-16.8625,-16.379166666666666,-15.174999999999999,-12.904166666666667,0.163,0.209,0.243,0.252
2022-02-24,q,-26.037499999999998,50.0,-33.40833333333333,-28.22083333333333,1015.9916666666667,976.1458333333334,0.0,85.08333333333333,72.91666666666667,14.291666666666666,58.75,4.666666666666667,2.2083333333333335,2.4583333333333335,23.224999999999998,7.179166666666667,8.145833333333334,41.0,14.833333333333334,11.908333333333333,0.0,0.037083333333333336,-17.008333333333333,-16.529166666666665,-15.262500000000001,-13.0,0.163,0.209,0.243,0.252
2022-02-25,q,-23.09583333333333,45.5,-31.670833333333334,-26.8,1007.1791666666667,967.8208333333333,0.0,88.125,63.916666666666664,10.208333333333334,92.20833333333333,5.375,2.0833333333333335,3.2916666666666665,21.816666666666666,4.425,6.45,48.666666666666664,127.79166666666667,13.25,0.0,0.05291666666666667,-17.1,-16.625,-15.358333333333334,-13.070833333333333,0.163,0.209,0.243,0.252
2022-02-26,q,-19.804166666666667,47.083333333333336,-28.291666666666668,-22.945833333333336,992.8291666666668,954.6708333333332,0.0,46.041666666666664,48.666666666666664,0.5833333333333334,5.833333333333333,6.416666666666667,3.0416666666666665,3.375,28.28333333333333,8.1875,14.895833333333334,72.20833333333333,61.875,15.5375,0.0025,0.06666666666666667,-17.1,-16.7,-15.445833333333333,-13.137500000000001,0.163,0.209,0.243,0.252
2022-02-27,q,-19.5,39.083333333333336,-30.03333333333333,-25.34583333333333,989.1791666666667,950.9166666666666,0.0,4.75,5.25,0.0,0.0,7.833333333333333,4.333333333333333,3.5,49.69583333333333,12.879166666666668,17.066666666666666,62.083333333333336,45.25,19.508333333333333,0.009166666666666667,0.08041666666666666,-17.179166666666667,-16.729166666666668,-15.520833333333334,-13.204166666666666,0.163,0.209,0.243,0.252
2022-02-28,q,-19.3125,38.916666666666664,-29.879166666666666,-25.02916666666667,1006.4666666666667,967.5541666666667,0.0,24.208333333333332,26.833333333333332,0.0,0.0,9.416666666666666,5.458333333333333,3.9583333333333335,60.59583333333333,11.183333333333332,13.375,53.208333333333336,26.75,17.75,0.007916666666666667,0.08208333333333334,-17.2,-16.8,-15.6,-13.300000000000002,0.163,0.209,0.243,0.252
2022-03-01,q,-19.395833333333332,41.166666666666664,-29.416666666666668,-23.27916666666667,1007.9041666666667,969.1,0.0,26.208333333333332,11.5,11.791666666666666,29.083333333333332,10.916666666666666,6.375,4.541666666666667,69.84166666666667,7.908333333333334,11.983333333333334,43.958333333333336,33.458333333333336,17.1875,0.004583333333333333,0.08208333333333333,-17.2,-16.8,-15.683333333333332,-13.366666666666667,0.163,0.209,0.243,0.252
2022-03-02,q,-15.941666666666668,40.583333333333336,-26.329166666666666,-20.379166666666666,1008.6833333333334,970.375,0.0,3.0,3.2916666666666665,0.0,0.0,12.208333333333334,7.541666666666667,4.666666666666667,82.16666666666667,12.554166666666667,20.2,60.625,50.333333333333336,20.295833333333334,0.014166666666666668,0.10416666666666667,-17.2,-16.8,-15.699999999999998,-13.433333333333332,0.163,0.209,0.243,0.252
2022-03-03,q,-14.991666666666667,46.833333333333336,-23.920833333333334,-18.525000000000002,1001.8333333333334,963.9708333333333,0.0,17.541666666666668,19.458333333333332,0.0,0.0,13.583333333333334,8.541666666666666,5.041666666666667,89.85833333333333,8.858333333333333,15.3125,71.45833333333333,57.75,16.4375,0.006666666666666667,0.10208333333333335,-17.154166666666665,-16.8,-15.791666666666666,-13.5,0.163,0.209,0.243,0.252
2022-03-04,q,-13.766666666666666,48.416666666666664,-22.416666666666668,-18.275000000000002,1005.8708333333334,967.8874999999999,0.0,48.833333333333336,18.291666666666668,32.458333333333336,56.833333333333336,13.541666666666666,6.625,6.916666666666667,69.76666666666667,9.045833333333333,11.383333333333333,54.625,26.041666666666668,13.5375,0.0075,0.11208333333333333,-17.129166666666666,-16.8,-15.800000000000002,-13.6,0.163,0.209,0.243,0.252
2022-03-05,q,-17.345833333333335,54.458333333333336,-24.354166666666668,-20.675,1005.7083333333334,967.3874999999999,0.0,62.333333333333336,58.458333333333336,17.083333333333332,0.25,15.083333333333334,7.5,7.583333333333333,65.94166666666666,9.783333333333333,10.283333333333333,65.45833333333333,37.208333333333336,13.366666666666667,0.0025,0.07208333333333333,-17.004166666666666,-16.724999999999998,-15.800000000000002,-13.658333333333333,0.163,0.209,0.243,0.252
2022-03-06,q,-16.775,52.916666666666664,-24.15833333333333,-20.620833333333334,992.4083333333333,954.5291666666667,0.0,52.583333333333336,57.958333333333336,0.3333333333333333,0.0,18.375,10.958333333333334,7.416666666666667,107.14999999999999,6.208333333333333,6.508333333333333,66.08333333333333,44.916666666666664,11.424999999999999,0.0025,0.07791666666666668,-17.0,-16.7,-15.8375,-13.716666666666667,0.163,0.209,0.243,0.252
2022-03-07,q,-15.383333333333333,47.416666666666664,-24.141666666666666,-21.308333333333334,989.3125,951.6374999999999,0.0,41.625,10.125,43.625,20.833333333333332,20.083333333333332,12.041666666666666,8.041666666666666,111.64166666666667,13.929166666666667,18.349999999999998,43.458333333333336,26.916666666666668,20.520833333333332,0.009583333333333334,0.09999999999999999,-17.0,-16.7,-15.9,-13.800000000000002,0.163,0.209,0.243,0.252
2022-03-08,q,-18.883333333333333,55.291666666666664,-25.629166666666666,-21.420833333333334,1003.7624999999999,965.4458333333333,0.0,64.29166666666667,34.833333333333336,66.45833333333333,35.833333333333336,18.208333333333332,7.208333333333333,11.0,66.97916666666667,10.65,13.583333333333334,37.75,20.166666666666668,16.829166666666666,0.007083333333333334,0.06208333333333333,-16.9625,-16.7,-15.9,-13.866666666666667,0.163,0.209,0.243,0.252
2022-03-09,q,-17.441666666666666,41.958333333333336,-27.391666666666666,-22.849999999999998,1004.1166666666667,965.6583333333333,0.0,43.416666666666664,6.0,46.791666666666664,39.291666666666664,20.541666666666668,8.0,12.541666666666666,61.979166666666664,13.7125,19.004166666666666,54.0,38.416666666666664,21.90416666666667,0.011666666666666667,0.09000000000000001,-16.9375,-16.7,-15.9,-13.908333333333333,0.163,0.209,0.243,0.252
2022-03-10,q,-17.695833333333333,38.583333333333336,-28.5125,-24.016666666666666,991.5875,953.4041666666667,0.0,13.125,0.0,8.375,27.083333333333332,26.875,15.0,11.875,130.67916666666667,11.991666666666667,15.758333333333333,45.416666666666664,25.0,19.158333333333335,0.011666666666666667,0.09416666666666668,-17.095833333333335,-16.75,-15.9,-14.0,0.163,0.209,0.243,0.252
2022-03-11,q,-17.291666666666668,50.041666666666664,-25.308333333333334,-20.254166666666666,997.7624999999999,959.725,0.0,81.29166666666667,53.458333333333336,59.25,16.708333333333332,25.083333333333332,9.916666666666666,15.166666666666666,70.98333333333333,5.0249999999999995,5.95,55.625,26.75,9.179166666666667,0.002916666666666667,0.08041666666666668,-17.2,-16.841666666666665,-15.950000000000001,-14.049999999999999,0.163,0.209,0.243,0.252
2022-03-12,q,-19.525000000000002,54.416666666666664,-26.425,-22.054166666666664,997.5208333333334,959.2041666666668,0.0,63.291666666666664,66.20833333333333,5.166666666666667,1.8333333333333333,29.125,18.166666666666668,10.958333333333334,135.125,3.7375000000000003,2.5208333333333335,100.20833333333333,102.45833333333333,8.095833333333333,0.002916666666666667,0.06041666666666667,-17.233333333333334,-16.9,-16.0,-14.1,0.163,0.209,0.243,0.252
2022-03-13,q,-18.0,57.541666666666664,-24.441666666666666,-22.775000000000002,994.1666666666666,955.8874999999999,0.0,76.125,64.375,31.708333333333332,52.25,29.25,12.75,16.5,98.57083333333334,4.095833333333333,4.316666666666666,164.125,204.79166666666666,10.804166666666667,0.002916666666666667,0.06166666666666667,-17.3,-16.979166666666668,-16.029166666666665,-14.1875,0.163,0.209,0.243,0.252
2022-03-14,q,-18.462500000000002,68.375,-22.90833333333333,-21.96666666666667,979.6916666666666,942.0833333333334,0.0525,92.625,81.20833333333333,77.0,54.083333333333336,26.458333333333332,8.916666666666666,17.541666666666668,57.166666666666664,4.175,4.575,134.70833333333334,135.58333333333334,8.870833333333334,0.00375,0.04666666666666667,-17.1625,-16.941666666666666,-16.1,-14.220833333333333,0.163,0.209,0.243,0.252
2022-03-15,q,-15.495833333333335,54.083333333333336,-22.795833333333334,-20.670833333333334,961.2291666666666,924.6374999999999,0.005833333333333334,71.125,39.75,47.083333333333336,24.291666666666668,33.291666666666664,17.875,15.416666666666666,125.425,10.65,13.9125,63.041666666666664,105.79166666666667,18.329166666666666,0.009166666666666667,0.08791666666666666,-17.008333333333333,-16.808333333333334,-16.1,-14.300000000000002,0.163,0.209,0.243,0.252
2022-03-16,q,-20.599999999999998,53.583333333333336,-27.616666666666664,-23.820833333333336,982.7416666666667,944.9250000000001,0.0,96.95833333333333,30.666666666666668,97.0,54.208333333333336,30.041666666666668,3.5,26.541666666666668,21.241666666666664,11.8375,14.095833333333333,38.958333333333336,210.29166666666666,19.458333333333332,0.012083333333333333,0.05666666666666667,-16.904166666666665,-16.724999999999998,-16.1,-14.350000000000001,0.163,0.209,0.243,0.252
2022-03-17,q,-24.741666666666664,60.958333333333336,-30.116666666666664,-26.666666666666668,993.9666666666667,955.2333333333332,0.0,96.125,73.79166666666667,81.66666666666667,0.0,36.625,11.166666666666666,25.458333333333332,69.89999999999999,8.975,11.454166666666666,210.875,334.0,14.666666666666666,0.00375,0.03291666666666667,-16.9375,-16.7,-16.1,-14.4,0.163,0.209,0.243,0.252
2022-03-18,q,-24.008333333333336,57.041666666666664,-30.15833333333333,-26.59166666666667,1002.5041666666666,963.5041666666666,0.0,78.91666666666667,32.0,92.91666666666667,34.416666666666664,37.583333333333336,10.0,27.583333333333332,60.512499999999996,11.200000000000001,14.370833333333332,25.25,208.375,17.0125,0.006666666666666667,0.03833333333333334,-17.025000000000002,-16.791666666666668,-16.1,-14.466666666666667,0.163,0.209,0.243,0.252
2022-03-19,q,-23.3,58.833333333333336,-29.1375,-25.583333333333332,1007.4666666666667,968.3291666666668,0.0,100.0,73.91666666666667,99.75,96.33333333333333,37.958333333333336,4.458333333333333,33.5,27.004166666666666,7.1000000000000005,8.658333333333333,14.083333333333334,309.8333333333333,11.325000000000001,0.00375,0.04041666666666666,-17.066666666666666,-16.8,-16.1,-14.5,0.163,0.209,0.243,0.252
2022-03-20,q,-22.541666666666668,61.041666666666664,-28.0125,-25.204166666666666,1017.6541666666667,978.25,0.0,100.0,69.16666666666667,97.625,21.291666666666668,37.041666666666664,3.0833333333333335,33.958333333333336,19.05,10.424999999999999,13.137500000000001,35.5,352.75,16.329166666666666,0.005833333333333334,0.04041666666666666,-17.0,-16.8,-16.1,-14.579166666666666,0.163,0.209,0.243,0.252
2022-03-21,q,-20.791666666666668,56.041666666666664,-27.28333333333333,-24.575,1026.9125000000001,987.3291666666668,0.0,100.0,60.75,99.79166666666667,74.0,40.541666666666664,1.8333333333333333,38.708333333333336,9.883333333333333,13.6,16.037499999999998,12.541666666666666,197.95833333333334,21.59583333333333,0.012916666666666667,0.0525,-16.912499999999998,-16.7375,-16.108333333333334,-14.6,0.163,0.209,0.243,0.252
2022-03-22,q,-19.333333333333332,48.083333333333336,-27.625,-23.420833333333334,1027.975,988.4333333333334,0.0,98.58333333333333,23.833333333333332,99.66666666666667,89.0,43.0,3.4166666666666665,39.583333333333336,16.104166666666668,9.345833333333333,11.075000000000001,45.25,28.583333333333332,13.829166666666666,0.009166666666666667,0.06875,-16.8125,-16.7,-16.104166666666668,-14.674999999999999,0.163,0.209,0.243,0.252
2022-03-23,q,-20.7625,56.875,-27.104166666666668,-23.879166666666666,1027.4624999999999,987.775,0.0,100.0,75.125,99.0,8.75,46.5,5.5,41.0,27.854166666666668,5.566666666666666,5.970833333333334,63.833333333333336,79.33333333333333,9.583333333333334,0.0062499999999999995,0.050833333333333335,-16.8,-16.620833333333334,-16.1,-14.699999999999998,0.163,0.209,0.243,0.252
2022-03-24,q,-23.045833333333334,49.166666666666664,-30.84583333333333,-27.320833333333336,1030.5875,990.3916666666668,0.0,43.458333333333336,9.25,55.958333333333336,6.916666666666667,62.125,31.291666666666668,30.833333333333332,163.70416666666668,11.741666666666667,14.766666666666666,41.875,27.916666666666668,18.879166666666666,0.012499999999999999,0.04708333333333334,-16.870833333333334,-16.658333333333335,-16.1,-14.766666666666666,0.163,0.209,0.243,0.252
2022-03-25,q,-21.833333333333332,44.583333333333336,-30.695833333333336,-26.370833333333334,1019.5625,979.8458333333333,0.0,59.666666666666664,46.958333333333336,22.083333333333332,24.0,74.04166666666667,51.666666666666664,22.375,276.64166666666665,7.041666666666667,8.458333333333334,66.54166666666667,37.0,9.858333333333333,0.007083333333333334,0.057916666666666665,-17.095833333333335,-16.804166666666667,-16.154166666666665,-14.800000000000002,0.163,0.209,0.243,0.252
2022-03-26,q,-17.608333333333334,56.833333333333336,-24.15416666666667,-22.483333333333334,1016.7291666666666,977.7916666666666,0.0,87.41666666666667,38.583333333333336,93.29166666666667,30.458333333333332,58.5,23.583333333333332,34.916666666666664,113.89583333333333,11.8125,14.741666666666667,38.166666666666664,33.166666666666664,17.695833333333333,0.012083333333333335,0.0675,-17.116666666666667,-16.9,-16.2,-14.8375,0.163,0.209,0.243,0.252
2022-03-27,q,-18.662499999999998,55.666666666666664,-25.379166666666666,-23.837500000000002,1024.4750000000001,985.0375,0.0,79.625,40.708333333333336,84.625,0.3333333333333333,60.958333333333336,21.333333333333332,39.625,104.99583333333334,11.362499999999999,13.733333333333334,48.083333333333336,29.541666666666668,16.866666666666667,0.011666666666666667,0.0625,-16.979166666666668,-16.804166666666667,-16.2,-14.9,0.163,0.209,0.243,0.252
2022-03-28,q,-11.995833333333332,65.625,-17.154166666666665,-17.154166666666665,1019.4541666666668,981.0708333333333,0.07875,97.375,72.41666666666667,75.375,23.625,58.041666666666664,11.25,46.791666666666664,52.87083333333334,7.995833333333334,9.220833333333333,90.29166666666667,80.58333333333333,11.954166666666666,0.009583333333333334,0.085,-16.783333333333335,-16.704166666666666,-16.2,-14.908333333333333,0.163,0.209,0.243,0.252
2022-03-29,q,-10.654166666666667,76.375,-14.008333333333333,-15.479166666666666,1022.9666666666667,984.65,0.105,99.95833333333333,61.541666666666664,94.54166666666667,81.5,56.625,6.166666666666667,50.458333333333336,27.045833333333334,6.3374999999999995,6.591666666666666,115.5,106.79166666666667,8.854166666666666,0.01,0.06416666666666666,-16.516666666666666,-16.508333333333333,-16.2,-15.0,0.163,0.209,0.243,0.252
2022-03-30,q,-8.808333333333334,73.04166666666667,-12.766666666666666,-13.179166666666667,1022.6916666666666,984.7416666666667,0.0,99.16666666666667,52.0,86.75,84.5,61.083333333333336,10.083333333333334,51.0,47.8375,9.191666666666666,10.145833333333334,66.0,33.958333333333336,12.295833333333334,0.01375,0.08541666666666665,-16.270833333333332,-16.304166666666667,-16.166666666666668,-15.0,0.163,0.209,0.243,0.252
2022-03-31,q,-9.283333333333333,63.875,-14.908333333333333,-13.716666666666667,1017.8208333333333,979.9958333333334,0.0,23.125,13.791666666666666,11.208333333333334,13.166666666666666,86.04166666666667,50.458333333333336,35.583333333333336,233.02916666666667,8.904166666666667,9.558333333333334,73.0,36.916666666666664,12.745833333333332,0.017083333333333336,0.10958333333333332,-16.145833333333332,-16.145833333333332,-16.1,-15.045833333333334,0.163,0.209,0.243,0.252
2022-04-01,q,-5.204166666666667,72.08333333333333,-9.487499999999999,-10.325000000000001,1013.9625,976.6833333333334,0.07875,91.95833333333333,64.875,92.20833333333333,40.583333333333336,70.375,27.125,43.25,112.76666666666667,7.966666666666666,10.658333333333333,62.666666666666664,48.916666666666664,13.575000000000001,0.01625,0.11666666666666665,-16.041666666666668,-16.070833333333336,-16.0,-15.1,0.163,0.209,0.243,0.252
2022-04-02,q,-7.708333333333333,87.08333333333333,-9.504166666666666,-11.637500000000001,1018.3583333333332,980.6791666666667,0.04083333333333334,99.95833333333333,70.70833333333333,98.16666666666667,67.75,65.75,14.041666666666666,51.708333333333336,49.975,4.895833333333333,4.045833333333333,138.33333333333334,136.66666666666666,9.816666666666666,0.01375,0.04541666666666667,-15.825000000000001,-15.920833333333334,-15.945833333333333,-15.1,0.163,0.209,0.243,0.252
2022-04-03,q,-9.954166666666667,69.95833333333333,-14.441666666666668,-13.754166666666668,1014.2375000000001,976.4458333333333,0.0,51.833333333333336,42.458333333333336,12.333333333333334,20.166666666666668,97.54166666666667,61.5,36.041666666666664,267.81666666666666,5.7,4.8875,85.0,55.583333333333336,8.325000000000001,0.017083333333333336,0.08541666666666665,-15.825000000000001,-15.800000000000002,-15.870833333333335,-15.1,0.163,0.209,0.243,0.252
2022-04-04,q,-12.129166666666668,59.125,-18.495833333333334,-16.429166666666667,1015.9708333333333,977.8958333333334,0.0,37.041666666666664,0.625,27.125,67.20833333333333,92.125,44.0,48.125,193.34583333333333,11.3125,14.395833333333334,54.375,27.75,15.970833333333333,0.022500000000000003,0.09999999999999999,-15.933333333333332,-15.883333333333333,-15.800000000000002,-15.179166666666667,0.163,0.209,0.243,0.252
2022-04-05,q,-5.408333333333334,62.041666666666664,-11.558333333333332,-9.5375,1008.0666666666666,971.2333333333332,0.014583333333333335,81.125,22.958333333333332,76.79166666666667,52.833333333333336,78.08333333333333,24.0,54.083333333333336,82.31666666666666,14.0875,20.466666666666665,104.58333333333333,119.83333333333333,22.09583333333333,0.03416666666666667,0.155,-15.841666666666667,-15.866666666666667,-15.800000000000002,-15.199999999999998,0.163,0.209,0.243,0.252
2022-04-06,q,-9.012500000000001,79.58333333333333,-11.966666666666667,-12.095833333333333,1015.9541666666668,978.3083333333334,0.105,92.875,84.0,78.45833333333333,0.0,78.0,22.916666666666668,55.083333333333336,90.23333333333333,4.908333333333333,6.416666666666667,231.83333333333334,233.70833333333334,12.225,0.015833333333333335,0.06166666666666667,-15.616666666666667,-15.691666666666665,-15.720833333333333,-15.199999999999998,0.163,0.209,0.243,0.252
2022-04-07,q,-13.362499999999999,76.33333333333333,-16.75,-16.641666666666666,1020.7791666666667,982.3291666666668,0.002916666666666667,77.29166666666667,74.125,46.541666666666664,0.0,89.29166666666667,31.0,58.291666666666664,119.8875,3.3958333333333335,3.266666666666667,173.16666666666666,166.95833333333334,9.341666666666667,0.015,0.05458333333333334,-15.604166666666666,-15.6,-15.699999999999998,-15.199999999999998,0.163,0.209,0.243,0.252
2022-04-08,q,-16.429166666666667,65.54166666666667,-21.525000000000002,-19.516666666666666,1017.7916666666666,979.0541666666667,0.0,41.375,45.875,0.0,0.0,126.33333333333333,91.08333333333333,35.25,364.2291666666667,2.9333333333333336,3.7624999999999997,87.875,111.125,6.358333333333333,0.015833333333333335,0.0575,-15.829166666666666,-15.733333333333334,-15.608333333333333,-15.199999999999998,0.163,0.209,0.243,0.252
2022-04-09,q,-17.791666666666668,51.625,-25.391666666666666,-22.125,1018.4666666666667,979.4125,0.0,0.875,0.3333333333333333,0.9166666666666666,0.0,138.25,105.625,32.625,419.0,7.0249999999999995,8.970833333333333,52.666666666666664,25.625,10.525,0.0175,0.07333333333333333,-16.133333333333333,-15.9375,-15.641666666666666,-15.199999999999998,0.163,0.209,0.243,0.252
2022-04-10,q,-18.804166666666667,55.291666666666664,-25.5625,-22.145833333333332,1023.1999999999999,983.9708333333333,0.0,79.75,43.291666666666664,81.66666666666667,0.0,122.91666666666667,77.58333333333333,45.333333333333336,283.0541666666667,6.970833333333334,8.25,48.083333333333336,21.833333333333332,9.958333333333334,0.015833333333333335,0.0625,-16.333333333333332,-16.129166666666666,-15.699999999999998,-15.258333333333333,0.163,0.209,0.243,0.252
2022-04-11,q,-19.833333333333332,52.833333333333336,-27.041666666666668,-23.745833333333334,1022.8791666666666,983.4625,0.0,10.708333333333334,4.75,10.791666666666666,0.0,143.08333333333334,107.5,35.583333333333336,409.0125,8.979166666666666,11.045833333333334,51.416666666666664,30.416666666666668,13.325000000000001,0.017916666666666668,0.06083333333333333,-16.470833333333335,-16.2375,-15.762500000000001,-15.300000000000002,0.163,0.209,0.243,0.252
2022-04-12,q,-16.4375,58.833333333333336,-22.683333333333334,-20.195833333333333,1019.3625000000001,980.4875000000001,0.00875,88.20833333333333,70.66666666666667,89.54166666666667,0.0,126.20833333333333,61.041666666666664,65.16666666666667,215.46666666666667,4.641666666666667,4.170833333333333,95.91666666666667,77.25,7.608333333333333,0.01625,0.07041666666666667,-16.516666666666666,-16.354166666666668,-15.825000000000001,-15.300000000000002,0.163,0.209,0.243,0.252
2022-04-13,q,-15.933333333333335,77.79166666666667,-18.945833333333333,-19.158333333333335,1012.4458333333333,973.9875000000001,0.07,100.0,92.83333333333333,98.41666666666667,0.0,98.20833333333333,14.958333333333334,83.25,48.9625,4.304166666666666,4.291666666666667,144.66666666666666,157.20833333333334,10.758333333333333,0.015,0.04,-16.375,-16.283333333333335,-15.9,-15.300000000000002,0.163,0.209,0.243,0.252
2022-04-14,q,-18.595833333333335,68.45833333333333,-22.954166666666666,-20.808333333333334,1016.5791666666668,977.6625,0.04083333333333334,100.0,91.125,88.79166666666667,0.0,119.79166666666667,41.166666666666664,78.625,129.30833333333334,1.9749999999999999,2.6166666666666667,118.375,211.79166666666666,7.879166666666666,0.015833333333333335,0.04583333333333334,-16.254166666666666,-16.2,-15.9,-15.300000000000002,0.163,0.209,0.243,0.252
2022-04-15,q,-19.408333333333335,62.083333333333336,-24.879166666666666,-22.6875,1014.7583333333333,975.6999999999999,0.0,95.66666666666667,68.16666666666667,87.16666666666667,0.0,138.875,61.0,77.875,206.28333333333333,4.4125000000000005,4.925,83.25,70.79166666666667,9.058333333333334,0.015833333333333335,0.04958333333333333,-16.3,-16.2,-15.9,-15.300000000000002,0.163,0.209,0.243,0.252
2022-04-16,q,-21.075,56.208333333333336,-27.59583333333333,-24.670833333333334,1015.8208333333333,976.5083333333333,0.0175,100.0,86.45833333333333,96.0,0.0,138.16666666666666,47.791666666666664,90.375,145.7541666666667,7.25,9.245833333333334,201.25,228.08333333333334,14.929166666666667,0.017499999999999998,0.05125,-16.333333333333332,-16.204166666666666,-15.9,-15.4,0.163,0.209,0.243,0.252
2022-04-17,q,-22.791666666666668,54.291666666666664,-29.504166666666666,-27.020833333333332,1016.5083333333333,976.775,0.0,38.958333333333336,39.25,5.916666666666667,0.0,173.54166666666666,124.375,49.166666666666664,442.81666666666666,4.816666666666666,4.391666666666667,88.54166666666667,77.08333333333333,7.908333333333334,0.014583333333333332,0.045000000000000005,-16.504166666666666,-16.329166666666666,-15.983333333333334,-15.4,0.163,0.209,0.243,0.252
2022-04-18,q,-21.420833333333334,59.166666666666664,-27.34583333333333,-26.391666666666666,1014.9791666666666,975.4083333333333,0.0,59.083333333333336,65.41666666666667,0.20833333333333334,0.0,180.75,135.58333333333334,45.166666666666664,479.26666666666665,5.733333333333333,4.941666666666666,126.16666666666667,119.95833333333333,10.9375,0.015416666666666667,0.046250000000000006,-16.745833333333334,-16.5,-16.0,-15.4,0.163,0.209,0.243,0.252
2022-04-19,q,-17.554166666666667,57.375,-23.958333333333332,-22.079166666666666,1013.9708333333333,975.0541666666667,0.02041666666666667,91.83333333333333,67.875,86.25,1.2083333333333333,144.0,63.375,80.625,217.0,4.945833333333334,4.925,80.16666666666667,135.33333333333334,10.049999999999999,0.01625,0.06625,-16.783333333333335,-16.6,-16.083333333333332,-15.4,0.163,0.209,0.243,0.252
2022-04-20,q,-19.4375,52.125,-26.837500000000002,-23.429166666666664,1028.5416666666667,988.9583333333334,0.005833333333333334,96.75,57.125,97.83333333333333,0.0,142.04166666666666,41.458333333333336,100.58333333333333,125.57916666666667,8.216666666666667,9.720833333333333,144.41666666666666,164.58333333333334,14.9375,0.021666666666666667,0.06416666666666666,-16.675,-16.533333333333335,-16.1,-15.408333333333333,0.163,0.209,0.243,0.252
2022-04-21,q,-18.675,56.833333333333336,-25.208333333333332,-22.95,1028.2416666666666,988.7333333333332,0.0,77.33333333333333,39.958333333333336,69.375,0.0,169.83333333333334,87.5,82.33333333333333,272.90416666666664,8.9875,10.366666666666667,64.125,50.041666666666664,14.487499999999999,0.021666666666666667,0.06166666666666667,-16.6,-16.5,-16.166666666666668,-15.5,0.163,0.209,0.243,0.252
2022-04-22,q,-15.529166666666667,61.0,-21.420833333333334,-20.020833333333332,1014.9791666666666,976.3333333333334,0.002916666666666667,90.20833333333333,42.625,89.08333333333333,77.95833333333333,161.70833333333334,65.16666666666667,96.54166666666667,202.13750000000002,5.9375,6.2250000000000005,131.20833333333334,128.04166666666666,11.387500000000001,0.023333333333333334,0.0725,-16.6,-16.5,-16.2,-15.5,0.163,0.209,0.243,0.252
2022-04-24,q,-16.270833333333332,62.25,-21.858333333333334,-20.0,1036.3875,996.9375,0.0,37.0,29.166666666666668,9.875,15.791666666666666,199.16666666666666,135.20833333333334,63.958333333333336,451.6375,6.895833333333333,6.866666666666667,72.83333333333333,47.708333333333336,8.612499999999999,0.02666666666666667,0.06708333333333334,-16.42083333333333,-16.341666666666665,-16.2,-15.5,0.163,0.209,0.243,0.252
2022-04-25,q,-15.5375,58.541666666666664,-21.879166666666666,-20.025000000000002,1040.0541666666666,1000.5333333333333,0.0,2.3333333333333335,0.16666666666666666,1.375,4.416666666666667,213.41666666666666,161.33333333333334,52.083333333333336,540.9291666666667,9.016666666666667,9.170833333333333,63.625,35.125,11.133333333333333,0.030833333333333334,0.07708333333333334,-16.445833333333333,-16.4,-16.2,-15.541666666666666,0.163,0.209,0.243,0.252
2022-04-26,q,-13.25,57.875,-19.841666666666665,-17.412499999999998,1029.0375000000001,990.2916666666666,0.0,38.708333333333336,29.583333333333332,14.416666666666666,11.083333333333334,215.33333333333334,158.58333333333334,56.75,526.9416666666667,8.85,6.991666666666667,73.0,42.0,11.479166666666666,0.035,0.09458333333333334,-16.445833333333333,-16.4,-16.2,-15.6,0.163,0.209,0.243,0.252
2022-04-27,q,-11.725,56.833333333333336,-18.666666666666668,-16.033333333333335,1018.1333333333333,979.9833333333332,0.0,0.0,0.0,0.0,0.0,224.91666666666666,177.5,47.416666666666664,586.0583333333333,8.799999999999999,10.283333333333333,59.0,29.458333333333332,13.745833333333332,0.04083333333333333,0.10916666666666668,-16.3875,-16.325,-16.191666666666666,-15.6,0.163,0.209,0.243,0.252
2022-04-28,q,-8.166666666666666,67.20833333333333,-13.204166666666666,-12.520833333333334,1015.1708333333332,977.5791666666668,0.011666666666666667,53.458333333333336,15.583333333333334,52.25,59.708333333333336,187.66666666666666,97.58333333333333,90.08333333333333,316.25416666666666,8.950000000000001,10.408333333333333,58.291666666666664,27.375,13.024999999999999,0.0425,0.10833333333333334,-16.216666666666665,-16.245833333333334,-16.1,-15.6,0.163,0.209,0.243,0.252
2022-04-29,q,-7.070833333333333,66.5,-12.266666666666666,-11.329166666666666,1018.6416666666668,981.0625,0.020416666666666666,52.333333333333336,33.666666666666664,28.791666666666668,21.666666666666668,178.125,81.08333333333333,97.04166666666667,281.03749999999997,7.925,9.512500000000001,107.125,154.75,13.333333333333334,0.04083333333333333,0.12333333333333334,-15.9375,-16.05,-16.1,-15.6,0.163,0.209,0.243,0.252
2022-04-30,q,-9.125,64.875,-14.604166666666666,-13.354166666666666,1021.0583333333334,983.1374999999999,0.005833333333333334,75.54166666666667,49.541666666666664,48.708333333333336,11.25,191.08333333333334,99.58333333333333,91.5,332.25416666666666,8.458333333333334,9.729166666666666,74.45833333333333,192.625,14.666666666666666,0.03958333333333333,0.10958333333333332,-15.816666666666668,-15.920833333333334,-16.0375,-15.6,0.163,0.209,0.243,0.252
2022-05-01,q,-11.233333333333334,55.666666666666664,-18.4375,-15.866666666666667,1039.6125,1000.7166666666667,0.0,26.625,3.5,34.916666666666664,8.333333333333334,217.0,146.08333333333334,70.91666666666667,474.09999999999997,10.4125,13.275,47.458333333333336,28.166666666666668,15.6875,0.04083333333333333,0.11875000000000001,-15.8125,-15.850000000000001,-16.0,-15.625,0.163,0.209,0.243,0.252
2022-05-02,q,-10.8375,49.625,-19.408333333333335,-15.025,1030.0833333333333,991.5916666666667,0.0,28.916666666666668,0.0,27.708333333333332,40.833333333333336,239.20833333333334,158.5,80.70833333333333,516.3208333333333,6.533333333333334,9.295833333333333,63.875,46.916666666666664,10.958333333333334,0.04750000000000001,0.1375,-15.841666666666667,-15.9,-15.908333333333333,-15.699999999999998,0.163,0.209,0.243,0.252
2022-05-03,q,-10.870833333333332,57.291666666666664,-17.7375,-14.545833333333334,1023.7874999999999,985.5583333333334,0.0,15.791666666666666,0.0,19.041666666666668,14.416666666666666,249.125,180.5,68.625,590.6083333333333,5.125,3.954166666666666,57.208333333333336,240.29166666666666,10.766666666666666,0.04833333333333333,0.11833333333333333,-15.829166666666667,-15.858333333333334,-15.9,-15.699999999999998,0.163,0.209,0.243,0.252
2022-05-04,q,-8.354166666666666,60.791666666666664,-14.670833333333334,-11.862499999999999,1014.475,976.9625,0.0,56.208333333333336,3.625,69.75,36.708333333333336,232.41666666666666,146.95833333333334,85.45833333333333,368.97499999999997,5.7875000000000005,6.816666666666666,39.583333333333336,136.25,9.6875,0.05375,0.12916666666666668,-15.700000000000001,-15.779166666666667,-15.9,-15.699999999999998,0.163,0.209,0.243,0.252
2022-05-05,q,-7.016666666666667,61.791666666666664,-13.208333333333334,-9.829166666666667,1014.5500000000001,977.3000000000001,0.0,45.125,27.041666666666668,34.083333333333336,17.125,224.95833333333334,147.08333333333334,77.875,419.7916666666667,5.279166666666667,5.783333333333334,40.5,182.79166666666666,7.220833333333334,0.05791666666666667,0.1416666666666667,-15.445833333333333,-15.604166666666666,-15.800000000000002,-15.699999999999998,0.163,0.209,0.243,0.252
2022-05-06,q,-7.383333333333333,58.75,-14.141666666666666,-10.329166666666667,1012.1541666666667,974.9125,0.0,49.75,11.291666666666666,29.833333333333332,74.33333333333333,230.29166666666666,127.66666666666667,102.625,363.73333333333335,4.966666666666667,5.1875,51.416666666666664,97.5,6.1625000000000005,0.05666666666666667,0.1475,-15.216666666666667,-15.424999999999999,-15.745833333333332,-15.699999999999998,0.163,0.209,0.243,0.252
2022-05-07,q,-7.933333333333334,65.375,-13.4,-12.012500000000001,1012.15,974.6791666666667,0.0,72.0,25.666666666666668,58.916666666666664,97.54166666666667,218.04166666666666,74.25,143.79166666666666,216.07916666666665,5.375,4.733333333333333,135.83333333333334,129.91666666666666,10.704166666666666,0.04541666666666667,0.12083333333333333,-15.108333333333333,-15.304166666666667,-15.666666666666666,-15.699999999999998,0.163,0.209,0.243,0.252
2022-05-08,q,-6.8999999999999995,74.29166666666667,-10.741666666666667,-10.041666666666666,1013.4041666666667,976.0958333333333,0.0,90.5,1.4583333333333333,99.83333333333333,97.45833333333333,205.5,35.833333333333336,169.66666666666666,87.91250000000001,3.2125,3.279166666666667,118.95833333333333,94.04166666666667,6.941666666666666,0.04750000000000001,0.09416666666666668,-14.924999999999999,-15.149999999999999,-15.583333333333334,-15.699999999999998,0.163,0.209,0.243,0.252
2022-05-09,q,-6.079166666666667,64.20833333333333,-11.799999999999999,-8.979166666666666,1009.5,972.4875000000001,0.0,40.083333333333336,0.3333333333333333,56.583333333333336,19.416666666666668,256.625,149.33333333333334,107.29166666666667,445.82916666666665,3.75,5.829166666666667,89.29166666666667,53.708333333333336,8.870833333333334,0.06083333333333333,0.14041666666666666,-14.712499999999999,-14.954166666666666,-15.479166666666666,-15.699999999999998,0.163,0.209,0.243,0.252
2022-05-10,q,-6.645833333333333,58.75,-13.454166666666666,-9.225,1008.2958333333332,971.35,0.0,5.333333333333333,2.0,0.0,11.625,287.9166666666667,225.79166666666666,62.125,686.4625,5.3625,10.579166666666667,90.70833333333333,73.91666666666667,10.479166666666666,0.07041666666666667,0.15666666666666665,-14.641666666666666,-14.833333333333334,-15.383333333333333,-15.699999999999998,0.163,0.209,0.243,0.252
2022-05-11,q,-8.304166666666667,62.125,-14.391666666666666,-11.358333333333334,1013.2333333333332,975.8375,0.0,0.125,0.125,0.0,0.0,291.375,232.54166666666666,58.833333333333336,692.1666666666666,5.883333333333333,7.679166666666667,49.583333333333336,23.583333333333332,10.370833333333334,0.0675,0.13041666666666665,-14.575000000000001,-14.800000000000002,-15.300000000000002,-15.699999999999998,0.163,0.209,0.243,0.252
2022-05-12,q,-9.175,57.125,-16.2375,-12.708333333333334,1007.7916666666666,970.4333333333334,0.0,0.2916666666666667,0.0,0.0,1.0,299.25,240.54166666666666,58.708333333333336,717.7041666666668,5.7625,8.433333333333334,36.791666666666664,17.75,10.391666666666667,0.06458333333333334,0.1366666666666667,-14.558333333333332,-14.725,-15.204166666666666,-15.608333333333333,0.163,0.209,0.243,0.252
2022-05-13,q,-9.420833333333333,59.875,-15.941666666666668,-13.2125,1008.7666666666668,971.3041666666667,0.0,0.125,0.0,0.0,0.4166666666666667,302.5416666666667,243.79166666666666,58.75,718.4499999999999,6.529166666666666,7.745833333333334,45.416666666666664,17.291666666666668,10.420833333333333,0.06208333333333333,0.12666666666666668,-14.5375,-14.699999999999998,-15.145833333333334,-15.6,0.163,0.209,0.243,0.252
2022-05-14,q,-9.275,61.0,-15.504166666666668,-12.954166666666666,1014.7875,977.1291666666666,0.0,0.16666666666666666,0.0,0.0,0.625,306.0,246.75,59.25,720.5083333333333,6.3374999999999995,5.041666666666667,60.625,29.583333333333332,10.541666666666666,0.0625,0.12166666666666666,-14.454166666666666,-14.629166666666665,-15.1,-15.6,0.163,0.209,0.243,0.252
2022-05-15,q,-8.029166666666667,58.791666666666664,-14.775,-11.825000000000001,1017.8291666666668,980.2416666666667,0.0,53.416666666666664,2.2916666666666665,77.41666666666667,16.583333333333332,280.5833333333333,170.75,109.83333333333333,499.90000000000003,7.670833333333333,8.004166666666666,51.416666666666664,72.375,12.075000000000001,0.06416666666666666,0.1425,-14.320833333333333,-14.533333333333333,-15.020833333333334,-15.6,0.163,0.209,0.243,0.252
2022-05-16,q,-6.754166666666666,60.583333333333336,-13.237499999999999,-10.35,1021.4625,983.8916666666668,0.0,46.666666666666664,32.125,37.333333333333336,0.0,279.125,160.25,118.875,475.7291666666667,6.866666666666667,7.166666666666667,56.166666666666664,28.5,9.858333333333333,0.06583333333333334,0.1525,-14.075000000000001,-14.366666666666667,-14.9625,-15.6,0.163,0.209,0.243,0.252
2022-05-17,q,-6.5874999999999995,64.04166666666667,-12.333333333333334,-10.916666666666666,1023.1583333333333,985.4958333333334,0.0,9.208333333333334,2.2083333333333335,3.25,17.166666666666668,310.5,240.91666666666666,69.58333333333333,674.9041666666667,8.475,8.208333333333334,60.291666666666664,30.0,11.8375,0.06791666666666667,0.13916666666666666,-13.866666666666667,-14.166666666666666,-14.866666666666667,-15.570833333333333,0.163,0.209,0.243,0.252
2022-05-18,q,-3.766666666666667,60.458333333333336,-10.420833333333333,-8.4125,1019.9499999999999,982.7333333333332,0.0,41.541666666666664,2.0416666666666665,52.5,27.0,296.7083333333333,201.625,95.08333333333333,540.1208333333333,8.958333333333334,9.329166666666667,56.083333333333336,95.25,11.579166666666666,0.0775,0.18791666666666665,-13.545833333333334,-13.958333333333334,-14.758333333333333,-15.5,0.163,0.209,0.243,0.252
2022-05-19,q,-2.1458333333333335,66.41666666666667,-7.8625,-5.808333333333334,1014.625,977.8333333333334,0.06708333333333334,84.79166666666667,53.041666666666664,94.375,10.958333333333334,208.45833333333334,60.958333333333336,147.5,142.30833333333334,5.908333333333334,4.95,101.16666666666667,135.66666666666666,9.291666666666666,0.06041666666666667,0.18291666666666664,-13.008333333333333,-13.575000000000001,-14.625,-15.5,0.163,0.209,0.243,0.252
2022-05-20,q,-4.733333333333333,86.5,-6.654166666666666,-7.870833333333334,1016.3666666666667,979.3041666666667,0.04958333333333334,98.08333333333333,86.125,58.5,2.5833333333333335,241.08333333333334,92.83333333333333,148.25,228.91666666666666,8.458333333333334,10.2875,188.16666666666666,187.25,14.983333333333334,0.05791666666666667,0.05791666666666667,-12.641666666666666,-13.183333333333332,-14.441666666666668,-15.5,0.163,0.209,0.243,0.252
2022-05-21,q,-6.575,82.04166666666667,-9.141666666666667,-9.270833333333334,1014.1750000000001,976.9583333333334,0.02041666666666667,79.79166666666667,54.708333333333336,63.041666666666664,29.666666666666668,239.91666666666666,85.08333333333333,154.83333333333334,227.67083333333335,4.379166666666666,4.541666666666667,152.875,145.04166666666666,9.729166666666666,0.05583333333333334,0.06833333333333334,-12.591666666666667,-13.016666666666666,-14.245833333333332,-15.416666666666666,0.163,0.209,0.243,0.252
2022-05-22,q,-6.0375000000000005,80.75,-8.829166666666667,-8.941666666666666,1003.6041666666666,966.8083333333334,0.02916666666666667,87.04166666666667,45.208333333333336,77.16666666666667,35.25,235.95833333333334,74.41666666666667,161.54166666666666,217.42499999999998,4.241666666666666,5.1125,113.04166666666667,96.54166666666667,9.641666666666667,0.057499999999999996,0.07625,-12.649999999999999,-13.0,-14.091666666666667,-15.4,0.163,0.209,0.243,0.252
2022-05-23,q,-1.0,73.125,-5.3875,-5.054166666666666,988.9250000000001,953.2791666666667,0.02916666666666667,97.66666666666667,21.25,99.41666666666667,94.375,198.875,29.708333333333332,169.16666666666666,64.55,12.666666666666666,17.083333333333332,100.125,95.54166666666667,21.775000000000002,0.06708333333333334,0.16166666666666665,-12.504166666666668,-12.941666666666668,-13.970833333333333,-15.358333333333334,0.163,0.209,0.243,0.252
2022-05-24,q,-2.704166666666667,76.08333333333333,-6.6625000000000005,-5.866666666666667,1000.3125,964.0791666666668,0.0,70.20833333333333,28.708333333333332,55.5,36.458333333333336,258.6666666666667,132.375,126.29166666666667,334.45,7.5625,10.174999999999999,181.5,185.29166666666666,14.237499999999999,0.07291666666666667,0.13166666666666668,-12.304166666666667,-12.733333333333334,-13.850000000000001,-15.300000000000002,0.163,0.209,0.243,0.252
2022-05-25,q,-3.6291666666666664,75.95833333333333,-7.333333333333333,-6.591666666666666,1007.525,970.9041666666667,0.105,54.541666666666664,46.125,49.041666666666664,4.541666666666667,268.875,158.08333333333334,110.79166666666667,419.01666666666665,5.9750000000000005,7.183333333333334,209.16666666666666,230.625,11.237499999999999,0.07125,0.10833333333333334,-12.075000000000001,-12.558333333333332,-13.729166666666666,-15.266666666666666,0.163,0.209,0.243,0.252
2022-05-26,q,-5.029166666666667,73.58333333333333,-9.1625,-8.579166666666667,1013.3708333333334,976.3083333333334,0.005833333333333334,20.541666666666668,1.9166666666666667,19.375,24.0,321.625,235.66666666666666,85.95833333333333,625.5749999999999,6.175,8.041666666666666,98.95833333333333,78.33333333333333,12.779166666666667,0.07791666666666668,0.11625,-12.145833333333334,-12.5,-13.595833333333333,-15.199999999999998,0.163,0.209,0.243,0.252
2022-05-27,q,-0.4666666666666666,65.0,-6.283333333333332,-4.254166666666666,1012.9541666666668,976.4875000000001,0.002916666666666667,29.083333333333332,4.875,24.541666666666668,33.041666666666664,282.0,194.08333333333334,87.91666666666667,567.6416666666667,9.429166666666667,13.745833333333332,88.33333333333333,119.20833333333333,16.1375,0.08750000000000001,0.20791666666666667,-12.012500000000001,-12.4375,-13.491666666666667,-15.154166666666667,0.163,0.209,0.243,0.252
2022-05-28,q,-2.033333333333333,82.875,-4.720833333333333,-5.508333333333333,1017.8333333333334,981.0124999999999,0.0175,77.58333333333333,38.666666666666664,61.375,32.416666666666664,252.04166666666666,119.95833333333333,132.08333333333334,279.9875,9.612499999999999,11.920833333333334,140.75,168.91666666666666,16.5625,0.06625,0.10041666666666667,-11.733333333333333,-12.233333333333334,-13.379166666666668,-15.1,0.163,0.209,0.243,0.252
2022-05-29,q,-3.9250000000000003,64.20833333333333,-9.829166666666667,-7.766666666666667,1017.5416666666666,980.5041666666666,0.0,23.791666666666668,4.041666666666667,31.541666666666668,3.8333333333333335,310.6666666666667,188.75,121.91666666666667,558.5208333333334,10.200000000000001,13.5875,139.125,140.70833333333334,16.170833333333334,0.07875,0.16958333333333334,-11.612499999999999,-12.058333333333332,-13.258333333333333,-15.0375,0.163,0.209,0.243,0.252
2022-05-30,q,-3.2583333333333333,58.625,-10.229166666666666,-7.804166666666667,1022.875,985.7791666666667,0.05833333333333334,92.375,59.125,85.66666666666667,0.9166666666666666,203.83333333333334,35.833333333333336,168.0,97.03333333333335,17.208333333333332,37.62916666666667,214.70833333333334,281.4166666666667,29.945833333333336,0.06416666666666666,0.20125,-11.566666666666668,-12.008333333333333,-13.149999999999999,-15.0,0.163,0.209,0.243,0.252
2022-05-31,q,-5.6375,64.70833333333333,-11.316666666666668,-8.966666666666667,1036.8541666666667,998.9666666666667,0.005833333333333334,43.083333333333336,27.375,21.458333333333332,18.666666666666668,323.4166666666667,222.16666666666666,101.25,572.9041666666667,10.904166666666667,17.4875,209.33333333333334,142.5,12.891666666666666,0.07625,0.14583333333333334,-11.679166666666667,-12.008333333333333,-13.054166666666667,-14.908333333333333,0.163,0.209,0.243,0.252
2022-06-01,q,-4.945833333333334,71.25,-9.387500000000001,-7.491666666666667,1030.9416666666666,993.3625000000001,0.0,0.25,0.0,0.4583333333333333,0.0,360.3333333333333,297.0416666666667,63.291666666666664,765.1833333333334,5.1499999999999995,11.1875,34.125,42.541666666666664,7.925,0.08916666666666667,0.1225,-11.7125,-12.025,-13.0,-14.870833333333335,0.163,0.209,0.243,0.252
2022-06-02,q,-3.35,62.958333333333336,-9.445833333333333,-6.683333333333334,1029.1000000000001,991.75,0.0,60.416666666666664,12.666666666666666,62.708333333333336,52.75,303.6666666666667,167.33333333333334,136.33333333333334,421.8958333333333,7.6625000000000005,13.237499999999999,27.875,30.458333333333332,11.829166666666666,0.08583333333333333,0.18041666666666667,-11.570833333333333,-11.950000000000001,-12.924999999999999,-14.800000000000002,0.163,0.209,0.243,0.252
2022-06-03,q,-0.25833333333333336,69.75,-5.166666666666667,-3.829166666666667,1019.2875,982.6583333333333,0.17208333333333334,98.83333333333333,74.08333333333333,98.25,26.708333333333332,193.83333333333334,21.958333333333332,171.875,39.52916666666667,11.200000000000001,14.941666666666668,54.125,40.666666666666664,18.575,0.0675,0.18291666666666664,-11.137500000000001,-11.695833333333333,-12.854166666666666,-14.733333333333334,0.163,0.209,0.243,0.252
2022-06-04,q,-3.5875,64.79166666666667,-9.295833333333333,-6.654166666666666,1028.8833333333334,991.5375,0.011666666666666667,90.375,55.458333333333336,68.83333333333333,5.25,269.7916666666667,110.83333333333333,158.95833333333334,259.7291666666667,8.141666666666667,9.895833333333334,233.70833333333334,287.875,13.395833333333334,0.07583333333333334,0.16625,-11.041666666666666,-11.5,-12.737499999999999,-14.691666666666665,0.163,0.209,0.243,0.252
2022-06-05,q,-3.233333333333333,66.95833333333333,-8.608333333333333,-6.079166666666667,1034.6416666666667,997.1374999999999,0.0,25.958333333333332,14.625,20.916666666666668,0.7916666666666666,334.5,232.54166666666666,101.95833333333333,602.6333333333333,6.55,9.125,70.875,56.25,10.9625,0.09291666666666666,0.16375,-11.054166666666667,-11.475,-12.629166666666665,-14.6,0.163,0.209,0.243,0.252
2022-06-06,q,-2.4791666666666665,65.33333333333333,-8.179166666666667,-5.379166666666666,1027.9416666666666,990.8000000000001,0.0,9.5,0.0,13.541666666666666,4.75,366.4166666666667,296.5833333333333,69.83333333333333,758.8000000000001,8.595833333333333,11.979166666666666,46.166666666666664,23.458333333333332,13.9125,0.10541666666666667,0.18166666666666667,-11.066666666666668,-11.466666666666667,-12.545833333333334,-14.549999999999999,0.163,0.209,0.243,0.252
2022-06-07,q,-0.008333333333333333,72.95833333333333,-4.383333333333334,-2.8333333333333335,1018.1708333333332,981.5791666666668,0.0,76.04166666666667,50.208333333333336,56.625,3.25,222.16666666666666,86.25,135.91666666666666,199.29583333333335,5.1125,4.683333333333334,98.29166666666667,78.29166666666667,9.308333333333334,0.07125,0.16916666666666666,-10.799999999999999,-11.320833333333333,-12.470833333333333,-14.5,0.163,0.209,0.243,0.252
2022-06-08,q,-0.3958333333333333,84.75,-2.6833333333333336,-2.920833333333333,1012.7958333333332,976.3708333333334,0.04666666666666667,91.04166666666667,75.70833333333333,63.875,0.625,213.83333333333334,71.16666666666667,142.66666666666666,163.375,4.329166666666667,4.808333333333334,96.79166666666667,81.70833333333333,10.333333333333334,0.06833333333333334,0.09375,-10.341666666666667,-10.970833333333333,-12.354166666666666,-14.404166666666667,0.163,0.209,0.243,0.252
2022-06-09,q,-1.6041666666666667,91.45833333333333,-2.829166666666667,-3.9499999999999997,1008.6666666666666,972.3000000000001,0.11958333333333333,100.0,96.45833333333333,91.83333333333333,26.583333333333332,211.16666666666666,20.541666666666668,190.625,44.06666666666666,6.125,6.879166666666666,149.45833333333334,140.04166666666666,14.883333333333333,0.06291666666666666,0.047499999999999994,-10.033333333333333,-10.666666666666666,-12.195833333333333,-14.345833333333333,0.163,0.209,0.243,0.252
2022-06-10,q,-1.6416666666666666,78.66666666666667,-5.045833333333333,-4.295833333333333,1011.7208333333333,975.2333333333332,0.09916666666666667,98.0,69.79166666666667,99.45833333333333,1.9166666666666667,224.875,46.458333333333336,178.41666666666666,88.50416666666666,6.954166666666667,8.391666666666667,290.9583333333333,285.5416666666667,11.987499999999999,0.06874999999999999,0.11666666666666665,-9.9125,-10.508333333333333,-12.0375,-14.287500000000001,0.163,0.209,0.243,0.252
2022-06-11,q,-2.8249999999999997,70.20833333333333,-7.583333333333333,-4.970833333333333,1016.1333333333333,979.3874999999999,0.0,74.875,4.125,98.95833333333333,39.416666666666664,272.9583333333333,123.0,149.95833333333334,299.14166666666665,5.075,6.3125,75.25,110.625,8.166666666666666,0.08125,0.15083333333333335,-9.904166666666667,-10.416666666666666,-11.883333333333333,-14.199999999999998,0.163,0.209,0.243,0.252
2022-06-12,q,-3.0,71.20833333333333,-7.6499999999999995,-5.541666666666667,1010.5041666666666,973.9291666666667,0.0,81.58333333333333,1.25,98.79166666666667,70.45833333333333,311.125,151.33333333333334,159.79166666666666,316.9375,6.2749999999999995,6.925,89.5,112.375,10.858333333333334,0.08833333333333333,0.14458333333333334,-9.9,-10.4,-11.762500000000001,-14.120833333333332,0.163,0.209,0.243,0.252
2022-06-13,q,-2.9875000000000003,84.25,-5.295833333333333,-5.070833333333334,1005.6666666666666,969.2958333333332,0.0,33.333333333333336,6.416666666666667,45.958333333333336,0.0,335.3333333333333,229.33333333333334,106.0,566.0749999999999,5.716666666666666,7.779166666666666,159.66666666666666,143.58333333333334,11.6875,0.09250000000000001,0.07916666666666666,-9.854166666666666,-10.325000000000001,-11.6625,-14.049999999999999,0.163,0.209,0.243,0.252
2022-06-14,q,-3.283333333333333,75.16666666666667,-7.054166666666667,-5.045833333333333,1013.4916666666667,976.8000000000001,0.0,50.791666666666664,43.666666666666664,15.75,6.875,351.5,268.9583333333333,82.54166666666667,647.1791666666667,3.7083333333333335,4.8374999999999995,171.16666666666666,233.83333333333334,8.0,0.09875,0.12083333333333333,-9.6625,-10.208333333333334,-11.5625,-13.979166666666666,0.163,0.209,0.243,0.252
2022-06-15,q,-4.0375000000000005,71.79166666666667,-8.4125,-6.366666666666667,1012.2791666666667,975.5333333333333,0.0,44.375,1.6666666666666667,53.75,35.333333333333336,362.2083333333333,277.625,84.58333333333333,668.1708333333333,5.954166666666667,7.779166666666668,96.70833333333333,82.25,11.491666666666667,0.09958333333333334,0.12916666666666668,-9.495833333333334,-10.0375,-11.454166666666666,-13.9,0.163,0.209,0.243,0.252
2022-06-16,q,-2.275,74.66666666666667,-6.183333333333334,-4.420833333333333,1006.8791666666666,970.5083333333333,0.0,34.916666666666664,0.7916666666666666,44.583333333333336,24.75,365.75,286.1666666666667,79.58333333333333,704.7041666666668,3.358333333333333,4.5874999999999995,90.04166666666667,57.333333333333336,9.454166666666667,0.10833333333333334,0.13125,-9.241666666666665,-9.8625,-11.341666666666667,-13.804166666666667,0.163,0.209,0.243,0.252
2022-06-17,q,1.0083333333333333,69.95833333333333,-3.904166666666667,-1.5416666666666667,1003.3791666666666,967.4583333333334,0.0,7.166666666666667,0.25,11.375,0.125,368.0416666666667,302.4166666666667,65.625,745.9375,3.5583333333333336,5.520833333333333,104.58333333333333,55.375,10.354166666666666,0.11708333333333333,0.2004166666666667,-8.795833333333333,-9.529166666666667,-11.191666666666665,-13.729166666666666,0.163,0.209,0.243,0.252
2022-06-18,q,2.829166666666667,67.25,-2.7125,-0.625,1000.8249999999999,965.225,0.0,2.6666666666666665,0.5416666666666666,0.7916666666666666,5.5,372.0,312.2916666666667,59.708333333333336,768.4291666666667,10.441666666666666,17.349999999999998,96.375,71.04166666666667,16.933333333333334,0.12291666666666667,0.24791666666666667,-8.320833333333333,-9.133333333333333,-11.008333333333333,-13.649999999999999,0.163,0.209,0.243,0.252
2022-06-19,q,1.8916666666666666,67.66666666666667,-3.475,-1.2416666666666667,1011.8625000000001,975.7541666666666,0.0,3.1666666666666665,1.5,0.08333333333333333,5.583333333333333,369.7083333333333,306.4166666666667,63.291666666666664,756.2666666666668,7.333333333333333,12.85,118.83333333333333,121.08333333333333,14.2875,0.11958333333333333,0.22875,-7.829166666666667,-8.708333333333334,-10.791666666666666,-13.5625,0.163,0.209,0.243,0.252
2022-06-20,q,1.3708333333333333,70.16666666666667,-3.4958333333333336,-1.2750000000000001,1017.2833333333333,980.9499999999999,0.005833333333333334,40.541666666666664,4.708333333333333,41.083333333333336,38.541666666666664,284.1666666666667,179.5,104.66666666666667,480.21250000000003,6.620833333333334,8.554166666666667,64.875,73.70833333333333,10.375,0.09958333333333334,0.2041666666666667,-7.325,-8.283333333333333,-10.5375,-13.466666666666667,0.163,0.209,0.243,0.252
2022-06-21,q,2.375,82.70833333333333,-0.28750000000000003,0.25833333333333336,1013.125,977.0708333333333,0.011666666666666667,66.54166666666667,49.833333333333336,35.541666666666664,23.25,245.125,128.41666666666666,116.70833333333333,278.40833333333336,5.191666666666666,6.883333333333333,122.04166666666667,103.0,9.85,0.08416666666666667,0.12875,-6.766666666666667,-7.816666666666666,-10.262500000000001,-13.370833333333335,0.163,0.209,0.243,0.252
2022-06-22,q,0.9125,81.66666666666667,-1.9124999999999999,-0.5958333333333333,1011.3208333333333,975.2708333333334,0.0,35.833333333333336,17.625,32.666666666666664,1.0833333333333333,343.2083333333333,251.125,92.08333333333333,590.9208333333333,6.729166666666667,11.391666666666666,113.95833333333333,89.83333333333333,14.420833333333334,0.11166666666666668,0.11958333333333333,-6.25,-7.3374999999999995,-9.958333333333334,-13.262500000000001,0.163,0.209,0.243,0.252
2022-06-23,q,1.9625000000000001,69.33333333333333,-3.225,-0.7416666666666667,1011.7208333333333,975.6374999999999,0.0,6.166666666666667,0.4166666666666667,3.4583333333333335,12.333333333333334,368.0,307.375,60.625,739.5041666666666,6.358333333333333,11.012500000000001,95.95833333333333,67.70833333333333,13.316666666666668,0.11791666666666667,0.22125000000000003,-5.575,-6.808333333333334,-9.6375,-13.154166666666667,0.16308333333333333,0.209,0.243,0.252
2022-06-24,q,2.7916666666666665,58.208333333333336,-4.6625000000000005,-2.066666666666667,1012.5375,976.4291666666667,0.0,1.5416666666666667,0.875,0.08333333333333333,2.0416666666666665,374.25,316.875,57.375,778.6791666666667,13.629166666666668,20.104166666666668,47.041666666666664,26.541666666666668,20.616666666666667,0.12416666666666666,0.31583333333333335,-4.108333333333333,-5.825,-9.237499999999999,-13.0375,0.18808333333333335,0.209,0.243,0.252
2022-06-25,q,2.15,62.041666666666664,-4.4125000000000005,-1.6166666666666665,1018.1416666666668,981.8125,0.0,16.208333333333332,6.75,11.916666666666666,9.75,362.25,295.9583333333333,66.29166666666667,731.2916666666666,9.933333333333334,14.283333333333333,43.333333333333336,19.125,15.304166666666667,0.11333333333333334,0.2758333333333333,-2.7916666666666665,-4.729166666666667,-8.741666666666667,-12.908333333333333,0.21516666666666664,0.21020833333333333,0.243,0.252
2022-06-26,q,4.2,65.0,-1.825,0.22916666666666666,1011.2416666666667,975.3666666666667,0.0,46.166666666666664,4.041666666666667,49.541666666666664,42.291666666666664,300.2916666666667,175.70833333333334,124.58333333333333,461.1583333333333,10.2875,15.383333333333333,65.41666666666667,39.583333333333336,15.466666666666667,0.10875,0.29083333333333333,-0.425,-3.266666666666667,-8.191666666666666,-12.758333333333333,0.22920833333333335,0.21445833333333333,0.243,0.252
2022-06-27,q,6.05,61.541666666666664,-0.8166666666666668,1.9208333333333334,1011.1125000000001,975.4208333333332,0.0,59.5,3.0,46.666666666666664,96.25,285.0833333333333,141.79166666666666,143.29166666666666,342.4583333333333,9.3375,13.495833333333332,50.041666666666664,25.291666666666668,14.254166666666668,0.11166666666666668,0.36333333333333334,3.525,-0.5625,-7.375,-12.6,0.31866666666666665,0.22133333333333335,0.243,0.252
2022-06-28,q,6.420833333333333,58.166666666666664,-1.2541666666666667,1.7,1014.5625,978.7583333333333,0.0,5.041666666666667,2.25,0.4583333333333333,9.0,360.2083333333333,296.4166666666667,63.791666666666664,733.7375000000001,10.35,14.670833333333334,43.125,23.416666666666668,15.320833333333333,0.13,0.4058333333333333,6.6875,2.0625,-6.3625,-12.416666666666666,0.3310416666666667,0.235625,0.243,0.252
2022-06-29,q,7.2375,54.25,-1.4083333333333332,1.5958333333333332,1007.6999999999999,972.1625,0.0,14.958333333333334,0.0,8.125,33.333333333333336,357.3333333333333,294.0,63.333333333333336,706.0375,12.941666666666668,17.116666666666667,49.583333333333336,28.791666666666668,19.591666666666665,0.13333333333333333,0.46875,8.3125,3.845833333333333,-5.279166666666667,-12.208333333333334,0.2987083333333333,0.24533333333333332,0.243,0.252
2022-06-30,q,6.508333333333333,59.625,-0.8208333333333333,1.7166666666666668,1008.5500000000001,972.9541666666668,0.0,16.458333333333332,2.5833333333333335,0.16666666666666666,46.458333333333336,344.5,260.2916666666667,84.20833333333333,656.5791666666667,10.637500000000001,13.025,35.458333333333336,99.0,15.616666666666667,0.125,0.3983333333333334,8.933333333333334,4.904166666666667,-4.204166666666667,-11.970833333333333,0.25775,0.24841666666666665,0.243,0.252
2022-07-01,q,5.0375000000000005,67.04166666666667,-0.5750000000000001,1.2916666666666667,1016.2291666666666,980.2541666666666,0.0,34.041666666666664,7.416666666666667,0.20833333333333334,90.375,328.7083333333333,226.0,102.70833333333333,536.0666666666667,8.345833333333333,9.116666666666667,62.041666666666664,31.5,11.487499999999999,0.115,0.28958333333333336,9.15,5.25,-3.283333333333333,-11.704166666666666,0.22154166666666666,0.24829166666666666,0.243,0.252
2022-07-02,q,4.445833333333334,70.29166666666667,-0.5208333333333334,1.4541666666666666,1014.3000000000001,978.3416666666667,0.0,9.333333333333334,1.3333333333333333,3.0,20.916666666666668,351.3333333333333,286.625,64.70833333333333,720.85,5.216666666666667,4.979166666666667,88.20833333333333,148.29166666666666,9.679166666666667,0.12041666666666667,0.25083333333333335,9.870833333333334,5.929166666666667,-2.4916666666666667,-11.429166666666667,0.18691666666666665,0.24716666666666667,0.243,0.252
2022-07-03,q,5.429166666666667,71.125,0.5708333333333333,1.4166666666666667,1017.7125,981.6958333333333,0.05541666666666667,91.5,61.708333333333336,98.125,57.25,148.66666666666666,32.833333333333336,115.83333333333333,70.7625,9.0,9.791666666666666,38.208333333333336,102.79166666666667,12.391666666666666,0.065,0.26291666666666663,7.9875,5.691666666666666,-1.8375000000000001,-11.15,0.17441666666666666,0.24525,0.243,0.252
2022-07-04,q,3.6041666666666665,89.25,1.9791666666666667,1.1500000000000001,1015.0749999999999,979.0208333333334,0.04666666666666667,79.04166666666667,70.16666666666667,65.58333333333333,65.125,197.04166666666666,104.45833333333333,92.58333333333333,215.3166666666667,5.341666666666666,5.608333333333333,119.20833333333333,87.83333333333333,9.945833333333333,0.07208333333333333,0.08833333333333333,6.8875,4.420833333333333,-1.4916666666666665,-10.866666666666667,0.2900833333333333,0.2460416666666667,0.243,0.252
2022-07-05,q,5.191666666666666,73.58333333333333,0.7374999999999999,2.4499999999999997,1008.4791666666666,972.8291666666668,0.0,5.5,5.583333333333333,0.041666666666666664,1.25,344.9583333333333,285.9583333333333,59.0,718.1666666666666,4.1875,6.55,83.08333333333333,68.95833333333333,9.295833333333333,0.125,0.23625,9.995833333333334,6.408333333333334,-1.1208333333333333,-10.591666666666667,0.27187500000000003,0.24945833333333334,0.243,0.252
2022-07-06,q,6.245833333333334,63.291666666666664,-0.225,1.9458333333333335,1009.0541666666667,973.4250000000001,0.0,48.25,0.0,42.25,76.5,265.9166666666667,153.54166666666666,112.375,375.7625,7.7124999999999995,8.029166666666667,61.75,30.208333333333332,11.779166666666667,0.10875000000000001,0.35375,9.883333333333333,7.279166666666666,-0.6291666666666667,-10.3125,0.22770833333333332,0.24970833333333334,0.243,0.252
2022-07-07,q,5.270833333333333,70.08333333333333,0.19166666666666668,2.1666666666666665,1009.0875,973.3958333333334,0.0,36.5,0.041666666666666664,33.708333333333336,53.916666666666664,271.125,159.58333333333334,111.54166666666667,431.325,5.120833333333333,5.375,83.75,76.75,9.104166666666666,0.09666666666666666,0.2704166666666667,9.504166666666666,6.829166666666667,-0.23750000000000002,-10.049999999999999,0.20125,0.24858333333333335,0.243,0.252
2022-07-08,q,6.620833333333334,66.08333333333333,0.7208333333333333,2.3375,1016.2833333333333,980.4208333333332,0.0,18.0,7.416666666666667,0.0,37.583333333333336,330.5416666666667,264.375,66.16666666666667,673.5958333333333,8.016666666666667,8.075000000000001,63.416666666666664,30.916666666666668,11.808333333333332,0.12,0.33416666666666667,11.245833333333332,7.883333333333333,0.1625,-9.795833333333333,0.16595833333333335,0.24679166666666666,0.243,0.252
2022-07-09,q,5.8500000000000005,71.95833333333333,1.1833333333333333,1.375,1016.4541666666668,980.4583333333334,0.0,91.70833333333333,39.666666666666664,48.458333333333336,90.625,250.0,123.33333333333333,126.66666666666667,290.72083333333336,7.8999999999999995,8.279166666666667,87.54166666666667,57.875,11.0875,0.09208333333333334,0.2608333333333333,11.058333333333332,8.375,0.5708333333333333,-9.525,0.13645833333333335,0.24420833333333333,0.243,0.252
2022-07-10,q,5.983333333333333,68.08333333333333,0.5083333333333333,1.8666666666666665,1009.1625,973.4875000000001,0.0,24.375,2.4583333333333335,13.375,47.0,300.4583333333333,189.20833333333334,111.25,495.87083333333334,7.541666666666667,7.3,63.625,39.166666666666664,10.970833333333333,0.1075,0.2991666666666667,11.5,8.491666666666667,0.9208333333333334,-9.275,0.11445833333333333,0.24125,0.243,0.252
2022-07-11,q,5.8,73.91666666666667,1.4333333333333333,2.1166666666666667,1008.0333333333333,972.375,0.0,70.29166666666667,25.416666666666668,64.125,29.958333333333332,256.375,139.45833333333334,116.91666666666667,302.41249999999997,5.741666666666667,5.679166666666667,123.54166666666667,105.125,11.329166666666666,0.09875,0.24791666666666667,11.65,8.491666666666667,1.2333333333333334,-9.008333333333333,0.098375,0.2380833333333333,0.243,0.252
2022-07-12,q,5.7749999999999995,65.29166666666667,-0.2875,1.9000000000000001,1006.3958333333334,970.8041666666667,0.0,27.833333333333332,8.666666666666666,3.2916666666666665,59.833333333333336,305.9583333333333,219.33333333333334,86.625,557.3458333333333,6.25,7.091666666666666,60.75,95.75,10.845833333333333,0.11583333333333333,0.3225,12.145833333333334,9.020833333333334,1.5291666666666668,-8.75,0.08083333333333333,0.23475000000000001,0.243,0.252
2022-07-13,q,7.366666666666667,60.333333333333336,0.075,2.775,1011.6958333333333,976.0708333333333,0.00875,69.75,14.041666666666666,72.0,62.916666666666664,208.875,123.33333333333333,85.54166666666667,283.60833333333335,8.854166666666666,10.0,33.541666666666664,255.83333333333334,12.070833333333333,0.09291666666666666,0.41291666666666665,11.733333333333334,8.987499999999999,1.820833333333333,-8.495833333333334,0.067,0.23145833333333335,0.243,0.252
2022-07-14,q,6.595833333333334,78.25,3.079166666666667,1.7833333333333332,1016.9208333333332,980.9791666666666,0.002916666666666667,99.41666666666667,76.625,94.08333333333333,71.0,102.66666666666667,7.916666666666667,94.75,14.137500000000001,10.533333333333333,13.008333333333333,51.125,28.958333333333332,15.600000000000001,0.048749999999999995,0.21416666666666664,8.525,7.433333333333334,1.9791666666666667,-8.229166666666666,0.14129166666666668,0.229,0.243,0.252
2022-07-15,q,9.066666666666666,66.875,3.1625,3.0625,1012.275,976.7041666666668,0.0,52.833333333333336,8.125,40.666666666666664,71.125,212.75,103.5,109.25,279.3041666666667,13.0,15.945833333333333,49.0,24.208333333333332,18.275000000000002,0.09291666666666666,0.38666666666666666,10.75,7.920833333333333,2.029166666666667,-7.979166666666667,0.1355,0.22745833333333335,0.243,0.252
2022-07-16,q,9.979166666666666,66.20833333333333,3.9333333333333336,3.8375,1009.2708333333334,973.8791666666666,0.0,15.5,2.75,15.125,13.125,273.2083333333333,196.45833333333334,76.75,545.8458333333333,10.558333333333334,12.924999999999999,53.75,23.541666666666668,15.954166666666666,0.11375,0.4183333333333333,12.416666666666666,8.820833333333333,2.1833333333333336,-7.716666666666666,0.110875,0.22558333333333333,0.243,0.252
2022-07-17,q,9.766666666666667,54.875,1.1208333333333333,2.3041666666666667,1009.2083333333334,973.75,0.0,4.958333333333333,0.4583333333333333,1.4583333333333333,12.041666666666666,309.5416666666667,250.0,59.541666666666664,679.3000000000001,15.704166666666666,20.604166666666668,42.041666666666664,20.291666666666668,22.675,0.13,0.5495833333333333,13.3125,9.966666666666667,2.470833333333333,-7.479166666666667,0.08225,0.223375,0.243,0.252
2022-07-18,q,6.7625,64.29166666666667,0.4166666666666667,2.2083333333333335,1010.6666666666666,974.9708333333333,0.0,27.833333333333332,8.875,14.291666666666666,37.25,284.5,202.33333333333334,82.16666666666667,534.7791666666667,6.9750000000000005,7.245833333333334,100.20833333333333,73.66666666666667,12.549999999999999,0.10083333333333333,0.3575,12.725,9.820833333333333,2.7624999999999997,-7.216666666666666,0.06245833333333334,0.22095833333333334,0.243,0.252
2022-07-19,q,6.8500000000000005,60.75,-0.23333333333333336,0.9416666666666668,1010.3166666666666,974.5458333333332,0.0,4.125,0.20833333333333334,0.0,12.833333333333334,313.0833333333333,260.4166666666667,52.666666666666664,690.0833333333334,9.804166666666667,11.066666666666668,64.29166666666667,32.166666666666664,14.229166666666666,0.11041666666666666,0.3925,13.420833333333334,9.841666666666667,3.0041666666666664,-6.970833333333334,0.04754166666666667,0.21837499999999999,0.243,0.252
2022-07-20,q,6.241666666666667,64.16666666666667,-0.054166666666666675,0.7708333333333334,1010.5833333333334,974.7624999999999,0.0,26.916666666666668,0.08333333333333333,12.458333333333334,64.29166666666667,242.33333333333334,174.125,68.20833333333333,469.92083333333335,8.3125,7.870833333333334,76.5,42.708333333333336,11.950000000000001,0.08875,0.3420833333333333,12.85,9.920833333333333,3.225,-6.7124999999999995,0.03758333333333333,0.215875,0.243,0.252
2022-07-21,q,7.958333333333333,59.875,0.5958333333333333,1.1875,1012.3291666666668,976.5541666666667,0.0,74.45833333333333,12.625,67.70833333333333,75.125,216.375,101.41666666666667,114.95833333333333,264.29583333333335,12.283333333333333,14.941666666666668,47.916666666666664,21.583333333333332,17.787499999999998,0.08750000000000001,0.4320833333333334,12.7125,9.416666666666666,3.375,-6.466666666666666,0.0335,0.21337499999999998,0.243,0.252
2022-07-22,q,8.933333333333334,66.91666666666667,3.0833333333333335,2.433333333333333,1007.9583333333334,972.5458333333332,0.0,89.45833333333333,29.625,86.45833333333333,75.5,122.54166666666667,30.833333333333332,91.70833333333333,56.77916666666667,18.058333333333334,24.2625,33.208333333333336,161.41666666666666,27.895833333333332,0.07375,0.37958333333333333,10.970833333333333,9.0625,3.4875000000000003,-6.2124999999999995,0.06395833333333333,0.21129166666666666,0.243,0.252
2022-07-23,q,5.929166666666667,68.83333333333333,0.5750000000000001,0.4583333333333333,1013.0333333333333,977.1583333333333,0.07291666666666667,94.33333333333333,68.25,98.45833333333333,49.708333333333336,113.95833333333333,27.416666666666668,86.54166666666667,62.550000000000004,14.825000000000001,17.383333333333333,39.291666666666664,91.66666666666667,23.59166666666667,0.06083333333333333,0.2975,8.329166666666667,7.920833333333333,3.4958333333333336,-5.9750000000000005,0.11241666666666666,0.209875,0.243,0.252
2022-07-24,q,4.866666666666666,84.58333333333333,2.466666666666667,1.8333333333333333,1017.2125,981.1750000000001,0.0,97.29166666666667,75.5,85.75,51.291666666666664,153.0,34.583333333333336,118.41666666666667,65.125,5.1375,4.825,112.0,95.20833333333333,7.566666666666666,0.06,0.13458333333333333,8.670833333333333,7.066666666666666,3.370833333333333,-5.733333333333333,0.178125,0.209,0.243,0.252
2022-07-25,q,4.691666666666666,81.95833333333333,1.8541666666666667,2.6083333333333334,1013.375,977.5375,0.0,23.833333333333332,21.5,7.375,0.0,252.875,183.875,69.0,511.7833333333333,3.0041666666666664,2.6958333333333333,67.70833333333333,198.79166666666666,5.733333333333333,0.09250000000000001,0.155,10.237499999999999,8.125,3.3208333333333333,-5.508333333333333,0.17166666666666666,0.209,0.243,0.252
2022-07-26,q,5.2625,69.95833333333333,0.2041666666666667,2.2583333333333333,1011.1458333333334,975.4416666666666,0.0,3.5833333333333335,0.4166666666666667,0.0,10.583333333333334,281.5416666666667,226.33333333333334,55.208333333333336,647.0749999999999,5.633333333333333,4.283333333333333,63.416666666666664,37.5,8.529166666666667,0.10791666666666666,0.26958333333333334,10.583333333333334,8.670833333333333,3.3958333333333335,-5.2875000000000005,0.14325,0.208875,0.243,0.252
2022-07-27,q,4.825,68.0,-0.6125,3.0999999999999996,1010.9958333333334,975.3416666666667,0.0,17.208333333333332,2.125,13.958333333333334,23.083333333333332,258.5416666666667,199.625,58.916666666666664,535.4333333333333,3.0416666666666665,3.6625,83.66666666666667,83.70833333333333,6.554166666666667,0.09958333333333334,0.27958333333333335,10.595833333333333,8.7125,3.4958333333333336,-5.070833333333334,0.116,0.208,0.243,0.252
2022-07-28,q,3.8791666666666664,69.16666666666667,-1.3083333333333333,0.05416666666666666,1010.65,974.6791666666667,0.0,3.875,3.5,1.0416666666666667,0.125,263.0416666666667,213.41666666666666,49.625,609.9708333333333,5.558333333333334,5.7375,92.83333333333333,68.83333333333333,9.975,0.08666666666666667,0.25375,10.245833333333334,8.512500000000001,3.591666666666667,-4.858333333333333,0.09316666666666666,0.206875,0.243,0.252
2022-07-29,q,3.8333333333333335,61.333333333333336,-2.966666666666667,-0.9125,1007.8833333333333,971.9791666666666,0.0,4.666666666666667,0.25,3.8333333333333335,7.083333333333333,284.125,235.54166666666666,48.583333333333336,673.7208333333333,8.6,10.795833333333334,65.16666666666667,39.916666666666664,12.720833333333333,0.09166666666666667,0.3129166666666667,9.995833333333334,8.345833333333333,3.670833333333334,-4.641666666666667,0.073625,0.20562499999999997,0.243,0.252
2022-07-30,q,4.754166666666666,57.791666666666664,-2.8833333333333333,-0.7125,1008.6916666666666,972.8416666666667,0.0,7.708333333333333,4.375,6.166666666666667,0.0,269.7083333333333,213.33333333333334,56.375,624.9833333333333,12.583333333333334,16.458333333333332,49.416666666666664,27.5,18.675,0.09500000000000001,0.36541666666666667,9.9,8.041666666666666,3.7000000000000006,-4.433333333333334,0.057541666666666665,0.20433333333333334,0.24216666666666664,0.252
2022-07-31,q,6.145833333333333,61.25,-0.7541666666666668,0.7000000000000001,1012.0,976.1666666666666,0.0,7.5,4.083333333333333,6.125,0.16666666666666666,253.41666666666666,192.33333333333334,61.083333333333336,584.4833333333333,10.904166666666667,13.845833333333333,55.875,30.416666666666668,16.070833333333333,0.09208333333333334,0.3670833333333334,10.716666666666667,8.079166666666667,3.7000000000000006,-4.233333333333333,0.04620833333333333,0.20270833333333335,0.242,0.252
2022-08-01,q,7.425,57.333333333333336,-0.46249999999999997,1.4749999999999999,1011.3583333333332,975.6374999999999,0.0,13.625,0.0,1.5833333333333333,42.291666666666664,260.5,207.875,52.625,578.6041666666666,10.575000000000001,13.25,56.916666666666664,30.25,16.291666666666668,0.09916666666666667,0.44249999999999995,11.941666666666668,8.654166666666667,3.7708333333333335,-4.033333333333333,0.0365,0.20133333333333336,0.242,0.252
2022-08-02,q,6.3875,59.875,-0.8666666666666667,0.75,1011.65,975.8333333333334,0.0,5.5,0.0,0.0,18.25,262.2916666666667,212.83333333333334,49.458333333333336,630.2166666666667,10.445833333333333,9.454166666666667,56.916666666666664,26.125,15.975,0.09541666666666666,0.38999999999999996,11.775,9.012500000000001,3.8874999999999997,-3.8375,0.029875,0.19966666666666666,0.242,0.252
2022-08-03,q,5.741666666666667,60.75,-1.2833333333333334,0.2125,1017.0416666666666,980.9875000000001,0.0,7.708333333333333,1.25,0.0,22.0,260.7916666666667,213.08333333333334,47.708333333333336,646.625,11.304166666666667,12.454166666666666,55.458333333333336,30.291666666666668,17.608333333333334,0.09208333333333334,0.3666666666666667,11.2875,8.929166666666667,4.05,-3.6458333333333335,0.025708333333333333,0.19833333333333333,0.242,0.252
2022-08-04,q,5.041666666666667,56.708333333333336,-2.8625000000000003,0.3125,1008.7333333333332,972.9333333333334,0.0,1.5833333333333333,0.041666666666666664,0.0,5.25,256.375,211.33333333333334,45.041666666666664,644.3958333333334,8.079166666666667,9.683333333333334,57.958333333333336,40.0,12.8125,0.09000000000000001,0.38166666666666665,10.970833333333333,8.695833333333333,4.1125,-3.4499999999999997,0.02345833333333333,0.19670833333333335,0.242,0.252
2022-08-05,q,5.904166666666666,52.458333333333336,-3.095833333333333,0.7166666666666667,1003.6625,968.1416666666668,0.0,0.0,0.0,0.0,0.0,256.5833333333333,214.20833333333334,42.375,660.4541666666667,10.025,12.058333333333332,55.25,29.75,15.887500000000001,0.09958333333333334,0.44416666666666665,11.441666666666668,8.795833333333333,4.195833333333334,-3.2541666666666664,0.021375,0.19545833333333332,0.242,0.252
2022-08-06,q,4.066666666666666,58.416666666666664,-3.3666666666666667,-1.2666666666666666,1007.3958333333334,971.4291666666667,0.0,5.541666666666667,0.125,0.5,17.083333333333332,240.08333333333334,188.33333333333334,51.75,602.6958333333333,7.833333333333333,7.4125000000000005,60.541666666666664,37.791666666666664,13.341666666666667,0.075,0.34375,10.320833333333335,8.612499999999999,4.2875,-3.0708333333333333,0.020416666666666666,0.19416666666666668,0.242,0.252
2022-08-07,q,3.8208333333333333,58.416666666666664,-3.608333333333333,-0.7791666666666667,1004.625,968.8375,0.0,0.5416666666666666,0.0,0.0,1.8333333333333333,239.20833333333334,188.95833333333334,50.25,597.9791666666666,8.495833333333334,8.833333333333334,60.041666666666664,35.125,13.670833333333334,0.08,0.33708333333333335,9.729166666666666,8.108333333333333,4.3,-2.8874999999999997,0.020041666666666666,0.19279166666666667,0.242,0.252
2022-08-08,q,3.625,59.708333333333336,-3.533333333333333,1.3041666666666667,1000.3708333333334,964.9625,0.0,1.875,2.0416666666666665,0.08333333333333333,0.0,239.25,195.25,44.0,615.8791666666667,6.216666666666666,12.466666666666667,95.625,80.16666666666667,11.254166666666668,0.08958333333333333,0.32416666666666666,10.275,8.125,4.3,-2.716666666666667,0.019541666666666666,0.19162500000000002,0.242,0.252
2022-08-09,q,2.983333333333333,66.875,-2.591666666666667,0.85,999.3708333333334,963.9291666666667,0.0,15.375,17.083333333333332,0.0,0.0,226.29166666666666,174.79166666666666,51.5,537.0583333333333,6.404166666666666,13.387500000000001,102.04166666666667,86.875,11.379166666666668,0.08041666666666668,0.2554166666666667,9.916666666666666,8.049999999999999,4.345833333333333,-2.5458333333333334,0.01933333333333333,0.1905,0.242,0.252
2022-08-10,q,2.525,65.58333333333333,-3.3125,-0.7875,1003.9583333333334,968.1875,0.0,4.833333333333333,5.125,0.0,0.375,224.5,178.41666666666666,46.083333333333336,559.7708333333334,7.8999999999999995,9.862499999999999,63.625,110.41666666666667,13.404166666666667,0.07791666666666668,0.25833333333333336,9.112499999999999,7.870833333333334,4.375,-2.3666666666666667,0.019125,0.18941666666666668,0.241125,0.252
2022-08-11,q,2.733333333333333,67.0,-2.783333333333333,-1.1125,1007.4416666666666,971.5416666666666,0.0,28.208333333333332,15.708333333333334,5.5,36.916666666666664,191.91666666666666,135.625,56.291666666666664,450.2625,10.183333333333334,12.049999999999999,40.958333333333336,18.541666666666668,15.4125,0.065,0.24875,8.133333333333333,7.233333333333333,4.3125,-2.216666666666667,0.01945833333333333,0.188375,0.241,0.252
2022-08-12,q,5.1000000000000005,60.458333333333336,-1.9291666666666665,-0.05416666666666667,1005.7875,970.1666666666666,0.005833333333333334,81.70833333333333,41.25,65.04166666666667,32.375,109.875,35.75,74.125,126.68333333333334,16.529166666666665,20.525000000000002,29.916666666666668,84.375,24.537499999999998,0.06458333333333334,0.34875000000000006,7.55,6.691666666666666,4.2625,-2.0541666666666667,0.021333333333333333,0.18737499999999999,0.241,0.252
2022-08-13,q,7.733333333333333,58.791666666666664,0.15833333333333335,1.5250000000000001,1004.0916666666667,968.8041666666667,0.005833333333333334,89.95833333333333,9.041666666666666,99.70833333333333,77.16666666666667,79.54166666666667,8.083333333333334,71.45833333333333,23.383333333333336,21.254166666666666,28.879166666666666,25.666666666666668,152.33333333333334,33.15416666666667,0.07541666666666667,0.43625,7.3625,6.25,4.1499999999999995,-1.9124999999999999,0.03841666666666667,0.1865416666666667,0.241,0.252
2022-08-14,q,7.9624999999999995,57.75,0.14583333333333334,1.7208333333333332,1006.9041666666667,971.5,0.0,93.79166666666667,7.5,99.125,95.95833333333333,84.83333333333333,6.0,78.83333333333333,15.983333333333334,19.325,25.983333333333334,37.5,61.625,28.75,0.07333333333333333,0.45291666666666663,7.708333333333333,6.425,4.075,-1.7666666666666666,0.044375,0.18595833333333334,0.241,0.252
2022-08-15,q,7.316666666666666,61.125,0.29583333333333334,1.4416666666666667,1008.3625000000001,972.8125,0.0,69.16666666666667,21.458333333333332,77.79166666666667,10.458333333333334,103.58333333333333,29.75,73.83333333333333,88.2625,15.862499999999999,20.408333333333335,36.541666666666664,14.541666666666666,24.016666666666666,0.06625,0.4008333333333333,7.8875,6.4750000000000005,4.0,-1.6416666666666666,0.041625,0.18499999999999997,0.241,0.252
2022-08-16,q,5.1000000000000005,64.125,-1.2041666666666666,1.0708333333333333,1008.4125,972.725,0.0,26.833333333333332,6.958333333333333,25.708333333333332,19.0,166.41666666666666,107.375,59.041666666666664,373.14166666666665,7.754166666666666,11.391666666666666,66.95833333333333,36.625,12.983333333333334,0.06583333333333334,0.3229166666666667,7.691666666666666,6.516666666666667,4.0,-1.5208333333333333,0.03945833333333334,0.18441666666666667,0.241,0.252
2022-08-17,q,5.320833333333334,61.833333333333336,-1.5041666666666667,0.39999999999999997,1004.5625,968.9458333333333,0.0,41.708333333333336,11.125,34.958333333333336,35.75,178.70833333333334,122.04166666666667,56.666666666666664,370.66249999999997,10.629166666666666,13.545833333333334,50.666666666666664,24.375,15.35,0.07166666666666667,0.34958333333333336,8.391666666666667,6.695833333333333,4.0,-1.383333333333333,0.034125,0.18383333333333332,0.241,0.252
2022-08-18,q,5.375,70.79166666666667,0.46666666666666673,1.6208333333333333,1010.5083333333333,974.7125,0.0,95.875,31.75,76.91666666666667,95.29166666666667,136.91666666666666,51.166666666666664,85.75,155.52083333333334,5.429166666666667,4.054166666666666,55.375,107.875,8.416666666666666,0.05666666666666667,0.26416666666666666,8.583333333333334,6.833333333333333,4.008333333333334,-1.2708333333333333,0.030666666666666665,0.18299999999999997,0.241,0.252
2022-08-19,q,3.466666666666667,79.0,0.125,1.0458333333333334,1016.0458333333332,979.9708333333333,0.0,55.458333333333336,32.375,50.083333333333336,40.541666666666664,145.125,76.25,68.875,242.25,4.2749999999999995,4.795833333333333,75.16666666666667,67.375,6.720833333333334,0.05125,0.16666666666666666,7.5375000000000005,6.691666666666666,4.095833333333333,-1.1583333333333334,0.03925,0.18233333333333332,0.24,0.252
2022-08-20,q,1.5583333333333333,65.16666666666667,-4.3875,-2.1125000000000003,1011.3000000000001,975.1416666666668,0.0,6.958333333333333,0.9166666666666666,0.375,19.583333333333332,176.25,136.25,40.0,457.8666666666666,8.145833333333334,11.924999999999999,50.791666666666664,28.583333333333332,12.520833333333334,0.06083333333333333,0.24375,5.270833333333333,5.845833333333334,4.079166666666667,-1.05,0.03791666666666666,0.18200000000000002,0.24,0.252
2022-08-21,q,2.6791666666666667,58.125,-4.766666666666667,-1.7208333333333332,1006.8166666666666,970.8833333333333,0.0,20.5,0.5,3.1666666666666665,60.333333333333336,171.375,123.58333333333333,47.791666666666664,404.4916666666666,9.816666666666666,13.075000000000001,39.583333333333336,15.791666666666666,15.833333333333334,0.06291666666666666,0.3154166666666667,5.6000000000000005,5.208333333333333,3.970833333333333,-0.9416666666666668,0.034083333333333334,0.18104166666666666,0.24,0.252
2022-08-22,q,1.6541666666666668,67.95833333333333,-3.670833333333333,-2.529166666666667,1011.0291666666667,974.8458333333333,0.0,31.583333333333332,5.791666666666667,19.25,49.166666666666664,162.20833333333334,120.45833333333333,41.75,401.0,10.387500000000001,13.470833333333333,50.625,30.333333333333332,15.4625,0.055,0.22416666666666665,4.729166666666667,4.8125,3.8541666666666665,-0.8416666666666667,0.03133333333333333,0.18066666666666667,0.24,0.252
2022-08-23,q,0.5541666666666667,61.875,-5.958333333333333,-2.4208333333333334,1004.4875000000001,968.5291666666667,0.0,2.0,0.041666666666666664,0.0,6.458333333333333,171.625,140.625,31.0,488.34999999999997,7.733333333333333,11.266666666666666,60.041666666666664,37.041666666666664,12.629166666666668,0.06166666666666667,0.24541666666666664,3.8083333333333336,4.3,3.6875,-0.75,0.0295,0.18000000000000002,0.24,0.252
2022-08-24,q,2.716666666666667,66.79166666666667,-2.9416666666666664,-0.45,1002.3583333333332,966.6750000000001,0.014583333333333335,38.666666666666664,13.416666666666666,34.583333333333336,48.791666666666664,118.33333333333333,77.95833333333333,40.375,282.09999999999997,7.995833333333334,10.116666666666667,59.625,46.583333333333336,13.308333333333332,0.046250000000000006,0.25333333333333335,4.379166666666666,4.083333333333333,3.5416666666666665,-0.6625,0.031625,0.17937499999999998,0.24,0.252
2022-08-25,q,2.9375,63.5,-3.341666666666667,-0.375,1014.3249999999999,978.2791666666667,0.0,33.625,11.291666666666666,23.583333333333332,38.916666666666664,116.41666666666667,66.41666666666667,50.0,238.3791666666667,10.270833333333334,15.4,54.916666666666664,35.875,15.783333333333333,0.04958333333333333,0.27875,3.158333333333333,3.5625,3.3666666666666667,-0.5875,0.043541666666666666,0.17899999999999996,0.24,0.252
2022-08-26,q,2.966666666666667,58.166666666666664,-4.508333333333334,-0.4416666666666667,1012.9916666666667,976.9916666666667,0.0,8.791666666666666,2.7083333333333335,0.6666666666666666,19.75,154.125,125.0,29.125,440.45,10.1625,13.916666666666666,48.25,23.708333333333332,16.295833333333334,0.06375,0.325,4.325,3.775,3.204166666666667,-0.5,0.04016666666666666,0.1784583333333333,0.24,0.252
2022-08-27,q,0.875,66.5,-4.733333333333333,-1.8083333333333333,1014.8416666666667,978.5875,0.0,5.041666666666667,1.3333333333333333,3.4166666666666665,5.625,149.08333333333334,119.95833333333333,29.125,431.7291666666667,9.083333333333334,11.325000000000001,48.708333333333336,21.583333333333332,14.5875,0.051666666666666666,0.225,3.0500000000000003,3.533333333333333,3.0833333333333335,-0.42500000000000004,0.03733333333333333,0.17800000000000002,0.23949999999999996,0.252
2022-08-28,q,-0.6,68.91666666666667,-5.670833333333333,-2.8666666666666667,1015.3791666666666,978.9666666666667,0.0,3.2916666666666665,0.0,4.166666666666667,2.5,146.08333333333334,118.875,27.208333333333332,432.3041666666666,7.333333333333333,8.225,51.958333333333336,18.458333333333332,13.679166666666667,0.04708333333333334,0.18875,1.8250000000000002,2.858333333333333,2.9458333333333333,-0.375,0.035458333333333335,0.177625,0.239,0.252
2022-08-29,q,-1.0791666666666668,72.54166666666667,-5.425,-3.5124999999999997,1015.9666666666667,979.4333333333334,0.0,15.041666666666666,5.666666666666667,14.5,4.083333333333333,138.91666666666666,112.33333333333333,26.583333333333332,403.7791666666667,6.925,8.454166666666667,54.708333333333336,23.583333333333332,12.879166666666668,0.042916666666666665,0.15875,1.4083333333333332,2.2333333333333334,2.7375000000000003,-0.3,0.03441666666666667,0.17699999999999996,0.239,0.252
2022-08-30,q,-1.5875000000000001,75.29166666666667,-5.441666666666666,-3.6166666666666667,1010.6750000000001,974.2708333333334,0.0,0.0,0.0,0.0,0.0,140.125,114.58333333333333,25.541666666666668,424.9375,4.454166666666667,5.583333333333333,73.25,46.583333333333336,10.783333333333333,0.03916666666666667,0.13916666666666666,0.6333333333333333,1.7750000000000001,2.5208333333333335,-0.24583333333333335,0.03358333333333333,0.17679166666666665,0.239,0.252
2022-08-31,q,-0.3374999999999999,73.41666666666667,-4.533333333333333,-2.85,1008.3708333333334,972.1791666666667,0.0,0.0,0.0,0.0,0.0,136.5,111.83333333333333,24.666666666666668,422.19166666666666,6.666666666666667,8.508333333333335,73.54166666666667,43.208333333333336,11.816666666666668,0.03958333333333333,0.16166666666666665,1.0208333333333333,1.5416666666666667,2.2875,-0.20000000000000004,0.03308333333333333,0.17600000000000002,0.239,0.252
2022-09-01,q,0.7958333333333334,71.04166666666667,-3.8874999999999997,-1.9958333333333333,1018.6958333333333,982.2541666666666,0.0,30.5,28.041666666666668,5.833333333333333,5.708333333333333,106.08333333333333,77.625,28.458333333333332,304.875,7.891666666666667,9.541666666666666,41.375,88.95833333333333,12.770833333333334,0.035833333333333335,0.19166666666666665,1.5541666666666665,1.5833333333333333,2.0833333333333335,-0.15833333333333335,0.0325,0.17600000000000002,0.239,0.252
2022-09-02,q,2.0791666666666666,65.25,-3.858333333333333,-1.2083333333333333,1015.9166666666666,979.6875,0.0,73.54166666666667,17.25,54.958333333333336,83.25,66.45833333333333,20.875,45.583333333333336,88.10833333333333,8.708333333333334,12.487499999999999,64.375,40.25,13.1875,0.03416666666666667,0.2520833333333333,1.3458333333333332,1.5,1.9249999999999998,-0.10000000000000002,0.033125,0.17512499999999998,0.239,0.252
2022-09-03,q,5.9624999999999995,68.75,0.6,1.9083333333333332,1004.9333333333334,969.475,0.0,94.45833333333333,44.625,87.70833333333333,88.70833333333333,40.416666666666664,0.75,39.666666666666664,3.1666666666666665,11.441666666666668,15.2875,54.541666666666664,131.375,18.162499999999998,0.03833333333333334,0.2916666666666667,4.070833333333334,2.275,1.8,-0.10000000000000002,0.06520833333333333,0.17499999999999996,0.239,0.252
2022-09-04,q,6.808333333333334,69.83333333333333,1.675,1.7333333333333334,1012.4583333333334,976.8291666666668,0.0,97.875,30.208333333333332,96.79166666666667,81.91666666666667,41.916666666666664,3.5416666666666665,38.375,14.154166666666667,18.2,22.683333333333334,37.083333333333336,18.25,26.71666666666667,0.045000000000000005,0.30083333333333334,4.254166666666666,3.1875,1.8458333333333332,-0.02916666666666667,0.124125,0.17499999999999996,0.23866666666666667,0.252
2022-09-05,q,6.6125,82.20833333333333,3.7375000000000003,2.2958333333333334,1010.2416666666667,974.625,0.0,99.33333333333333,57.666666666666664,97.875,81.70833333333333,27.666666666666668,0.25,27.416666666666668,0.7791666666666667,12.558333333333332,18.5,50.291666666666664,34.166666666666664,17.325,0.025833333333333333,0.17708333333333334,4.245833333333334,3.475,1.9333333333333333,0.03333333333333333,0.19645833333333332,0.17533333333333334,0.238,0.252
2022-09-06,q,6.933333333333334,69.04166666666667,1.625,1.5958333333333332,1010.7375000000001,975.1458333333334,0.0,76.58333333333333,17.75,80.5,42.583333333333336,39.208333333333336,4.541666666666667,34.666666666666664,14.616666666666667,18.141666666666666,22.879166666666666,31.291666666666668,127.375,26.2375,0.04666666666666667,0.3104166666666667,3.9291666666666667,3.6750000000000003,2.0500000000000003,0.10000000000000002,0.23475,0.17670833333333333,0.238,0.252
2022-09-07,q,3.704166666666667,78.125,0.1625,0.7374999999999999,1017.0625,980.975,0.0,88.83333333333333,27.041666666666668,90.375,57.041666666666664,55.541666666666664,12.625,42.916666666666664,43.2125,7.254166666666666,9.450000000000001,47.166666666666664,66.41666666666667,9.691666666666666,0.02625,0.18333333333333335,2.6833333333333336,2.9250000000000003,2.1,0.10000000000000002,0.22866666666666668,0.17841666666666667,0.238,0.252
2022-09-08,q,1.9875,86.33333333333333,-0.05833333333333333,0.7708333333333334,1017.5625,981.3249999999999,0.05250000000000001,91.95833333333333,62.708333333333336,89.83333333333333,8.541666666666666,61.958333333333336,21.75,40.208333333333336,88.48333333333333,1.9000000000000001,2.8791666666666664,234.29166666666666,213.0,3.6666666666666665,0.022083333333333333,0.09749999999999999,2.4458333333333333,2.5625,2.0875,0.1625,0.22220833333333334,0.179625,0.238,0.252
2022-09-09,q,0.8958333333333334,73.91666666666667,-3.3541666666666665,-1.9124999999999999,1019.0749999999999,982.6125000000001,0.0,26.416666666666668,18.75,19.291666666666668,0.041666666666666664,77.25,49.0,28.25,201.96666666666667,7.320833333333333,11.204166666666666,47.125,26.083333333333332,10.700000000000001,0.02875,0.16749999999999998,0.26249999999999996,1.3541666666666667,1.9749999999999999,0.20000000000000004,0.21883333333333332,0.18070833333333333,0.238,0.252
2022-09-10,q,1.4708333333333332,69.875,-3.4625,-2.025,1016.0791666666668,979.7291666666666,0.0,41.791666666666664,33.041666666666664,34.083333333333336,1.2916666666666667,69.16666666666667,44.333333333333336,24.833333333333332,202.75,8.391666666666667,11.908333333333333,45.916666666666664,28.208333333333332,12.25,0.029583333333333333,0.2070833333333333,-0.31666666666666665,0.06250000000000001,1.7416666666666665,0.20000000000000004,0.21183333333333332,0.18158333333333332,0.238,0.252
2022-09-11,q,5.004166666666666,74.875,0.8916666666666666,0.65,1004.9458333333333,969.3625000000001,0.0,91.5,45.5,69.04166666666667,65.16666666666667,38.958333333333336,11.333333333333334,27.625,44.949999999999996,13.350000000000001,17.85833333333333,48.25,28.625,18.558333333333334,0.0325,0.22166666666666668,1.8333333333333333,0.9083333333333333,1.4958333333333333,0.2333333333333333,0.22720833333333335,0.1824583333333333,0.238,0.252
2022-09-12,q,4.441666666666666,78.45833333333333,0.9291666666666667,0.7999999999999999,1004.5041666666666,968.875,0.0,100.0,57.833333333333336,97.41666666666667,93.25,41.333333333333336,7.375,33.958333333333336,29.520833333333332,9.225,12.270833333333334,41.083333333333336,19.5,12.25,0.02291666666666667,0.18666666666666668,2.5,1.9416666666666667,1.3999999999999997,0.3,0.2581666666666667,0.18437499999999998,0.238,0.252
2022-09-13,q,2.783333333333333,78.45833333333333,-0.6166666666666667,-0.008333333333333344,1009.7791666666667,973.8208333333333,0.0,81.5,7.916666666666667,78.29166666666667,93.54166666666667,54.791666666666664,14.166666666666666,40.625,64.69583333333334,5.125,6.491666666666666,75.29166666666667,47.541666666666664,8.920833333333333,0.02,0.16291666666666668,0.9291666666666667,1.5416666666666667,1.4583333333333333,0.3,0.27229166666666665,0.1884583333333333,0.238,0.252
2022-09-14,q,2.779166666666667,82.83333333333333,0.12916666666666668,0.13749999999999998,1011.9,975.8916666666668,0.0,90.25,59.958333333333336,70.66666666666667,24.375,57.458333333333336,26.541666666666668,30.916666666666668,117.325,5.358333333333333,6.370833333333334,53.0,51.458333333333336,7.6125,0.020416666666666666,0.12833333333333333,1.3208333333333333,1.1500000000000001,1.3708333333333333,0.3,0.2670416666666667,0.19204166666666667,0.2370833333333333,0.252
2022-09-15,q,1.125,80.875,-1.8041666666666665,-0.8333333333333334,1010.1374999999999,974.0708333333333,0.0,45.666666666666664,17.5,49.541666666666664,1.25,60.458333333333336,30.791666666666668,29.666666666666668,147.3,4.3125,5.0,87.70833333333333,58.708333333333336,7.8374999999999995,0.01916666666666667,0.1275,-0.07083333333333335,0.5666666666666667,1.2708333333333333,0.3,0.258875,0.19495833333333334,0.237,0.252
2022-09-16,q,1.8333333333333333,90.5,0.4583333333333333,-0.30416666666666664,1015.5833333333334,979.3333333333334,0.06416666666666666,100.0,87.25,98.20833333333333,28.291666666666668,38.291666666666664,4.291666666666667,34.0,19.491666666666664,3.9333333333333336,5.2749999999999995,62.333333333333336,152.25,7.116666666666667,0.01375,0.06583333333333334,1.0041666666666667,0.6,1.1208333333333333,0.32916666666666666,0.2687916666666667,0.19745833333333332,0.237,0.252
2022-09-17,q,-0.6541666666666667,92.70833333333333,-1.6958333333333335,-2.1166666666666667,1016.9791666666666,980.4583333333334,0.0,69.70833333333333,70.625,14.416666666666666,0.08333333333333333,52.0,29.333333333333332,22.666666666666668,137.49166666666667,3.341666666666667,3.6333333333333333,130.0,98.16666666666667,10.033333333333333,0.013333333333333334,0.04083333333333333,-0.4375,0.32916666666666666,1.0458333333333334,0.4000000000000001,0.27175,0.20091666666666666,0.237,0.252
2022-09-18,q,-3.095833333333333,74.875,-6.933333333333334,-4.879166666666666,1008.6,972.1583333333333,0.0,5.958333333333333,6.458333333333333,0.0,0.0,64.70833333333333,48.916666666666664,15.791666666666666,253.7458333333333,6.675000000000001,9.75,76.25,52.291666666666664,12.058333333333332,0.02125,0.12291666666666667,-3.1166666666666667,-1.6666666666666667,0.7833333333333333,0.4000000000000001,0.2637916666666667,0.20287500000000003,0.237,0.252
2022-09-19,q,-2.6083333333333334,70.33333333333333,-7.25,-4.783333333333333,1002.3958333333334,966.1916666666666,0.0,29.625,11.791666666666666,30.541666666666668,1.9583333333333333,60.625,43.083333333333336,17.541666666666668,227.02083333333334,6.575,9.108333333333333,63.208333333333336,83.0,12.9125,0.017916666666666668,0.15125000000000002,-3.9250000000000003,-3.033333333333333,0.25833333333333336,0.4000000000000001,0.26208333333333333,0.203875,0.237,0.252
2022-09-20,q,-4.7875000000000005,82.08333333333333,-7.3999999999999995,-6.295833333333333,1000.475,964.1666666666666,0.0,28.25,1.25,40.75,8.833333333333334,54.541666666666664,34.416666666666664,20.125,187.42916666666667,7.229166666666667,8.941666666666666,71.91666666666667,45.75,14.908333333333333,0.017499999999999998,0.07916666666666666,-4.841666666666667,-3.6458333333333335,-0.3416666666666666,0.4000000000000001,0.26108333333333333,0.204,0.237,0.252
2022-09-21,q,-3.4,73.45833333333333,-7.508333333333334,-5.629166666666666,1002.5916666666667,966.3125,0.0,89.95833333333333,32.375,94.58333333333333,62.625,41.458333333333336,15.75,25.708333333333332,90.25833333333333,7.591666666666666,10.1,38.333333333333336,87.75,14.5625,0.017083333333333336,0.12791666666666665,-4.254166666666667,-3.845833333333333,-0.9125000000000001,0.3416666666666666,0.261,0.204,0.237,0.252
2022-09-22,q,-4.058333333333334,61.458333333333336,-10.4,-6.908333333333334,1003.7458333333334,967.3791666666666,0.0,35.708333333333336,12.583333333333334,40.041666666666664,1.1666666666666667,44.958333333333336,23.333333333333332,21.625,129.65416666666667,12.516666666666666,17.025000000000002,37.583333333333336,22.166666666666668,21.0,0.029166666666666664,0.1775,-4.641666666666667,-3.65,-1.3166666666666667,0.3,0.261,0.204,0.237,0.252
2022-09-23,q,-5.6375,62.916666666666664,-11.608333333333334,-8.4125,1002.6083333333332,966.0416666666666,0.0,49.375,10.416666666666666,66.5,0.0,49.875,32.875,17.0,189.0625,10.225,13.200000000000001,24.625,85.875,18.245833333333334,0.019583333333333335,0.15041666666666667,-5.829166666666667,-4.7749999999999995,-1.7666666666666666,0.29583333333333334,0.261,0.204,0.237,0.252
2022-09-24,q,-9.112499999999999,76.5,-12.545833333333334,-10.758333333333333,998.3625000000001,961.5958333333333,0.0,10.25,3.0833333333333335,12.375,0.0,47.958333333333336,33.25,14.708333333333334,201.14166666666665,6.741666666666666,8.362499999999999,37.375,61.833333333333336,15.345833333333333,0.011250000000000001,0.07625,-7.966666666666666,-6.054166666666667,-2.3291666666666666,0.20000000000000004,0.261,0.204,0.237,0.252
2022-09-25,q,-3.9125,58.5,-10.875,-8.737499999999999,1009.5541666666667,972.8583333333332,0.02916666666666667,98.79166666666667,61.083333333333336,94.33333333333333,26.833333333333332,25.583333333333332,5.125,20.458333333333332,35.36666666666667,18.45,21.816666666666666,22.333333333333332,129.0,28.679166666666664,0.029583333333333333,0.1925,-6.4750000000000005,-6.229166666666667,-2.9958333333333336,0.15,0.261,0.204,0.237,0.252
2022-09-26,q,-1.1416666666666668,61.708333333333336,-7.5874999999999995,-5.279166666666667,1007.3458333333333,971.1083333333332,0.02916666666666667,82.5,28.208333333333332,91.66666666666667,25.333333333333332,23.5,5.541666666666667,17.958333333333332,31.295833333333334,17.341666666666665,23.09166666666667,43.791666666666664,26.833333333333332,26.454166666666666,0.03333333333333333,0.2175,-4.554166666666666,-4.554166666666666,-3.2624999999999997,0.06666666666666667,0.261,0.204,0.237,0.252
2022-09-27,q,0.45,78.08333333333333,-2.9625,-2.3958333333333335,1002.0916666666667,966.2166666666667,0.08458333333333334,99.83333333333333,56.291666666666664,98.20833333333333,52.458333333333336,17.833333333333332,2.25,15.583333333333334,18.570833333333333,9.9125,13.116666666666667,49.666666666666664,26.291666666666668,13.333333333333334,0.01375,0.13833333333333334,-3.3083333333333336,-3.625,-3.2291666666666665,-0.075,0.26108333333333333,0.204,0.237,0.252
2022-09-28,q,-0.43333333333333335,80.375,-3.408333333333333,-2.6666666666666665,1004.525,968.5291666666667,0.08750000000000001,96.70833333333333,78.66666666666667,84.625,0.0,12.291666666666666,0.4166666666666667,11.875,2.233333333333333,9.604166666666666,12.825000000000001,168.5,279.9583333333333,14.887500000000001,0.01375,0.11458333333333333,-3.0041666666666664,-3.0541666666666667,-3.0416666666666665,-0.15,0.263875,0.20420833333333333,0.237,0.252
2022-09-29,q,-3.283333333333333,80.70833333333333,-6.145833333333333,-5.054166666666666,1008.4,971.975,0.07,96.375,70.0,81.79166666666667,0.625,20.958333333333332,5.25,15.708333333333334,31.03333333333333,9.229166666666666,11.558333333333332,83.45833333333333,310.6666666666667,14.995833333333332,0.010833333333333334,0.09583333333333333,-3.5375,-3.2375000000000003,-2.904166666666667,-0.2041666666666667,0.264,0.205,0.237,0.252
2022-09-30,q,-6.508333333333333,79.16666666666667,-9.558333333333334,-8.262500000000001,1004.1958333333333,967.6166666666667,0.0,31.208333333333332,30.625,5.916666666666667,0.0,28.666666666666668,15.375,13.291666666666666,105.77083333333333,11.329166666666666,15.291666666666666,121.04166666666667,109.83333333333333,23.46666666666667,0.02125,0.07708333333333334,-5.3,-4.358333333333333,-2.920833333333333,-0.3,0.264,0.205,0.237,0.252
2022-10-01,q,-8.466666666666667,73.125,-12.454166666666666,-10.762500000000001,1003.5541666666667,966.7291666666666,0.0,18.291666666666668,19.458333333333332,1.2083333333333333,0.0,27.916666666666668,16.833333333333332,11.083333333333334,124.08749999999999,13.025,18.445833333333333,91.91666666666667,82.625,25.40416666666667,0.027083333333333334,0.08916666666666667,-6.825,-5.633333333333333,-3.1625,-0.36250000000000004,0.264,0.205,0.237,0.252
2022-10-02,q,-9.075000000000001,71.5,-13.295833333333334,-11.058333333333332,1002.4499999999999,965.4833333333332,0.0,10.25,10.583333333333334,1.1666666666666667,0.0,26.291666666666668,16.25,10.041666666666666,126.675,6.0874999999999995,7.883333333333333,35.0,28.291666666666668,14.195833333333333,0.005416666666666667,0.08875,-7.895833333333333,-6.675,-3.591666666666667,-0.4375,0.264,0.205,0.237,0.252
2022-10-03,q,-9.595833333333333,71.29166666666667,-13.825000000000001,-11.487499999999999,1001.35,964.3625000000001,0.0,64.45833333333333,35.333333333333336,37.5,55.291666666666664,21.208333333333332,9.291666666666666,11.916666666666666,75.09166666666667,6.0874999999999995,7.012499999999999,60.0,31.333333333333332,14.4375,0.0062499999999999995,0.08583333333333333,-8.408333333333333,-7.266666666666667,-4.070833333333334,-0.5291666666666667,0.264,0.205,0.237,0.252
2022-10-04,q,-6.7375,66.75,-11.883333333333333,-9.070833333333333,995.6208333333334,959.1083333333332,0.0,95.625,39.5,91.33333333333333,72.58333333333333,16.625,2.7083333333333335,13.916666666666666,23.758333333333336,4.395833333333333,3.516666666666667,84.70833333333333,69.95833333333333,10.674999999999999,0.005,0.12291666666666667,-8.058333333333334,-7.316666666666666,-4.491666666666666,-0.6333333333333333,0.264,0.205,0.237,0.252
2022-10-05,q,-7.154166666666666,71.25,-11.466666666666667,-9.358333333333333,996.5041666666666,959.9833333333332,0.02041666666666667,85.625,57.916666666666664,86.29166666666667,11.166666666666666,17.041666666666668,7.25,9.791666666666666,58.4375,6.845833333333334,7.875,77.41666666666667,54.375,14.3125,0.008333333333333333,0.10458333333333335,-7.708333333333333,-7.070833333333333,-4.783333333333333,-0.7374999999999999,0.264,0.205,0.237,0.252
2022-10-06,q,-9.408333333333333,67.70833333333333,-14.279166666666667,-12.012500000000001,999.0416666666666,962.1374999999999,0.0,46.083333333333336,32.25,45.958333333333336,0.2916666666666667,16.0,6.958333333333333,9.041666666666666,64.14166666666667,8.454166666666667,10.441666666666666,65.16666666666667,49.833333333333336,17.075,0.011250000000000001,0.09791666666666667,-8.625,-7.629166666666666,-5.016666666666667,-0.8541666666666666,0.264,0.205,0.237,0.252
2022-10-07,q,-11.549999999999999,64.375,-16.962500000000002,-11.875,1008.1999999999999,971.0625,0.0,72.0,44.333333333333336,64.125,0.0,14.5,5.333333333333333,9.166666666666666,45.51666666666667,13.233333333333334,17.070833333333333,32.583333333333336,21.583333333333332,22.883333333333336,0.02,0.09000000000000001,-8.504166666666666,-7.729166666666667,-5.2875000000000005,-0.9666666666666667,0.264,0.205,0.237,0.252
2022-10-08,q,-14.0625,63.833333333333336,-19.470833333333335,-14.354166666666666,1010.8249999999999,973.1583333333333,0.0,19.083333333333332,19.833333333333332,0.8333333333333334,2.2083333333333335,16.333333333333332,10.625,5.708333333333333,104.00416666666666,8.479166666666666,10.487499999999999,37.666666666666664,17.166666666666668,18.474999999999998,0.005,0.07625,-9.708333333333334,-8.4625,-5.545833333333333,-1.0875000000000001,0.264,0.205,0.237,0.252
2022-10-09,q,-17.462500000000002,65.16666666666667,-22.433333333333334,-15.345833333333333,1014.25,976.4333333333334,0.0,7.5,4.833333333333333,1.5,7.416666666666667,14.875,9.583333333333334,5.291666666666667,97.67083333333333,13.575000000000001,17.304166666666667,32.708333333333336,17.791666666666668,25.087500000000002,0.011666666666666667,0.05541666666666667,-10.470833333333333,-9.270833333333334,-5.920833333333333,-1.2291666666666667,0.264,0.205,0.237,0.252
2022-10-10,q,-13.762500000000001,50.875,-21.849999999999998,-15.0625,1003.225,965.7583333333333,0.0,0.2916666666666667,0.0,0.0,0.9583333333333334,13.916666666666666,9.041666666666666,4.875,89.64999999999999,7.470833333333334,11.15,36.666666666666664,20.958333333333332,20.133333333333333,0.009166666666666667,0.10458333333333332,-11.158333333333333,-9.879166666666666,-6.333333333333333,-1.3583333333333334,0.264,0.205,0.237,0.252
2022-10-11,q,-15.174999999999999,55.583333333333336,-22.15833333333333,-15.674999999999999,999.4583333333334,962.1083333333332,0.0,15.458333333333334,9.166666666666666,7.041666666666667,9.916666666666666,12.041666666666666,7.5,4.541666666666667,78.26666666666667,11.020833333333334,14.475,37.208333333333336,19.875,22.575,0.013333333333333334,0.08583333333333333,-11.6875,-10.4375,-6.758333333333333,-1.5166666666666666,0.264,0.205,0.237,0.252
2022-10-12,q,-14.404166666666667,67.08333333333333,-19.212500000000002,-15.408333333333333,1005.8583333333332,968.2375000000001,0.0,65.79166666666667,68.70833333333333,6.125,0.3333333333333333,10.416666666666666,6.041666666666667,4.375,64.84166666666667,8.354166666666666,9.549999999999999,55.625,25.375,17.795833333333334,0.0020833333333333333,0.06666666666666667,-12.041666666666666,-10.8375,-7.166666666666667,-1.6708333333333334,0.264,0.205,0.237,0.252
2022-10-13,q,-15.533333333333333,62.958333333333336,-21.0,-15.612499999999999,1013.4083333333333,975.5041666666666,0.0,51.5,23.625,30.041666666666668,40.25,7.958333333333333,3.2083333333333335,4.75,39.958333333333336,10.0625,12.470833333333333,48.166666666666664,25.583333333333332,20.7375,0.008333333333333333,0.06916666666666667,-12.270833333333334,-11.154166666666667,-7.541666666666667,-1.8458333333333332,0.264,0.205,0.237,0.252
2022-10-14,q,-5.9875,64.08333333333333,-11.716666666666667,-10.054166666666667,1009.375,972.4583333333334,0.23916666666666667,99.08333333333333,63.375,99.0,75.33333333333333,4.166666666666667,0.0,4.166666666666667,0.0,15.729166666666666,17.483333333333334,32.583333333333336,89.375,26.458333333333332,0.019583333333333335,0.13958333333333334,-10.495833333333334,-10.325000000000001,-7.7875000000000005,-2.0208333333333335,0.264,0.205,0.237,0.252
2022-10-15,q,-7.1499999999999995,73.91666666666667,-11.1,-9.1875,1020.8000000000001,983.4833333333332,0.05833333333333334,96.875,54.25,73.625,81.45833333333333,3.0833333333333335,0.08333333333333333,3.0,0.7125,12.029166666666667,14.583333333333334,79.16666666666667,156.0,21.233333333333334,0.012916666666666667,0.09791666666666667,-9.470833333333333,-9.270833333333334,-7.758333333333333,-2.191666666666667,0.264,0.205,0.237,0.252
2022-10-16,q,0.5583333333333333,62.25,-5.8625,-4.695833333333334,1002.5958333333333,966.6708333333332,0.30625,100.0,68.66666666666667,97.0,65.70833333333333,1.5,0.0,1.5,0.0,21.420833333333334,33.49166666666667,229.75,313.4583333333333,35.03333333333333,0.03791666666666667,0.24291666666666667,-8.4125,-8.5,-7.591666666666666,-2.358333333333333,0.264,0.205,0.237,0.252
2022-10-17,q,-4.404166666666667,78.83333333333333,-7.55,-7.841666666666666,1006.2666666666668,969.6291666666666,0.17500000000000002,100.0,84.70833333333333,95.5,54.458333333333336,1.9166666666666667,0.08333333333333333,1.8333333333333333,0.4791666666666667,11.066666666666668,14.429166666666667,182.29166666666666,179.375,20.383333333333333,0.01,0.09666666666666666,-7.754166666666666,-7.7875000000000005,-7.3125,-2.529166666666667,0.264,0.205,0.237,0.252
2022-10-18,q,-9.5375,71.625,-13.733333333333334,-11.4625,1008.1666666666666,970.9625,0.0,96.70833333333333,62.333333333333336,86.54166666666667,66.79166666666667,2.7916666666666665,0.16666666666666666,2.625,1.2041666666666666,6.970833333333334,7.395833333333333,153.08333333333334,163.70833333333334,16.712500000000002,0.009583333333333334,0.08625,-8.012500000000001,-7.75,-7.058333333333334,-2.6625,0.264,0.205,0.237,0.252
2022-10-19,q,-11.504166666666668,63.833333333333336,-17.0125,-13.004166666666668,1017.1583333333333,979.4250000000001,0.002916666666666667,74.29166666666667,49.708333333333336,47.083333333333336,33.208333333333336,2.5,0.5833333333333334,1.9166666666666667,4.616666666666667,8.237499999999999,10.816666666666668,222.0,238.29166666666666,17.729166666666668,0.005833333333333334,0.09500000000000001,-8.320833333333333,-7.929166666666667,-6.895833333333333,-2.8000000000000003,0.264,0.205,0.237,0.252
2022-10-20,q,-16.870833333333334,60.833333333333336,-22.6875,-16.758333333333333,1026.4750000000001,987.9958333333334,0.0,18.958333333333332,20.666666666666668,0.375,0.0,2.4166666666666665,1.0833333333333333,1.3333333333333333,11.320833333333333,13.200000000000001,16.650000000000002,33.708333333333336,19.833333333333332,25.370833333333334,0.009583333333333334,0.06541666666666666,-9.041666666666666,-8.387500000000001,-6.825,-2.9375,0.264,0.205,0.237,0.252
2022-10-21,q,-17.458333333333332,51.75,-25.108333333333334,-17.912499999999998,1019.9250000000001,981.5708333333333,0.0,0.2916666666666667,0.125,0.2916666666666667,0.0,1.8333333333333333,0.7916666666666666,1.0416666666666667,8.5875,14.625,19.520833333333332,41.625,30.958333333333332,27.795833333333334,0.015,0.07666666666666666,-9.508333333333333,-8.8125,-6.9125000000000005,-3.0541666666666667,0.264,0.205,0.237,0.252
2022-10-22,q,-11.854166666666666,41.208333333333336,-22.495833333333334,-14.970833333333333,1000.8166666666666,963.4625,0.002916666666666667,48.083333333333336,2.9583333333333335,43.333333333333336,70.125,1.1666666666666667,0.375,0.7916666666666666,4.770833333333333,8.854166666666666,12.125,54.0,33.333333333333336,18.920833333333334,0.010833333333333334,0.14625,-9.854166666666666,-9.158333333333333,-7.045833333333333,-3.1750000000000003,0.264,0.205,0.237,0.252
2022-10-23,q,-4.279166666666667,68.66666666666667,-9.191666666666666,-6.929166666666667,995.2708333333334,959.0541666666667,0.11666666666666668,100.0,88.58333333333333,96.79166666666667,98.66666666666667,0.4166666666666667,0.0,0.4166666666666667,0.0,6.620833333333334,8.833333333333334,60.25,88.04166666666667,13.166666666666666,0.002916666666666667,0.14166666666666666,-8.975,-8.779166666666667,-7.166666666666667,-3.308333333333333,0.264,0.205,0.237,0.252
2022-10-24,q,-6.0625,78.375,-9.225,-7.866666666666667,1002.7416666666667,966.0833333333334,0.07583333333333334,96.16666666666667,77.79166666666667,86.29166666666667,92.83333333333333,0.2916666666666667,0.0,0.2916666666666667,0.0,3.8125,4.291666666666667,109.70833333333333,92.375,10.5875,0.0,0.08375,-8.291666666666666,-8.154166666666667,-7.108333333333333,-3.4291666666666667,0.264,0.205,0.237,0.252
2022-10-25,q,-8.045833333333333,58.666666666666664,-14.775,-10.204166666666667,1006.4625,969.5124999999999,0.0,75.79166666666667,12.333333333333334,82.95833333333333,50.083333333333336,0.125,0.0,0.125,0.0,10.266666666666667,14.4625,50.916666666666664,26.791666666666668,19.145833333333332,0.011250000000000001,0.13791666666666666,-8.35,-8.0375,-7.0249999999999995,-3.545833333333333,0.264,0.205,0.237,0.252
2022-10-26,q,-9.674999999999999,73.20833333333333,-13.670833333333334,-10.845833333333333,1009.8125,972.6291666666666,0.11666666666666665,93.875,66.29166666666667,85.125,32.0,0.041666666666666664,0.0,0.041666666666666664,0.0,8.341666666666667,10.541666666666666,116.83333333333333,128.0,17.304166666666667,0.004166666666666667,0.08291666666666667,-8.270833333333334,-8.025,-7.0,-3.654166666666667,0.264,0.205,0.237,0.252
2022-10-27,q,-14.85,57.916666666666664,-21.34166666666667,-16.775000000000002,1003.6041666666666,965.8916666666668,0.0,18.916666666666668,17.291666666666668,5.416666666666667,0.16666666666666666,0.0,0.0,0.0,0.0,8.841666666666667,11.454166666666666,44.625,28.25,18.795833333333334,0.005416666666666667,0.08208333333333333,-8.541666666666666,-8.0875,-6.9125000000000005,-3.7583333333333333,0.264,0.205,0.237,0.252
2022-10-28,q,-16.633333333333333,57.0,-23.195833333333336,-18.404166666666665,1001.8874999999999,964.0416666666666,0.0,79.41666666666667,72.29166666666667,38.541666666666664,0.0,0.0,0.0,0.0,0.0,9.924999999999999,12.141666666666666,47.958333333333336,23.291666666666668,19.841666666666665,0.0004166666666666667,0.07375,-9.179166666666667,-8.554166666666665,-6.991666666666667,-3.858333333333333,0.264,0.205,0.237,0.252
2022-10-29,q,-17.85,59.375,-23.866666666666664,-19.9875,997.0375,959.1291666666666,0.0,62.833333333333336,64.16666666666667,14.791666666666666,0.0,0.0,0.0,0.0,0.0,8.583333333333334,10.233333333333333,61.375,42.333333333333336,19.6375,0.0016666666666666668,0.0625,-9.4625,-8.858333333333334,-7.095833333333332,-3.9583333333333335,0.264,0.205,0.237,0.252
2022-10-30,q,-19.929166666666667,58.208333333333336,-26.054166666666664,-20.870833333333334,997.2166666666667,959.2541666666666,0.0,62.333333333333336,67.16666666666667,2.7916666666666665,0.0,0.0,0.0,0.0,0.0,12.483333333333334,14.879166666666668,36.708333333333336,19.791666666666668,23.912499999999998,0.0062499999999999995,0.0525,-9.816666666666668,-9.15,-7.245833333333334,-4.0625,0.264,0.205,0.237,0.252
2022-10-31,q,-17.154166666666665,58.0,-23.495833333333334,-18.995833333333334,996.0583333333334,958.3041666666667,0.0,84.5,75.20833333333333,26.833333333333332,18.625,0.0,0.0,0.0,0.0,7.558333333333334,8.345833333333333,62.083333333333336,32.0,15.429166666666667,0.0,0.06666666666666667,-9.866666666666667,-9.275,-7.3999999999999995,-4.1625000000000005,0.264,0.205,0.237,0.252
2022-11-01,q,-15.758333333333333,57.5,-22.2625,-16.866666666666667,995.7958333333332,958.3416666666667,0.00875,92.5,52.708333333333336,95.58333333333333,22.666666666666668,0.0,0.0,0.0,0.0,7.7625,9.725,50.291666666666664,92.91666666666667,15.466666666666667,0.0,0.07625,-9.829166666666667,-9.35,-7.545833333333333,-4.270833333333333,0.264,0.205,0.237,0.252
2022-11-02,q,-13.804166666666667,66.125,-18.766666666666666,-15.258333333333333,1010.4041666666667,972.5916666666667,0.04666666666666667,92.95833333333333,64.79166666666667,82.75,21.166666666666668,0.0,0.0,0.0,0.0,6.6875,9.129166666666666,79.20833333333333,204.83333333333334,15.1875,0.0020833333333333333,0.0725,-9.441666666666666,-9.1,-7.6125,-4.375,0.264,0.205,0.237,0.252
2022-11-03,q,-14.233333333333334,48.25,-22.870833333333334,-17.983333333333334,1011.4375,973.2833333333333,0.0,62.125,3.625,55.625,88.125,0.0,0.0,0.0,0.0,9.0625,11.549999999999999,54.333333333333336,34.208333333333336,14.1625,0.009166666666666667,0.1075,-9.470833333333333,-9.029166666666667,-7.7,-4.479166666666667,0.264,0.205,0.237,0.252
2022-11-04,q,-10.358333333333333,38.416666666666664,-21.929166666666664,-16.379166666666666,998.6333333333333,961.2875,0.0,48.291666666666664,0.0,40.0,81.04166666666667,0.0,0.0,0.0,0.0,14.1875,20.2625,50.208333333333336,31.416666666666668,22.208333333333332,0.018333333333333333,0.1775,-9.666666666666666,-9.183333333333332,-7.708333333333333,-4.579166666666667,0.264,0.205,0.237,0.252
2022-11-05,q,-10.308333333333334,60.208333333333336,-16.5625,-12.875,993.5500000000001,956.9,0.002916666666666667,73.75,25.333333333333332,70.95833333333333,45.166666666666664,0.0,0.0,0.0,0.0,17.620833333333334,25.170833333333334,107.08333333333333,108.91666666666667,27.208333333333332,0.019583333333333335,0.11375,-9.345833333333333,-9.079166666666667,-7.8,-4.683333333333334,0.264,0.205,0.237,0.252
2022-11-06,q,-14.095833333333333,55.875,-21.033333333333335,-16.370833333333334,1002.375,964.9,0.02916666666666667,78.70833333333333,24.416666666666668,97.54166666666667,0.75,0.0,0.0,0.0,0.0,14.9,19.3125,74.5,77.58333333333333,23.454166666666666,0.015833333333333335,0.09208333333333334,-9.3,-8.950000000000001,-7.8,-4.783333333333333,0.264,0.205,0.237,0.252
2022-11-07,q,-17.2625,60.75,-23.070833333333336,-19.733333333333334,1013.875,975.3833333333333,0.00875,75.25,39.833333333333336,75.375,18.5,0.0,0.0,0.0,0.0,9.945833333333333,12.679166666666667,224.79166666666666,320.3333333333333,17.308333333333334,0.006666666666666667,0.06291666666666666,-9.333333333333334,-8.941666666666666,-7.8,-4.879166666666667,0.264,0.205,0.237,0.252
2022-11-08,q,-17.316666666666666,58.125,-23.608333333333334,-20.666666666666668,1015.35,976.6458333333334,0.023333333333333334,100.0,83.04166666666667,98.875,4.166666666666667,0.0,0.0,0.0,0.0,8.120833333333334,9.870833333333334,80.79166666666667,114.625,12.891666666666666,0.0,0.0675,-9.6,-9.166666666666666,-7.816666666666666,-4.970833333333333,0.264,0.205,0.237,0.252
2022-11-09,q,-18.625,48.333333333333336,-26.8875,-22.34166666666667,1013.1708333333332,974.3541666666666,0.0,18.833333333333332,1.75,28.833333333333332,0.0,0.0,0.0,0.0,0.0,9.5,13.454166666666666,67.70833333333333,55.166666666666664,14.154166666666667,0.009583333333333334,0.07125000000000001,-9.862499999999999,-9.316666666666666,-7.900000000000001,-5.0625,0.264,0.205,0.237,0.252
2022-11-10,q,-20.404166666666665,47.208333333333336,-28.870833333333334,-25.733333333333334,1006.9375,967.8958333333334,0.0,25.125,27.333333333333332,0.6666666666666666,0.25,0.0,0.0,0.0,0.0,11.354166666666666,15.970833333333333,62.458333333333336,50.875,18.095833333333335,0.006666666666666667,0.06375,-10.520833333333334,-9.804166666666667,-8.020833333333334,-5.154166666666667,0.264,0.205,0.237,0.252
2022-11-11,q,-19.104166666666668,42.208333333333336,-28.8,-23.995833333333334,1005.475,966.6958333333333,0.0,20.166666666666668,22.125,0.25,0.0,0.0,0.0,0.0,0.0,9.354166666666666,12.641666666666666,42.833333333333336,22.708333333333332,15.299999999999999,0.005416666666666667,0.07833333333333334,-10.924999999999999,-10.216666666666667,-8.2,-5.245833333333334,0.264,0.205,0.237,0.252
2022-11-12,q,-16.6125,48.458333333333336,-24.995833333333334,-19.8875,1009.1875,970.7875,0.0,54.708333333333336,52.25,12.416666666666666,0.20833333333333334,0.0,0.0,0.0,0.0,6.175,7.916666666666667,57.833333333333336,27.0,10.083333333333334,0.0,0.08666666666666667,-11.075000000000001,-10.4375,-8.404166666666667,-5.345833333333334,0.264,0.205,0.237,0.252
2022-11-13,q,-12.862499999999999,54.625,-20.337500000000002,-17.233333333333334,1010.5791666666668,972.5,0.02916666666666667,98.375,81.25,81.45833333333333,23.041666666666668,0.0,0.0,0.0,0.0,6.666666666666667,6.558333333333334,118.875,98.375,13.145833333333334,0.0,0.105,-10.833333333333334,-10.383333333333335,-8.566666666666666,-5.441666666666666,0.264,0.205,0.237,0.252
2022-11-14,q,-15.295833333333334,83.79166666666667,-17.420833333333334,-18.995833333333334,1012.1041666666666,973.75,0.04083333333333334,76.375,78.16666666666667,25.708333333333332,7.166666666666667,0.0,0.0,0.0,0.0,8.720833333333333,8.979166666666666,170.58333333333334,173.875,16.041666666666668,0.0,0.03125,-10.35,-10.049999999999999,-8.683333333333332,-5.545833333333333,0.264,0.205,0.237,0.252
2022-11-15,q,-12.133333333333333,77.125,-15.354166666666666,-18.375,1000.8541666666666,962.9708333333333,0.0,83.125,69.25,17.25,55.625,0.0,0.0,0.0,0.0,6.220833333333334,5.933333333333334,154.33333333333334,161.45833333333334,13.549999999999999,0.0,0.05625,-10.3,-9.941666666666666,-8.7,-5.645833333333333,0.264,0.205,0.237,0.252
2022-11-16,q,-12.633333333333333,68.75,-17.204166666666666,-15.383333333333333,1003.5833333333334,965.9333333333334,0.03208333333333333,96.0,93.54166666666667,24.708333333333332,0.4583333333333333,0.0,0.0,0.0,0.0,3.4125,1.925,106.0,133.08333333333334,8.054166666666667,0.0,0.07291666666666667,-10.195833333333333,-9.887500000000001,-8.7,-5.741666666666667,0.264,0.205,0.237,0.252
2022-11-17,q,-17.425,77.75,-20.412499999999998,-19.900000000000002,1004.9,966.6791666666667,0.037916666666666675,96.70833333333333,98.08333333333333,33.833333333333336,0.0,0.0,0.0,0.0,0.0,7.479166666666667,8.570833333333333,173.33333333333334,172.83333333333334,14.625,0.0,0.03791666666666667,-10.1,-9.8,-8.7,-5.8374999999999995,0.264,0.205,0.237,0.252
2022-11-18,q,-17.900000000000002,59.291666666666664,-24.0125,-21.479166666666668,1003.65,965.2208333333333,0.0,78.25,62.916666666666664,48.958333333333336,3.9166666666666665,0.0,0.0,0.0,0.0,5.375,4.983333333333333,86.29166666666667,76.16666666666667,9.012500000000001,0.0008333333333333334,0.06125,-10.358333333333333,-9.9125,-8.7,-5.925000000000001,0.264,0.205,0.237,0.252
2022-11-19,q,-17.495652173913044,56.43478260869565,-24.165217391304346,-21.43913043478261,1003.2086956521739,964.8086956521738,0.0,54.47826086956522,53.82608695652174,4.826086956521739,10.043478260869565,0.0,0.0,0.0,0.0,6.004347826086956,5.491304347826087,95.26086956521739,89.73913043478261,10.939130434782609,0.002608695652173913,0.0691304347826087,-10.673913043478262,-10.178260869565218,-8.8,-6.01304347826087,0.264,0.205,0.237,0.252
2022-11-20,q,-15.229166666666666,55.666666666666664,-22.15416666666667,-19.345833333333335,1001.7666666666668,963.725,0.0,67.41666666666667,73.29166666666667,1.125,1.9583333333333333,0.0,0.0,0.0,0.0,6.570833333333333,7.766666666666667,75.45833333333333,39.458333333333336,10.616666666666667,0.0,0.08333333333333333,-10.966666666666667,-10.433333333333334,-8.879166666666668,-6.099999999999999,0.264,0.205,0.237,0.252
2022-11-21,q,-18.091666666666665,79.0,-20.945833333333333,-22.0,1009.8291666666668,971.1541666666667,0.0,80.08333333333333,74.625,29.083333333333332,8.0,0.0,0.0,0.0,0.0,8.954166666666667,11.237499999999999,184.83333333333334,195.25,15.674999999999999,0.0,0.0325,-10.991666666666667,-10.5,-8.991666666666667,-6.2,0.264,0.205,0.237,0.252
2022-11-22,q,-15.095833333333333,73.125,-18.941666666666666,-20.016666666666666,1006.3708333333334,968.0083333333333,0.0,100.0,72.04166666666667,92.41666666666667,57.25,0.0,0.0,0.0,0.0,4.2875000000000005,4.404166666666667,171.45833333333334,183.33333333333334,12.7875,0.0,0.05458333333333334,-10.858333333333334,-10.483333333333333,-9.1,-6.291666666666667,0.264,0.205,0.237,0.252
2022-11-23,q,-7.9375,54.083333333333336,-15.645833333333334,-12.700000000000001,1005.5625,968.3041666666667,0.02041666666666667,91.66666666666667,25.125,91.83333333333333,75.0,0.0,0.0,0.0,0.0,8.549999999999999,11.862499999999999,63.083333333333336,33.708333333333336,13.266666666666666,0.005416666666666667,0.15583333333333335,-10.512500000000001,-10.2875,-9.120833333333332,-6.379166666666666,0.264,0.205,0.237,0.252
2022-11-24,q,-8.954166666666667,70.29166666666667,-13.470833333333333,-11.441666666666668,1010.6083333333332,973.1958333333333,0.11666666666666668,100.0,93.25,76.625,17.666666666666668,0.0,0.0,0.0,0.0,2.3125,2.7416666666666667,108.83333333333333,208.70833333333334,9.683333333333334,0.0004166666666666667,0.09666666666666668,-10.141666666666667,-9.991666666666667,-9.1,-6.466666666666666,0.264,0.205,0.237,0.252
2022-11-25,q,-13.316666666666668,70.75,-17.495833333333334,-15.862499999999999,1010.6833333333334,972.7333333333332,0.02916666666666667,92.45833333333333,83.25,54.0,8.125,0.0,0.0,0.0,0.0,4.6625000000000005,3.920833333333333,109.08333333333333,89.20833333333333,9.9625,0.0,0.065,-10.0625,-9.8375,-9.1,-6.55,0.264,0.205,0.237,0.252
2022-11-26,q,-14.025,64.08333333333333,-19.391666666666666,-16.370833333333334,1002.8666666666667,965.1208333333334,0.05250000000000001,99.375,82.20833333333333,95.33333333333333,18.083333333333332,0.0,0.0,0.0,0.0,3.7375000000000003,3.8541666666666665,93.08333333333333,161.0,7.966666666666666,0.0,0.07583333333333334,-10.2,-9.925,-9.1,-6.625,0.264,0.205,0.237,0.252
2022-11-27,q,-18.8125,67.91666666666667,-23.270833333333332,-20.841666666666665,1006.8249999999999,968.3833333333333,0.023333333333333334,83.0,85.33333333333333,24.083333333333332,0.0,0.0,0.0,0.0,0.0,6.716666666666666,8.75,51.375,66.08333333333333,9.8125,0.0,0.04666666666666667,-10.3125,-10.016666666666667,-9.1,-6.7,0.264,0.205,0.237,0.252
2022-11-28,q,-17.533333333333335,62.875,-22.941666666666666,-20.754166666666666,1009.1458333333334,970.6125000000001,0.037916666666666675,96.08333333333333,89.0,79.70833333333333,3.9583333333333335,0.0,0.0,0.0,0.0,5.995833333333334,5.770833333333333,98.75,70.0,10.0375,0.0,0.056666666666666664,-10.591666666666667,-10.208333333333334,-9.1,-6.791666666666667,0.264,0.205,0.237,0.252
2022-11-29,q,-17.520833333333332,68.91666666666667,-21.849999999999998,-22.145833333333332,1005.7916666666666,967.1875,0.02916666666666667,80.75,79.33333333333333,32.166666666666664,0.0,0.0,0.0,0.0,0.0,5.075,3.6750000000000003,147.375,147.33333333333334,12.970833333333333,0.0,0.04875000000000001,-10.6375,-10.3,-9.154166666666667,-6.858333333333333,0.264,0.205,0.237,0.252
2022-11-30,q,-19.175,77.45833333333333,-22.1375,-23.820833333333336,1007.4166666666666,968.5333333333333,0.0,63.791666666666664,68.04166666666667,4.125,0.0,0.0,0.0,0.0,0.0,6.8,6.520833333333333,165.58333333333334,170.875,13.970833333333333,0.0,0.03125,-10.825000000000001,-10.4125,-9.208333333333334,-6.920833333333333,0.264,0.205,0.237,0.252
2022-12-01,q,-22.03333333333333,78.70833333333333,-24.741666666666664,-25.8,1015.2083333333334,975.7624999999999,0.0,81.25,84.91666666666667,7.833333333333333,0.08333333333333333,0.0,0.0,0.0,0.0,8.108333333333333,9.054166666666667,169.41666666666666,178.66666666666666,14.674999999999999,0.0,0.02291666666666667,-11.045833333333334,-10.6,-9.304166666666667,-7.0,0.264,0.205,0.237,0.252
2022-12-02,q,-24.204166666666666,55.541666666666664,-30.7375,-28.03333333333333,1031.2458333333334,990.7791666666667,0.0,72.5,72.25,6.541666666666667,11.166666666666666,0.0,0.0,0.0,0.0,5.6125,5.608333333333333,102.625,91.41666666666667,9.1875,0.0,0.03875,-11.295833333333334,-10.791666666666666,-9.4125,-7.0874999999999995,0.264,0.205,0.237,0.252
2022-12-03,q,-10.541666666666666,49.5,-19.379166666666666,-17.733333333333334,990.5625,953.4,0.08166666666666668,89.0,41.291666666666664,80.79166666666667,72.75,0.0,0.0,0.0,0.0,19.425,29.587500000000002,169.54166666666666,168.79166666666666,32.8625,0.015416666666666667,0.14125000000000001,-11.424999999999999,-11.012500000000001,-9.541666666666666,-7.154166666666666,0.264,0.205,0.237,0.252
2022-12-04,q,-13.829166666666666,55.125,-20.983333333333334,-18.150000000000002,1013.4666666666667,975.2375000000001,0.0175,63.041666666666664,44.041666666666664,48.291666666666664,24.958333333333332,0.0,0.0,0.0,0.0,10.841666666666667,15.366666666666667,253.875,264.0416666666667,19.570833333333333,0.010416666666666666,0.09625,-10.866666666666667,-10.6875,-9.6,-7.2250000000000005,0.264,0.205,0.237,0.252
2022-12-05,q,-13.504166666666668,51.958333333333336,-21.325,-18.391666666666666,1033.3958333333333,994.4666666666667,0.002916666666666667,65.91666666666667,8.5,64.54166666666667,65.45833333333333,0.0,0.0,0.0,0.0,15.0375,20.091666666666665,54.208333333333336,38.125,22.454166666666666,0.012083333333333333,0.10458333333333332,-10.870833333333335,-10.591666666666667,-9.6,-7.3,0.264,0.205,0.237,0.252
2022-12-06,q,-4.541666666666667,68.83333333333333,-9.383333333333333,-8.383333333333333,1034.0666666666666,996.5791666666668,0.04666666666666667,94.33333333333333,44.0,73.625,82.875,0.0,0.0,0.0,0.0,22.870833333333334,32.475,41.041666666666664,24.166666666666668,33.329166666666666,0.025416666666666667,0.13583333333333333,-10.566666666666666,-10.458333333333334,-9.6,-7.391666666666667,0.264,0.205,0.237,0.252
2022-12-07,q,-4.429166666666666,62.833333333333336,-10.5,-8.333333333333334,1029.6708333333333,992.2791666666667,0.023333333333333334,71.875,16.125,76.66666666666667,53.75,0.0,0.0,0.0,0.0,18.720833333333335,27.383333333333336,120.70833333333333,162.75,28.525000000000002,0.0275,0.16541666666666668,-10.1625,-10.125,-9.6,-7.458333333333333,0.264,0.205,0.237,0.252
2022-12-08,q,-9.475,61.875,-15.612499999999999,-13.5375,1033.4041666666667,995.125,0.06708333333333334,67.08333333333333,30.5,59.166666666666664,47.0,0.0,0.0,0.0,0.0,14.475,19.433333333333334,178.66666666666666,167.83333333333334,24.7375,0.013333333333333334,0.11791666666666667,-10.041666666666666,-9.920833333333333,-9.520833333333334,-7.504166666666666,0.264,0.205,0.237,0.252
2022-12-09,q,-6.158333333333332,59.333333333333336,-12.866666666666667,-10.295833333333333,1021.2624999999999,983.8249999999999,0.04666666666666667,80.25,28.333333333333332,82.375,82.29166666666667,0.0,0.0,0.0,0.0,13.091666666666667,20.820833333333333,199.45833333333334,207.20833333333334,22.479166666666668,0.015,0.15583333333333335,-10.058333333333334,-9.950000000000001,-9.479166666666666,-7.599999999999999,0.264,0.205,0.237,0.252
2022-12-10,q,-10.145833333333334,79.70833333333333,-13.008333333333333,-13.220833333333333,1026.25,988.1583333333333,0.15458333333333332,97.91666666666667,77.20833333333333,97.91666666666667,60.916666666666664,0.0,0.0,0.0,0.0,9.083333333333334,10.237499999999999,167.16666666666666,167.54166666666666,17.529166666666665,0.0033333333333333335,0.05958333333333333,-9.975,-9.879166666666668,-9.4,-7.633333333333333,0.264,0.205,0.237,0.252
2022-12-11,q,-16.483333333333334,70.54166666666667,-20.683333333333334,-19.333333333333332,1040.325,1000.8375,0.03791666666666667,84.375,84.04166666666667,26.375,0.0,0.0,0.0,0.0,0.0,7.245833333333334,8.725,201.33333333333334,199.83333333333334,12.0,0.00375,0.050416666666666665,-9.9625,-9.812500000000002,-9.4,-7.7,0.264,0.205,0.237,0.252
2022-12-12,q,-20.2375,52.375,-27.7375,-24.445833333333336,1047.4583333333333,1007.0166666666668,0.0,45.0,29.875,16.208333333333332,27.666666666666668,0.0,0.0,0.0,0.0,10.512500000000001,13.5,45.125,31.75,15.466666666666667,0.005833333333333334,0.058750000000000004,-10.345833333333333,-10.025,-9.35,-7.75,0.264,0.205,0.237,0.252
2022-12-13,q,-15.5875,47.5,-24.316666666666666,-20.054166666666667,1031.7208333333333,992.4708333333333,0.0,94.33333333333333,20.583333333333332,99.5,94.5,0.0,0.0,0.0,0.0,6.616666666666667,7.816666666666666,60.625,38.833333333333336,11.054166666666667,0.0016666666666666668,0.09541666666666666,-10.633333333333333,-10.304166666666667,-9.4,-7.8,0.264,0.205,0.237,0.252
2022-12-14,q,-14.745833333333332,58.791666666666664,-21.045833333333334,-18.625,1032.2708333333333,993.2291666666666,0.02041666666666667,95.875,69.0,93.875,6.0,0.0,0.0,0.0,0.0,8.9375,11.333333333333334,38.333333333333336,18.291666666666668,12.070833333333333,0.0025,0.08125,-10.6,-10.370833333333334,-9.483333333333333,-7.858333333333333,0.264,0.205,0.237,0.252
2022-12-15,q,-11.708333333333334,59.75,-17.983333333333334,-15.4625,1019.1833333333334,981.3375,0.00875,98.45833333333333,31.833333333333332,99.66666666666667,81.91666666666667,0.0,0.0,0.0,0.0,21.75,29.525000000000002,40.208333333333336,24.0,31.962500000000002,0.020833333333333332,0.10125,-10.487499999999999,-10.291666666666666,-9.5,-7.900000000000001,0.264,0.205,0.237,0.252
2022-12-16,q,-11.154166666666667,63.041666666666664,-16.820833333333333,-14.058333333333332,1011.125,973.6999999999999,0.0,80.0,18.875,95.66666666666667,19.75,0.0,0.0,0.0,0.0,18.875,28.1125,31.208333333333332,91.08333333333333,27.945833333333336,0.020416666666666666,0.09708333333333334,-10.266666666666667,-10.145833333333334,-9.5,-7.9624999999999995,0.264,0.205,0.237,0.252
2022-12-17,q,-17.504166666666666,55.041666666666664,-24.40416666666667,-19.491666666666667,1031.3083333333334,992.3958333333334,0.0,42.5,8.708333333333334,52.875,9.541666666666666,0.0,0.0,0.0,0.0,18.595833333333335,25.583333333333332,51.041666666666664,79.04166666666667,27.745833333333334,0.016666666666666666,0.07,-10.358333333333334,-10.1375,-9.5,-8.0,0.264,0.205,0.237,0.252
2022-12-18,q,-13.095833333333333,54.875,-20.366666666666667,-16.125,1029.0958333333333,990.7291666666666,0.04666666666666667,95.16666666666667,11.416666666666666,99.45833333333333,94.29166666666667,0.0,0.0,0.0,0.0,19.05,26.025000000000002,46.416666666666664,53.083333333333336,28.71666666666667,0.02,0.09916666666666667,-10.487499999999999,-10.275,-9.575,-8.058333333333334,0.264,0.205,0.237,0.252
2022-12-19,q,-7.391666666666667,62.25,-13.387500000000001,-10.854166666666666,1024.2625,986.7624999999999,0.05833333333333334,100.0,51.541666666666664,96.91666666666667,95.29166666666667,0.0,0.0,0.0,0.0,18.5125,24.55,71.08333333333333,91.875,27.21666666666667,0.02125,0.13375,-10.308333333333334,-10.183333333333332,-9.6,-8.1,0.264,0.205,0.237,0.252
2022-12-20,q,-14.2125,75.58333333333333,-17.599999999999998,-17.979166666666668,1033.7833333333333,994.7624999999999,0.043750000000000004,73.91666666666667,77.29166666666667,17.333333333333332,3.5416666666666665,0.0,0.0,0.0,0.0,9.216666666666667,10.383333333333333,272.0416666666667,244.625,14.933333333333332,0.00125,0.05416666666666667,-10.1375,-10.025,-9.6,-8.154166666666667,0.264,0.205,0.237,0.252
2022-12-21,q,-20.2375,76.95833333333333,-23.258333333333336,-24.020833333333332,1034.9,994.9708333333333,0.0,79.45833333333333,79.25,14.708333333333334,0.0,0.0,0.0,0.0,0.0,9.154166666666667,9.391666666666667,292.9583333333333,293.3333333333333,16.429166666666667,0.0,0.02916666666666667,-10.4625,-10.183333333333334,-9.6,-8.2,0.264,0.205,0.237,0.252
2022-12-22,q,-22.304347826086957,66.08695652173913,-27.017391304347825,-26.426086956521736,1040.3739130434783,999.8173913043478,0.0,73.69565217391305,81.6086956521739,0.21739130434782608,0.0,0.0,0.0,0.0,0.0,6.039130434782609,5.591304347826087,261.7826086956522,133.2173913043478,8.9,0.0,0.034782608695652174,-10.839130434782609,-10.469565217391304,-9.608695652173912,-8.226086956521739,0.264,0.205,0.237,0.252
